1.7013042762724882e-02 1.0330435449746832e-01 1.4354717804109296e-01 6.7590694791305992e+01 1.6357174661248780e+03
4.0797831536146953e-02 1.1483486267824031e-01 1.7591602420978358e-01 6.7975986186422475e+01 1.4798638802069784e+03
5.7645623731706369e-02 1.2750957866684326e-01 2.3564388822106699e-01 6.6268071927962794e+01 1.2992763488990086e+03
7.5776988678500440e-02 1.3800699976016234e-01 2.9131225636543739e-01 6.6928836220980230e+01 1.2124174197195357e+03
9.1979977233769661e-02 1.4239912536716332e-01 3.4476856064705658e-01 6.7392553014549847e+01 1.1831630433260077e+03
1.0790857341865334e-01 1.4555842768457763e-01 3.9556147910496242e-01 6.8388594225441878e+01 1.1745900823695122e+03
1.2323827964484656e-01 1.4807466121810639e-01 4.4459601880517802e-01 6.9503933755108875e+01 1.1734609619118621e+03
1.3800559977889279e-01 1.5066741858795121e-01 4.9090892283309556e-01 7.0917868171669838e+01 1.1767286656317133e+03
1.5212581665278030e-01 1.5327170206238447e-01 5.3473793346948795e-01 7.2519545166302834e+01 1.1828593306934445e+03
1.6558302063014863e-01 1.5608970536222841e-01 5.7577685800240963e-01 7.4362298136653607e+01 1.1910186191345115e+03
1.7834864353425894e-01 1.5914825781187728e-01 6.1412732121495439e-01 7.6406525167682190e+01 1.2002413067254445e+03
1.9041410383129681e-01 1.6250992705895831e-01 6.4976320985912273e-01 7.8680951070743674e+01 1.2104022273389855e+03
2.0176805933191311e-01 1.6621866682169320e-01 6.8288429392431138e-01 8.1210782686420757e+01 1.2214449832752171e+03
2.1240052343046659e-01 1.7038013442362351e-01 7.1365145693894161e-01 8.4077139645375013e+01 1.2336699335547301e+03
2.2231699899940005e-01 1.7462217604331992e-01 7.4150485776469632e-01 8.7020943056679570e+01 1.2458461036914866e+03
2.3162240322519778e-01 1.7711483304830153e-01 7.6409625475901166e-01 8.8727380867254752e+01 1.2523990698601970e+03
2.4053979871149420e-01 1.7656238816204342e-01 7.8079451711769343e-01 8.8298768994734132e+01 1.2502488484933767e+03
2.4929060152430121e-01 1.7364464867730992e-01 7.9359912771320695e-01 8.6246498775415176e+01 1.2417097133769173e+03
2.5802053610803022e-01 1.6922872708633316e-01 8.0414328915384048e-01 8.3193431101256635e+01 1.2290086992561105e+03
2.6681681779432143e-01 1.6393600324603311e-01 8.1341569949424408e-01 7.9580424161759225e+01 1.2135897939747551e+03
2.7573115141922078e-01 1.5816432922048226e-01 8.2200501946697724e-01 7.5692396434883818e+01 1.1964201537719682e+03
2.8479368100598457e-01 1.5215058340986864e-01 8.3025213724640501e-01 7.1700761882996815e+01 1.1781217047628199e+03
2.9402457241747648e-01 1.4602395591772188e-01 8.3834500687907443e-01 6.7699021861528351e+01 1.1590396492831937e+03
3.0343751242137629e-01 1.3983782348627657e-01 8.4636746568716847e-01 6.3726766029077140e+01 1.1392977314776924e+03
3.1304477144263287e-01 1.3360637898335914e-01 8.5435286742273087e-01 5.9796784082787866e+01 1.1188983740483613e+03
3.2285907100226086e-01 1.2735774567140684e-01 8.6234729817323885e-01 5.5930128537165118e+01 1.0978941296878270e+03
3.3289456711281989e-01 1.2103823469507875e-01 8.7030678445242371e-01 5.2097642174697533e+01 1.0760575430140457e+03
3.4316624929317907e-01 1.1470242734405632e-01 8.7830991210714560e-01 4.8337590268935465e+01 1.0535433161310566e+03
3.5369271000245206e-01 1.0827176783651067e-01 8.8629305248514167e-01 4.4610442342340797e+01 1.0300571246260185e+03
3.6449371575513179e-01 1.0179308091687729e-01 8.9433270236532314e-01 4.0954713177233032e+01 1.0058324398953021e+03
3.7559523218792812e-01 9.5175817804338134e-02 9.0235325103568631e-01 3.7331170390301729e+01 9.8058443971153815e+02
3.8702325363524792e-01 8.8555413246043588e-02 9.1041371990797204e-01 3.3786801420785594e+01 9.5383218773176191e+02
3.9880734603267770e-01 8.2055306283140339e-02 9.1837973442184584e-01 3.0295914102402385e+01 9.2303336233561788e+02
4.1097764040978602e-01 7.6124436849152877e-02 9.2621720083983516e-01 2.6940734192184255e+01 8.8475972063903885e+02
4.2355628595839401e-01 7.1594232282414821e-02 9.3369618902315987e-01 2.3796686522510644e+01 8.3095683003628142e+02
4.3654095263208648e-01 7.0378473674062816e-02 9.4046921858041965e-01 2.0988540068420068e+01 7.4555964958910295e+02
4.4988972417358453e-01 7.6426481618480591e-02 9.4612176294339856e-01 1.8654214508388989e+01 6.1020127164529322e+02
4.6347548321395360e-01 9.7347166305366162e-02 9.5031912368888694e-01 1.6883156979121114e+01 4.3358111026469732e+02
4.7711237780839266e-01 1.4657291001569267e-01 9.5296181724138895e-01 1.5657758798307803e+01 2.6706433672892598e+02
4.9130620985079387e-01 2.5020551315151940e-01 9.5427495907385829e-01 1.4817520319927628e+01 1.4805349543751302e+02
5.0365510897466192e-01 4.1435286491525197e-01 9.5437185210220776e-01 1.4340848009407649e+01 8.6525575322984679e+01
5.1015657456597063e-01 7.5822836192235277e-01 9.2651604557763678e-01 2.3167305912411056e+01 7.6386307463079092e+01
5.1193402218806994e-01 3.1820677179174348e+00 5.5648169522906810e-01 1.8758358797727840e+02 1.4737554681900838e+02
5.1219922897278902e-01 5.1175919610956608e+00 3.7432633031693396e-01 3.0732519566668935e+02 1.5013174067168694e+02
5.1223589721766327e-01 5.4609692448816238e+00 3.8666859982453472e-01 2.9757219460785649e+02 1.3622682222883813e+02
5.1226118490412886e-01 6.2281971858070007e+00 3.8647254801956765e-01 2.9795845447740760e+02 1.1960060254530964e+02
5.1228398849407242e-01 7.3724301730943687e+00 3.8687096557523348e-01 2.9826076900161348e+02 1.0114058797400146e+02
5.1230449316337556e-01 8.9206494070694369e+00 3.8754664793412547e-01 2.9881647939084826e+02 8.3742916506180094e+01
5.1232405579090967e-01 1.0999847432682088e+01 3.8863798283030504e-01 2.9968614880673931e+02 6.8111433054137152e+01
5.1234326809218900e-01 1.3722186375647961e+01 3.9005807234201056e-01 3.0082307554335125e+02 5.4805966649237128e+01
5.1236273895586804e-01 1.7220043785048663e+01 3.9100949287268089e-01 3.0159644788695772e+02 4.3785667976759079e+01
5.1238237884075699e-01 2.1518497073143156e+01 3.9134542503978925e-01 3.0188416751620792e+02 3.5072636170881111e+01
5.1240228273003185e-01 2.6706484016348966e+01 3.9134831935006953e-01 3.0190810627150245e+02 2.8261686009161931e+01
5.1242248264968171e-01 3.2812279713140313e+01 3.9121709118578513e-01 3.0182528658176727e+02 2.2996366697198393e+01
5.1244291399396724e-01 3.9684565693073793e+01 3.9087621159083041e-01 3.0157453506280274e+02 1.8998225745698225e+01
5.1246362240341448e-01 4.6900352934792309e+01 3.9060263599071487e-01 3.0137947781030556e+02 1.6064883255213836e+01
5.1248454225128581e-01 5.3858183085214087e+01 3.9059567591790134e-01 3.0139832870413994e+02 1.3990368382241444e+01
5.1250567396514057e-01 6.0182496869704877e+01 3.9073394960695124e-01 3.0153603249952079e+02 1.2525902387879754e+01
5.1252697159381899e-01 6.5787236167288597e+01 3.9118607226683066e-01 3.0192978851024213e+02 1.1473722187631999e+01
5.1254842107954213e-01 7.0747555082394214e+01 3.9210591912877207e-01 3.0270835928029629e+02 1.0696778105185237e+01
5.1256997431270934e-01 7.5139989475149420e+01 3.9353195272120539e-01 3.0390945540583436e+02 1.0111441907585856e+01
5.1259161227956229e-01 7.8990949773033549e+01 3.9505803967290520e-01 3.0520346822915207e+02 9.6594441865207354e+00
5.1261333198413195e-01 8.2296359998456452e+01 3.9626968314143030e-01 3.0624478185027829e+02 9.3031083591067176e+00
5.1263512474008865e-01 8.5126973008200537e+01 3.9725705724212512e-01 3.0710472654249764e+02 9.0190193451643523e+00
5.1265698244273339e-01 8.7549549758018415e+01 3.9812813391205998e-01 3.0787145527882080e+02 8.7913489027002054e+00
5.1267890824308093e-01 8.9628159633808451e+01 3.9893784580263758e-01 3.0859008264250917e+02 8.6075091774534940e+00
5.1270088132495018e-01 9.1409628711981512e+01 3.9971018458470586e-01 3.0928018849128460e+02 8.4586326640102030e+00
5.1272289142443594e-01 9.2939413878995026e+01 4.0045907428988564e-01 3.0995317980537726e+02 8.3375063083819647e+00
5.1274493763777373e-01 9.4253753784179281e+01 4.0119755030792575e-01 3.1061987824900564e+02 8.2389259254400109e+00
5.1276701216561427e-01 9.5387334305558596e+01 4.0194115793335405e-01 3.1129343913859742e+02 8.1586680612495428e+00
5.1278909733878320e-01 9.6367869144855689e+01 4.0270803997813026e-01 3.1198938806802136e+02 8.0937087962133294e+00
5.1281119245493390e-01 9.7223405847173822e+01 4.0351857808102759e-01 3.1272545161220057e+02 8.0414137132722967e+00
5.1283329014074142e-01 9.7977192767327736e+01 4.0439458296239572e-01 3.1352081538721080e+02 7.9998417624535172e+00
5.1285538346858095e-01 9.8651831678114064e+01 4.0535655196022469e-01 3.1439386488273072e+02 7.9672586797108389e+00
5.1287745370438076e-01 9.9265833953188960e+01 4.0642323411803821e-01 3.1536175480600446e+02 7.9423539360662714e+00
5.1289950442228527e-01 9.9836294278508049e+01 4.0760764424565737e-01 3.1643706492500854e+02 7.9238984983321998e+00
5.1292152490894616e-01 1.0037569435048175e+02 4.0891605058367053e-01 3.1762671372472681e+02 7.9109468626854493e+00
5.1294350426603685e-01 1.0089315862767238e+02 4.1034314762645491e-01 3.1892768045266212e+02 7.9026091756529810e+00
5.1296542952453761e-01 1.0139370622097388e+02 4.1187589104076971e-01 3.2033005029093181e+02 7.8981739160618076e+00
5.1298730714934360e-01 1.0187973069461455e+02 4.1349229804826831e-01 3.2181585996960609e+02 7.8969550119408014e+00
5.1300912429051415e-01 1.0234992150580335e+02 4.1516197804731947e-01 3.2335907503884437e+02 7.8983713490319980e+00
5.1303087825724325e-01 1.0280059479177130e+02 4.1684518557440298e-01 3.2492459631725308e+02 7.9018170316866163e+00
5.1305256446543090e-01 1.0322576713430405e+02 4.1849667719328054e-01 3.2647129433141555e+02 7.9067296711550057e+00
5.1307419630480700e-01 1.0362034365457978e+02 4.2007617358957666e-01 3.2796164756911355e+02 7.9125786501533781e+00
5.1309577052866151e-01 1.0398091628711352e+02 4.2155529440495715e-01 3.2936817888226778e+02 7.9189574068767570e+00
5.1311729029275122e-01 1.0430785650855415e+02 4.2292384665068722e-01 3.3067987019415909e+02 7.9255743829574463e+00
5.1313876025541361e-01 1.0460346549485608e+02 4.2418308371554964e-01 3.3189627323315312e+02 7.9322485078057552e+00
5.1316019615845299e-01 1.0487164455313879e+02 4.2534196029458876e-01 3.3302437523600287e+02 7.9388565101422257e+00
5.1318159440859834e-01 1.0511563806386333e+02 4.2640828056551927e-01 3.3407026587056765e+02 7.9453036680327784e+00
5.1320295914168934e-01 1.0533860011113971e+02 4.2738996307914401e-01 3.3504039092059730e+02 7.9515104284447000e+00
5.1322429581954743e-01 1.0554274774279411e+02 4.2829223474419914e-01 3.3593879777879260e+02 7.9574107402781920e+00
5.1324561552970804e-01 1.0573011341530992e+02 4.2912034272550220e-01 3.3676970795761491e+02 7.9629562732704420e+00
5.1326691540250269e-01 1.0590178165382159e+02 4.2987787890248264e-01 3.3753583484394750e+02 7.9681340005049668e+00
5.1328819636983258e-01 1.0605878565024381e+02 4.3056952114286740e-01 3.3824105283548136e+02 7.9729616637069203e+00
5.1330946252120624e-01 1.0620130717921639e+02 4.3119925730032044e-01 3.3888867312233964e+02 7.9775071071032038e+00
5.1333072142943781e-01 1.0632939777403459e+02 4.3177164001716056e-01 3.3948265271517471e+02 7.9818624910446854e+00
5.1335196528115001e-01 1.0644270924970395e+02 4.3229003374955000e-01 3.4002583409970418e+02 7.9861231571539024e+00
5.1337319143844684e-01 1.0654119475633846e+02 4.3275875947813797e-01 3.4052205056780264e+02 7.9903846429210432e+00
5.1339440254240376e-01 1.0662482715949915e+02 4.3318196654353064e-01 3.4097502609704935e+02 7.9947380732206925e+00
5.1341559718073460e-01 1.0669403342287150e+02 4.3356427769646733e-01 3.4138899474078659e+02 7.9992522493672240e+00
5.1343676891953327e-01 1.0674929713732831e+02 4.3390939317771388e-01 3.4176733859098823e+02 8.0039716362562920e+00
5.1345790775599376e-01 1.0679145680224448e+02 4.3422075916985520e-01 3.4211323661258240e+02 8.0089092998821254e+00
5.1347901915233640e-01 1.0682115999709198e+02 4.3450103568943016e-01 3.4242916281788462e+02 8.0140761162677592e+00
5.1350009973511668e-01 1.0683891781756692e+02 4.3475281270628818e-01 3.4271752268421801e+02 8.0194916254539930e+00
5.1352114966987628e-01 1.0684468815637760e+02 4.3497832238959799e-01 3.4298038776970674e+02 8.0252091537700423e+00
5.1354216611617864e-01 1.0683823683025857e+02 4.3517997808924003e-01 3.4322001875297377e+02 8.0313010803957674e+00
5.1356317177181543e-01 1.0681896363946187e+02 4.3535967002609016e-01 3.4343824071935546e+02 8.0378574416462509e+00
5.1358417165696568e-01 1.0678654288266404e+02 4.3551876971293496e-01 3.4363636388119295e+02 8.0449360613438241e+00
5.1360518140198053e-01 1.0674106878548795e+02 4.3565805402870711e-01 3.4381515158377982e+02 8.0525508011056068e+00
5.1362620223126498e-01 1.0668413465438852e+02 4.3577868689377769e-01 3.4397571759614732e+02 8.0606108563021888e+00
5.1364725374935150e-01 1.0661881434193495e+02 4.3588238719873218e-01 3.4411974640286866e+02 8.0689264021275253e+00
5.1366833541367340e-01 1.0654940478378694e+02 4.3597167558640332e-01 3.4424966680120741e+02 8.0772311093564682e+00
5.1368944476942713e-01 1.0647968213313924e+02 4.3604901161180643e-01 3.4436785719170638e+02 8.0852950133979196e+00
5.1371057777225049e-01 1.0641191466092054e+02 4.3611640428808934e-01 3.4447627943341496e+02 8.0929912907563466e+00
5.1373173969969299e-01 1.0634678408495127e+02 4.3617434147228662e-01 3.4457544256538904e+02 8.1002788549331584e+00
5.1375292520876126e-01 1.0628394753817832e+02 4.3622204330112346e-01 3.4466459204608230e+02 8.1071648172052324e+00
5.1377412587751403e-01 1.0622265128632421e+02 4.3625795314283594e-01 3.4474218285716177e+02 8.1136692287953220e+00
5.1379533753997064e-01 1.0616219981438783e+02 4.3628151473309018e-01 3.4480763641900592e+02 8.1198307170975585e+00
5.1381656340897064e-01 1.0610214775263934e+02 4.3629313325243130e-01 3.4486132658145715e+02 8.1256914653944570e+00
5.1383780187035244e-01 1.0604234051637003e+02 4.3629442385138995e-01 3.4490482924123984e+02 8.1312999025138470e+00
5.1385904561756790e-01 1.0598280029011863e+02 4.3628728597913574e-01 3.4494002324500673e+02 8.1366981788734520e+00
5.1388029350906972e-01 1.0592361985807129e+02 4.3627389302763642e-01 3.4496909069810118e+02 8.1419302691961128e+00
5.1390155341106269e-01 1.0586488354924435e+02 4.3625615367133480e-01 3.4499396024831981e+02 8.1470348967946897e+00
5.1392282345125651e-01 1.0580667855006617e+02 4.3623578706980526e-01 3.4501631738440295e+02 8.1520448924485045e+00
5.1394410093430776e-01 1.0574906182660789e+02 4.3621412581022601e-01 3.4503743346026425e+02 8.1569856862183592e+00
5.1396538384441803e-01 1.0569194829289913e+02 4.3619172902895154e-01 3.4505782111563394e+02 8.1618757788292324e+00
5.1398668045755636e-01 1.0563497722779037e+02 4.3616773949825038e-01 3.4507665672692411e+02 8.1667234135622468e+00
5.1400799043230305e-01 1.0557780987946762e+02 4.3614114437688029e-01 3.4509298893071656e+02 8.1715321932868825e+00
5.1402930931539959e-01 1.0552011217947951e+02 4.3611073480924228e-01 3.4510567785197873e+02 8.1763009611141104e+00
5.1405063564999587e-01 1.0546157834403162e+02 4.3607541222966839e-01 3.4511366410654506e+02 8.1810283310176750e+00
5.1407197818447292e-01 1.0540191829609358e+02 4.3603421034491202e-01 3.4511598666403188e+02 8.1857140800449439e+00
5.1409333503493859e-01 1.0534102776241276e+02 4.3598688091565457e-01 3.4511233972482648e+02 8.1903591377330311e+00
5.1411470330702280e-01 1.0527901615490596e+02 4.3593407803879819e-01 3.4510332710758848e+02 8.1949694182126649e+00
5.1413608036737635e-01 1.0521628124246216e+02 4.3587772053430551e-01 3.4509085532409188e+02 8.1995593089072116e+00
5.1415747382484178e-01 1.0515323049416462e+02 4.3581981947413445e-01 3.4507698587664424e+02 8.2041460888782218e+00
5.1417888345206986e-01 1.0509007264232551e+02 4.3576136918217645e-01 3.4506275149536714e+02 8.2087380572518409e+00
5.1420030409735329e-01 1.0502680417492346e+02 4.3570234523111911e-01 3.4504811225029863e+02 8.2133345616138325e+00
5.1422173384313208e-01 1.0496334192641278e+02 4.3564239770873325e-01 3.4503265127874511e+02 8.2179322072423879e+00
5.1424318105846933e-01 1.0489960310332120e+02 4.3558121586354626e-01 3.4501600781632817e+02 8.2225289135866326e+00
5.1426464414218254e-01 1.0483560960588964e+02 4.3551871667724207e-01 3.4499808751840442e+02 8.2271207468378798e+00
5.1428611974999505e-01 1.0477145236375419e+02 4.3545494480414970e-01 3.4497899544895927e+02 8.2317030943513299e+00
5.1430760497427852e-01 1.0470725469949907e+02 4.3539001645657899e-01 3.4495892986546642e+02 8.2362709932437177e+00
5.1432910740140425e-01 1.0464310425165961e+02 4.3532399631337004e-01 3.4493800336363404e+02 8.2408202105243724e+00
5.1435062684797250e-01 1.0457908845241057e+02 4.3525697832891430e-01 3.4491624468716151e+02 8.2453444993479277e+00
5.1437215779707945e-01 1.0451529575884268e+02 4.3518905818035186e-01 3.4489362751578415e+02 8.2498361845424899e+00
5.1439369844742600e-01 1.0445179632246877e+02 4.3512032749434998e-01 3.4487018162498737e+02 8.2542903465318851e+00
5.1441525715388137e-01 1.0438863832525102e+02 4.3505081440499255e-01 3.4484600720715974e+02 8.2587054668894826e+00
5.1443683193810275e-01 1.0432588655500008e+02 4.3498056886585085e-01 3.4482127958120691e+02 8.2630805011040795e+00
5.1445841892250599e-01 1.0426358861933018e+02 4.3490962670097172e-01 3.4479612631785750e+02 8.2674146095412002e+00
5.1448001557187917e-01 1.0420173649160306e+02 4.3483803730623083e-01 3.4477056630427529e+02 8.2717087524750177e+00
5.1450162936646182e-01 1.0414026096858223e+02 4.3476581385864010e-01 3.4474449745550208e+02 8.2759658524263529e+00
5.1452325957051348e-01 1.0407909467330025e+02 4.3469298313261567e-01 3.4471782879702891e+02 8.2801889726050000e+00
5.1454490022247201e-01 1.0401820216169359e+02 4.3461953657068614e-01 3.4469056434360687e+02 8.2843809347856823e+00
5.1456655046609645e-01 1.0395755245952979e+02 4.3454542895997222e-01 3.4466283116457629e+02 8.2885471764726297e+00
5.1458821891732054e-01 1.0389711098645010e+02 4.3447059284849832e-01 3.4463478502499839e+02 8.2926941315515634e+00
5.1460990256022654e-01 1.0383687890999927e+02 4.3439507395592608e-01 3.4460653027995573e+02 8.2968241605818083e+00
5.1463159729362740e-01 1.0377687648261259e+02 4.3431897048666107e-01 3.4457802538007644e+02 8.3009345882030185e+00
5.1465330211498983e-01 1.0371715254535309e+02 4.3424236186228304e-01 3.4454913002534659e+02 8.3050180604091342e+00
5.1467502444682223e-01 1.0365781930102220e+02 4.3416518286440592e-01 3.4451971081240180e+02 8.3090622862689454e+00
5.1469676232446504e-01 1.0359909000472291e+02 4.3408728574347044e-01 3.4448976914149301e+02 8.3130500742281708e+00
5.1471850964535348e-01 1.0354122216650303e+02 4.3400848947916415e-01 3.4445940959639336e+02 8.3169630990658394e+00
5.1474026710428922e-01 1.0348434484485168e+02 4.3392869558691033e-01 3.4442873747658615e+02 8.3207933043633098e+00
5.1476204314424190e-01 1.0342835044586782e+02 4.3384793972934610e-01 3.4439773664567019e+02 8.3245487132157407e+00
5.1478383286451423e-01 1.0337283375775168e+02 4.3376644171775691e-01 3.4436629820035841e+02 8.3282591199773339e+00
5.1480563226419918e-01 1.0331703611839386e+02 4.3368435523191445e-01 3.4433429854089314e+02 8.3319825915812906e+00
5.1482744250635937e-01 1.0325985539372124e+02 4.3360163249680089e-01 3.4430172964984632e+02 8.3358079559828102e+00
5.1484926996123404e-01 1.0319989099856592e+02 4.3351803162803798e-01 3.4426869468539485e+02 8.3398512186940899e+00
5.1487111038219679e-01 1.0313593670395537e+02 4.3343337364890328e-01 3.4423534556484861e+02 8.3442143583994550e+00
5.1489295885789366e-01 1.0306838311584045e+02 4.3334767294817045e-01 3.4420172564401167e+02 8.3488678884473515e+00
5.1491481862959465e-01 1.0300154829374324e+02 4.3326118143660203e-01 3.4416772779317625e+02 8.3534600570194186e+00
5.1493669638028650e-01 1.0294194339819423e+02 4.3317420362167491e-01 3.4413321878218090e+02 8.3574587632133639e+00
5.1495858430682073e-01 1.0289306928269072e+02 4.3308693107584767e-01 3.4409825328264952e+02 8.3605789894668803e+00
5.1498048084918591e-01 1.0285532873315572e+02 4.3299926114526538e-01 3.4406304629658581e+02 8.3627909835671002e+00
5.1500239034085471e-01 1.0282733814234949e+02 4.3291095116956962e-01 3.4402782385429077e+02 8.3642110665656446e+00
5.1502431435762386e-01 1.0280729959009628e+02 4.3282188278684397e-01 3.4399261664167977e+02 8.3649852202425148e+00
5.1504624493363738e-01 1.0279297198354708e+02 4.3273225132125381e-01 3.4395717660192150e+02 8.3652892304975612e+00
5.1506818115478337e-01 1.0278235093150224e+02 4.3264233787638257e-01 3.4392111473400792e+02 8.3652765191956213e+00
5.1509012832868484e-01 1.0277359621427543e+02 4.3255221018154583e-01 3.4388421922241650e+02 8.3650916161735545e+00
5.1511208740641456e-01 1.0276695683227211e+02 4.3246162166496221e-01 3.4384655200120170e+02 8.3647157267291714e+00
5.1513404814157293e-01 1.0276341727589433e+02 4.3237020405651533e-01 3.4380830130297591e+02 8.3640732864093028e+00
5.1515601332481398e-01 1.0276546101786350e+02 4.3227764160512622e-01 3.4376941892899072e+02 8.3629610455704100e+00
5.1517798720617858e-01 1.0277624192189424e+02 4.3218395303886542e-01 3.4372948730718764e+02 8.3611124730657149e+00
5.1519996230213649e-01 1.0280037676876009e+02 4.3208938426007976e-01 3.4368790473811390e+02 8.3581382564192364e+00
5.1522193222305424e-01 1.0284385845333760e+02 4.3199401812820359e-01 3.4364434059181156e+02 8.3535455048035328e+00
5.1524390416214616e-01 1.0291553966331696e+02 4.3189755039957844e-01 3.4359885705020343e+02 8.3466223413458742e+00
5.1526587561298820e-01 1.0302663683526458e+02 4.3179963559451456e-01 3.4355183885627122e+02 8.3364809676743299e+00
5.1528783770942854e-01 1.0319313460512966e+02 4.3170019657220104e-01 3.4350357165975004e+02 8.3218610660043559e+00
5.1530978597201216e-01 1.0343481320559987e+02 4.3159967174001440e-01 3.4345398265998432e+02 8.3012182266258030e+00
5.1533172434728103e-01 1.0377978275599615e+02 4.3149875756899353e-01 3.4340272346614768e+02 8.2723897262712942e+00
5.1535364047406329e-01 1.0426236306403568e+02 4.3139800438375187e-01 3.4334976816818653e+02 8.2328310542249223e+00
5.1537553133823388e-01 1.0493108580678815e+02 4.3129744400913184e-01 3.4329551378303790e+02 8.1790708431044781e+00
5.1539740683777935e-01 1.0584507996481837e+02 4.3119679875410305e-01 3.4324058326955890e+02 8.1071454474702076e+00
5.1541927461603176e-01 1.0708646189686534e+02 4.3109595685319740e-01 3.4318540264764971e+02 8.0118764914039886e+00
5.1544112530656727e-01 1.0875122348476208e+02 4.3099538040568874e-01 3.4312990042861151e+02 7.8879549450928703e+00
5.1546297440622724e-01 1.1097140208860688e+02 4.3089573438582174e-01 3.4307352580367456e+02 7.7288724695426962e+00
5.1548490203890984e-01 1.1390507744407884e+02 4.3079704582015321e-01 3.4301578982223958e+02 7.5285447655009410e+00
5.1550709308402465e-01 1.1777904324639792e+02 4.3069826522601223e-01 3.4295642835742154e+02 7.2796572909822475e+00
5.1552993325094676e-01 1.2289586745880827e+02 4.3059706532829062e-01 3.4289497839530605e+02 6.9753154740991645e+00
5.1555392917134291e-01 1.2969540177571460e+02 4.3049061887548212e-01 3.4283062173034449e+02 6.6083804251443290e+00
5.1557876901675093e-01 1.3827538938566551e+02 4.3038050104121328e-01 3.4276402698880906e+02 6.1971264104128103e+00
5.1560357234848198e-01 1.4763419625252837e+02 4.3027188495858532e-01 3.4269636104051369e+02 5.8031331788187384e+00
5.1562750878755148e-01 1.5586014985728676e+02 4.3016899827320854e-01 3.4262939191166163e+02 5.4957824727069440e+00
5.1564873880110751e-01 1.6173252041806469e+02 4.3007868957581091e-01 3.4256928686627066e+02 5.2953061941525190e+00
5.1566353791373820e-01 1.6488927846795170e+02 4.3001560726233468e-01 3.4252762157229313e+02 5.1932973561841944e+00
5.1567513763597506e-01 1.6651526102891904e+02 4.2996576885930804e-01 3.4249540785924705e+02 5.1421023776277961e+00
5.1568435687128011e-01 1.6735054959625978e+02 4.2992591388094270e-01 3.4247007502613172e+02 5.1160584152898689e+00
5.1569510372146010e-01 1.6760553786639449e+02 4.2987913363063501e-01 3.4244090258234445e+02 5.1078399159954779e+00
5.1571209854051769e-01 1.6769951701008546e+02 4.2980478308014791e-01 3.4239519371725913e+02 5.1042960621148890e+00
5.1572878015261359e-01 1.6762004565593853e+02 4.2973182144861050e-01 3.4235034742875649e+02 5.1060472225898659e+00
5.1574360353113424e-01 1.6740878241184095e+02 4.2966749584596431e-01 3.4231000990377089e+02 5.1118884710250292e+00
5.1575769145068229e-01 1.6692360937595666e+02 4.2960682903958464e-01 3.4227122228555163e+02 5.1261655490965516e+00
5.1577208699970589e-01 1.6596565169311913e+02 4.2954508155461002e-01 3.4223136027699940e+02 5.1551534426805166e+00
5.1578680119227249e-01 1.6432974860058144e+02 4.2948190250588664e-01 3.4219069921649447e+02 5.2058544197043179e+00
5.1580181475889564e-01 1.6177531909537484e+02 4.2941697105605553e-01 3.4214969601709595e+02 5.2874211271896989e+00
5.1581709802612385e-01 1.5809337326875450e+02 4.2934998753682568e-01 3.4210884863373741e+02 5.4099175942713549e+00
5.1583264075507940e-01 1.5315290483648562e+02 4.2928068245753354e-01 3.4206848517312358e+02 5.5837740318790328e+00
5.1584843506692102e-01 1.4739494534839938e+02 4.2920918883176912e-01 3.4202849414129184e+02 5.8012249560667541e+00
5.1586448292190368e-01 1.4192289059045973e+02 4.2913613152255853e-01 3.4198817704230692e+02 6.0241898896557560e+00
5.1588077264529808e-01 1.3734780513444150e+02 4.2906227980255363e-01 3.4194678498166581e+02 6.2241035567869973e+00
5.1589735749178156e-01 1.3362050583821954e+02 4.2898764276211893e-01 3.4190388407701585e+02 6.3969201795077506e+00
5.1591426435528731e-01 1.3057253069876106e+02 4.2891181061717099e-01 3.4185964293529571e+02 6.5453974336299572e+00
5.1593160665076576e-01 1.2806077610036664e+02 4.2883366478316165e-01 3.4181432999502499e+02 6.6728927545919827e+00
5.1594931142606992e-01 1.2598643273216673e+02 4.2875275896023374e-01 3.4176887446084925e+02 6.7818587098860927e+00
5.1596741725007811e-01 1.2426773678472559e+02 4.2866820411919698e-01 3.4172385775004813e+02 6.8747501683005492e+00
5.1598576799717377e-01 1.2284648750646552e+02 4.2858079156313023e-01 3.4167958895025993e+02 6.9533853976141780e+00
5.1600435955340695e-01 1.2167107180206864e+02 4.2849184746931013e-01 3.4163476903364511e+02 7.0196383572055616e+00
5.1602309505189070e-01 1.2069791263790118e+02 4.2840315788313649e-01 3.4158829531943388e+02 7.0752734627692613e+00
5.1604195968301969e-01 1.1989343796905929e+02 4.2831489759923774e-01 3.4154003538449416e+02 7.1217416309438670e+00
5.1606091584080049e-01 1.1922619613756180e+02 4.2822640309397253e-01 3.4149084547421609e+02 7.1605665645871976e+00
5.1607995261602668e-01 1.1867385604648872e+02 4.2813652198374297e-01 3.4144187286619325e+02 7.1928621063016305e+00
5.1609905455583860e-01 1.1821464703242630e+02 4.2804417555851826e-01 3.4139426444745300e+02 7.2197962142924759e+00
5.1611821482352149e-01 1.1783316803107611e+02 4.2794904691325153e-01 3.4134837523423397e+02 7.2421963386448702e+00
5.1613742410589403e-01 1.1751391646518870e+02 4.2785282286652015e-01 3.4130266110356064e+02 7.2608987805428402e+00
5.1615667833119727e-01 1.1724576515725182e+02 4.2775766061346088e-01 3.4125506569553704e+02 7.2764902262747091e+00
5.1617597156891470e-01 1.1701840435044609e+02 4.2766391275490179e-01 3.4120529146674062e+02 7.2895646919971009e+00
5.1619530011780390e-01 1.1682498006875861e+02 4.2757059657472751e-01 3.4115428101201627e+02 7.3005422472836354e+00
5.1621465864488691e-01 1.1665919361646506e+02 4.2747623191918455e-01 3.4110347160972799e+02 7.3098283349008462e+00
5.1623404366008308e-01 1.1651702300091871e+02 4.2737924119240123e-01 3.4105436750038371e+02 7.3176939883216603e+00
5.1625345162157632e-01 1.1639461064656351e+02 4.2727904050656740e-01 3.4100754893267299e+02 7.3243844160481570e+00
5.1627287955638523e-01 1.1628907163411029e+02 4.2717776036809396e-01 3.4096097909872339e+02 7.3300305503236922e+00
5.1629232485944077e-01 1.1619748458003811e+02 4.2707832820345787e-01 3.4091189536947945e+02 7.3347520516818001e+00
5.1631178498007657e-01 1.1611850196433215e+02 4.2698116960998017e-01 3.4085995193064605e+02 7.3386227466865543e+00
5.1633125865739005e-01 1.1605092832299616e+02 4.2688499531196428e-01 3.4080645906753011e+02 7.3417434912495532e+00
5.1635074405940140e-01 1.1599416795408887e+02 4.2678803923717418e-01 3.4075315225803547e+02 7.3441871748437286e+00
5.1637024029081624e-01 1.1594720445453164e+02 4.2668846936917526e-01 3.4070180568334791e+02 7.3460547687666162e+00
5.1638974543007210e-01 1.1590904810488453e+02 4.2658567419034682e-01 3.4065298386570885e+02 7.3474200124018072e+00
5.1640925917055358e-01 1.1587750691973564e+02 4.2648277272954577e-01 3.4060364347647385e+02 7.3483554429678559e+00
5.1642878000969805e-01 1.1585068539492045e+02 4.2638298314536049e-01 3.4055065103254100e+02 7.3489131693879637e+00
5.1644830797993202e-01 1.1582736657401671e+02 4.2628605338378839e-01 3.4049424722188832e+02 7.3491752703430340e+00
5.1646784134930757e-01 1.1580696195085223e+02 4.2619041328281715e-01 3.4043595916510145e+02 7.3492118571761793e+00
5.1648738034528585e-01 1.1578896479797901e+02 4.2609413226311410e-01 3.4037766972135876e+02 7.3490956222647705e+00
5.1650692323754066e-01 1.1577318448022862e+02 4.2599510739294277e-01 3.4032141827627305e+02 7.3488826407464023e+00
5.1652647041649280e-01 1.1575917808135944e+02 4.2589262410508383e-01 3.4026788650752508e+02 7.3486157241971224e+00
5.1654602011977169e-01 1.1574563621967336e+02 4.2579077173024599e-01 3.4021310771482223e+02 7.3482923163758134e+00
5.1656557312313045e-01 1.1573175994665317e+02 4.2569276951538304e-01 3.4015394430343798e+02 7.3478953499936575e+00
5.1658512804314172e-01 1.1571784877497950e+02 4.2559793151331210e-01 3.4009102700586521e+02 7.3474194043131860e+00
5.1660468597725839e-01 1.1570468408502902e+02 4.2550445231800565e-01 3.4002608400331252e+02 7.3468521756957212e+00
5.1662424546683516e-01 1.1569324898698258e+02 4.2541044451177729e-01 3.3996095231807556e+02 7.3461709152175096e+00
5.1664380753598005e-01 1.1568457634069162e+02 4.2531364845670855e-01 3.3989785259698147e+02 7.3453580275900556e+00
5.1666337061378953e-01 1.1567968340859996e+02 4.2521223417074544e-01 3.3983860887703196e+02 7.3443883762342548e+00
5.1668293575510760e-01 1.1567780271761694e+02 4.2511097784001828e-01 3.3977868355037032e+02 7.3432126900743864e+00
5.1670250146212426e-01 1.1567808602261218e+02 4.2501444966682894e-01 3.3971373059179064e+02 7.3417909621487247e+00
5.1672206898398554e-01 1.1568042823592157e+02 4.2492145420894817e-01 3.3964491591175289e+02 7.3401551388423423e+00
5.1674163673928775e-01 1.1568437776499854e+02 4.2483011202299997e-01 3.3957404982854217e+02 7.3383730886799938e+00
5.1676120601113307e-01 1.1568911966433407e+02 4.2473853555821645e-01 3.3950292681817263e+02 7.3365353587965458e+00
5.1678077504380493e-01 1.1569443163940502e+02 4.2464428952698063e-01 3.3943387997042322e+02 7.3347065014409383e+00
5.1680034508892048e-01 1.1570101190036250e+02 4.2454365533814814e-01 3.3937047125701639e+02 7.3329192563430210e+00
5.1681991427807883e-01 1.1570794512219028e+02 4.2444144824941243e-01 3.3930809336406338e+02 7.3311321233331519e+00
5.1683948425389237e-01 1.1571374376109978e+02 4.2434530768287293e-01 3.3923942368567702e+02 7.3292811350496070e+00
5.1685905341928584e-01 1.1571902265146252e+02 4.2425369142227215e-01 3.3916596253390941e+02 7.3273597279561651e+00
5.1687862351317793e-01 1.1572451413373877e+02 4.2416404297679050e-01 3.3909015043609998e+02 7.3253742513929563e+00
5.1689819283411209e-01 1.1573072282407993e+02 4.2407445201697558e-01 3.3901380488854471e+02 7.3233320551335632e+00
5.1691776306837389e-01 1.1573824928927543e+02 4.2398226991208315e-01 3.3893942339053586e+02 7.3212491434744482e+00
5.1693733217185533e-01 1.1574852570574450e+02 4.2388140025275312e-01 3.3887282363824278e+02 7.3191606884852298e+00
5.1695690170705455e-01 1.1576090773618122e+02 4.2377469021219855e-01 3.3881125102923852e+02 7.3170480789894219e+00
5.1697646962305144e-01 1.1577205474259382e+02 4.2367685012436346e-01 3.3874063613210552e+02 7.3148186944867097e+00
5.1699603797930216e-01 1.1578258199204630e+02 4.2358571062742351e-01 3.3866308476078785e+02 7.3124791081281213e+00
5.1701560481440023e-01 1.1579345739419004e+02 4.2349779679556909e-01 3.3858198211181013e+02 7.3100412953210308e+00
5.1703517207622429e-01 1.1580543148761645e+02 4.2341040531836210e-01 3.3849994843995137e+02 7.3075145114447553e+00
5.1705473764441101e-01 1.1581927004498705e+02 4.2332087346825498e-01 3.3841956971649466e+02 7.3049063766557216e+00
5.1707430320515024e-01 1.1583717729533664e+02 4.2322016906848531e-01 3.3834947446387497e+02 7.3022643153938507e+00
5.1709386642234434e-01 1.1586015208959985e+02 4.2310462530409848e-01 3.3829315732484565e+02 7.2996010971750760e+00
5.1711342894217260e-01 1.1588186415920985e+02 4.2300180972545587e-01 3.3822423399249828e+02 7.2967464850197086e+00
5.1713298915804162e-01 1.1590279003203840e+02 4.2291055746288747e-01 3.3814381041942409e+02 7.2936943607214468e+00
5.1715254877047157e-01 1.1592415825776011e+02 4.2282645322496260e-01 3.3805608367522575e+02 7.2904580191893684e+00
5.1717210586328077e-01 1.1594619391508678e+02 4.2274983927461740e-01 3.3796072973801552e+02 7.2870164669985034e+00
5.1719166146699935e-01 1.1597294571450352e+02 4.2266453376627122e-01 3.3787317970947510e+02 7.2834482565708623e+00
5.1721121286449290e-01 1.1600671687541616e+02 4.2256201478863475e-01 3.3780154984146520e+02 7.2797842862030713e+00
5.1723076010576507e-01 1.1605099515221688e+02 4.2242761439773757e-01 3.3775978583009515e+02 7.2761070550725719e+00
5.1725029962210400e-01 1.1609322554935137e+02 4.2231353990189269e-01 3.3769806766994787e+02 7.2721312133409564e+00
5.1726983310441765e-01 1.1613245455653852e+02 4.2221851070667665e-01 3.3761757714691231e+02 7.2679419899487465e+00
5.1728935731145731e-01 1.1616439472433102e+02 4.2215166330946374e-01 3.3750960219699175e+02 7.2636198681604141e+00
5.1730887566927053e-01 1.1618880786525875e+02 4.2210412074949755e-01 3.3738257966119210e+02 7.2593605584723422e+00
5.1732838307104245e-01 1.1621596593723383e+02 4.2202507396221367e-01 3.3728493108652447e+02 7.2555635614792831e+00
5.1734788365868001e-01 1.1624462029179948e+02 4.2191815920264286e-01 3.3721315182490719e+02 7.2522313501138456e+00
5.1736737051649084e-01 1.1628459818472597e+02 4.2174265563408453e-01 3.3720604555178937e+02 7.2495853022623598e+00
5.1738685190623002e-01 1.1631289994118119e+02 4.2160032038214662e-01 3.3716673140156576e+02 7.2469762935166528e+00
5.1740632582964374e-01 1.1632850710543558e+02 4.2149959064552306e-01 3.3708725666834960e+02 7.2442960254537407e+00
5.1742580661794269e-01 1.1632525591623423e+02 4.2147146791607615e-01 3.3693809440786146e+02 7.2412927819065045e+00
5.1744529533743644e-01 1.1630969424667823e+02 4.2149276916833328e-01 3.3674137379918687e+02 7.2380332520907684e+00
5.1746480107073589e-01 1.1631320497842718e+02 4.2143450781073566e-01 3.3661959731677871e+02 7.2351973574112289e+00
5.1748431762536917e-01 1.1633197094998854e+02 4.2131805529178823e-01 3.3655244133738296e+02 7.2325870220592217e+00
5.1750384370426916e-01 1.1638913887780828e+02 4.2104980557927285e-01 3.3662874085294271e+02 7.2306734137442623e+00
5.1752337042272722e-01 1.1643581242132505e+02 4.2084384100804045e-01 3.3664531082112649e+02 7.2281307576351503e+00
5.1754289816186549e-01 1.1646621646842961e+02 4.2072966534560879e-01 3.3657419795978427e+02 7.2247173507825595e+00
5.1756242507611683e-01 1.1646189326529212e+02 4.2079053477014339e-01 3.3633652391127299e+02 7.2198835705238320e+00
5.1758195456881018e-01 1.1643489308421852e+02 4.2097661342045878e-01 3.3597979332264003e+02 7.2138983517514506e+00
5.1760148381194693e-01 1.1645924741266029e+02 4.2096854015939833e-01 3.3580668627551438e+02 7.2086737149696036e+00
5.1762100789099874e-01 1.1651628453850822e+02 4.2083132463913514e-01 3.3575537350809049e+02 7.2040439419677131e+00
5.1764051873218131e-01 1.1665222298694887e+02 4.2034616523902008e-01 3.3603297069189375e+02 7.2015980940519544e+00
5.1766001116739413e-01 1.1675155287480632e+02 4.1998622932054153e-01 3.3619143080627686e+02 7.1988642233901983e+00
5.1767948836277755e-01 1.1678913455514250e+02 4.1984634214354993e-01 3.3614088623143772e+02 7.1954657321466717e+00
5.1769895725427340e-01 1.1672121910710287e+02 4.2010855230993743e-01 3.3570915441170371e+02 7.1904054159950679e+00
5.1771843026336994e-01 1.1657241188866075e+02 4.2066918561333139e-01 3.3499523889261513e+02 7.1842735657852703e+00
5.1773790624337912e-01 1.1651777470685958e+02 4.2078967190550465e-01 3.3469724827823114e+02 7.1812487219284122e+00
5.1775737714502912e-01 1.1652769712604523e+02 4.2060251687625411e-01 3.3468919482017083e+02 7.1804644534025588e+00
5.1777682577884787e-01 1.1672117842118608e+02 4.1960982045589745e-01 3.3544121407673907e+02 7.1846690252369223e+00
5.1779624206349117e-01 1.1684648404848441e+02 4.1889238972300652e-01 3.3593319194875841e+02 7.1874903786015070e+00
5.1781563243511708e-01 1.1685164377972239e+02 4.1867758212942530e-01 3.3594956169931788e+02 7.1875232310085888e+00
5.1783501722660752e-01 1.1664007386543021e+02 4.1937449669105498e-01 3.3510390752295314e+02 7.1824351703851104e+00
5.1785441946439081e-01 1.1625006216493907e+02 4.2082330642826099e-01 3.3355120939050380e+02 7.1731404521154456e+00
5.1787384550863291e-01 1.1609786937516471e+02 4.2124232130892009e-01 3.3296970496674521e+02 7.1700218694532971e+00
5.1789326814598524e-01 1.1610055243170918e+02 4.2097455120605215e-01 3.3303263413559716e+02 7.1712112294101358e+00
5.1791265551177479e-01 1.1653594337568448e+02 4.1882163872816930e-01 3.3486751944426555e+02 7.1837818818853911e+00
5.1793197541540104e-01 1.1683868594317123e+02 4.1719531867791892e-01 3.3621173515275757e+02 7.1939300848583345e+00
5.1795124940624149e-01 1.1683908061611966e+02 4.1680606777494678e-01 3.3639295153043463e+02 7.1977832621704225e+00
5.1797051064576360e-01 1.1636286687063928e+02 4.1836692905302286e-01 3.3472454444661207e+02 7.1913951900722282e+00
5.1798983007688582e-01 1.1540036360842934e+02 4.2186568780417405e-01 3.3118964517077569e+02 7.1747963961047736e+00
5.1800920972764786e-01 1.1491674420488177e+02 4.2301214601221082e-01 3.2968997238561320e+02 7.1723658433495672e+00
5.1802862612031952e-01 1.1470957327369133e+02 4.2211054736721992e-01 3.2945447138254417e+02 7.1801869273038417e+00
5.1804803975962954e-01 1.1521584661241654e+02 4.1543923782580711e-01 3.3231363515403370e+02 7.2106755477814009e+00
5.1806762066842604e-01 1.1433528882388141e+02 4.0512178643461805e-01 3.2971341657773411e+02 7.2093537342966503e+00
5.1808837357132687e-01 1.0871105022531283e+02 3.7850080313299972e-01 3.0772363102141253e+02 7.0766410218563198e+00
5.1811778619085314e-01 7.8939668126181033e+01 2.1878195269642517e-01 1.9609115292516182e+02 6.2101588966563730e+00
5.1817183586001980e-01 3.6585183108126905e+01 -3.0703403085722941e-01 5.9644591425253594e+01 4.0757341058656866e+00
5.1825984500230171e-01 1.4116402088475409e+01 -7.9487093900593608e-01 9.7479743690185110e+00 1.7263560339104984e+00
5.1836899300322514e-01 9.9303870263441407e+00 -8.7670680937698631e-01 4.8081553199417728e+00 1.2104652384610759e+00
5.1848272592156708e-01 9.5914896659520057e+00 -8.8030267466895629e-01 4.6094039782524154e+00 1.2014306793800076e+00
5.1859647194087388e-01 9.4334415017667190e+00 -8.8043732674295638e-01 4.6026370479859668e+00 1.2197661497990882e+00
5.1870999109510996e-01 9.2490670330296680e+00 -8.8044824269294242e-01 4.6027793278569584e+00 1.2441198964770752e+00
5.1882315520720557e-01 9.0269849154737969e+00 -8.8045445367295772e-01 4.6031781325272521e+00 1.2748382144287784e+00
5.1893601061253936e-01 8.7557554694602135e+00 -8.8046021914713291e-01 4.6035926284623843e+00 1.3144475780872265e+00
5.1904841739484731e-01 8.4265403453117944e+00 -8.8046583482778207e-01 4.6040037636543341e+00 1.3659234914290261e+00
5.1916041536154989e-01 8.0280312180354922e+00 -8.8047137870866599e-01 4.6044066466319009e+00 1.4338529963261117e+00
5.1927183588198655e-01 7.5487957751281467e+00 -8.8047693387755699e-01 4.6047949992629942e+00 1.5250097950837811e+00
5.1938270999541802e-01 6.9741220618107995e+00 -8.8048256352995291e-01 4.6051647908492885e+00 1.6508044847918746e+00
5.1949290426280126e-01 6.2913804441668288e+00 -8.8048828242703558e-01 4.6055140991945365e+00 1.8300888573129552e+00
5.1960240010115399e-01 5.4951980655788200e+00 -8.8049406958873044e-01 4.6058436316874491e+00 2.0953947322380579e+00
5.1971112445216516e-01 4.6235698687774445e+00 -8.8049988497435761e-01 4.6061553148822281e+00 2.4905838159747438e+00
5.1981912507655326e-01 3.7757377160163776e+00 -8.8050568010102503e-01 4.6064516816145797e+00 3.0500342105824654e+00
5.1992659321603696e-01 3.0405021044956762e+00 -8.8051141560879331e-01 4.6067361164546492e+00 3.7878086892647973e+00
5.2003385955878689e-01 2.4442482408446757e+00 -8.8051705809513203e-01 4.6070129101176516e+00 4.7120959658802652e+00
5.2014189708327607e-01 1.9766991941274947e+00 -8.8052262988105678e-01 4.6072876397595603e+00 5.8269964057343531e+00
5.2025213916993829e-01 1.6229882600586472e+00 -8.8052817984861009e-01 4.6075663292481677e+00 7.0973500588994911e+00
5.2036802390211068e-01 1.3629116793895124e+00 -8.8053385989535515e-01 4.6078592747765077e+00 8.4522338176023659e+00
5.2049448160656198e-01 1.1803695979489388e+00 -8.8053987264503775e-01 4.6081802117699162e+00 9.7600366439827209e+00
5.2064436940885894e-01 1.0571128530784226e+00 -8.8054677103520962e-01 4.6085615886493514e+00 1.0898934714559427e+01
5.2087027275144138e-01 9.7080996889799187e-01 -8.8055691184928186e-01 4.6091247217937550e+00 1.1869276350308215e+01
5.2153412974264413e-01 8.7906582238029407e-01 -8.8058569267364006e-01 4.6106256785154072e+00 1.3112287957092244e+01
5.2491713306027554e-01 7.0418271771114871e-01 -8.8070432528259190e-01 4.6168191688412161e+00 1.6390700356320753e+01
5.3319206242192907e-01 4.8340012472846888e-01 -8.8092031384257341e-01 4.6285220999185537e+00 2.3937323674246290e+01
5.4366367338921684e-01 3.1255897142126404e-01 -8.8111256728388632e-01 4.6396213889989362e+00 3.7109968143785089e+01
5.5386654944559233e-01 2.1570970072814133e-01 -8.8122162791688408e-01 4.6472699287816166e+00 5.3860233372612278e+01
5.6421464473276595e-01 1.6208626567023232e-01 -8.8126744660822842e-01 4.6530968802273946e+00 7.1768833420072312e+01
5.7464039391898059e-01 1.3456800109371969e-01 -8.8125462133471966e-01 4.6585710913560110e+00 8.6546784032846645e+01
5.8510103493369092e-01 1.2146229154651374e-01 -8.8116717110774057e-01 4.6655722489448204e+00 9.6029232396750686e+01
5.9558086570127999e-01 1.1573627172101411e-01 -8.8095741909072356e-01 4.6769662511100067e+00 1.0102637188763046e+02
6.0606498518872631e-01 1.1361029150323546e-01 -8.8053531448727251e-01 4.6974354605349591e+00 1.0336729618375250e+02
6.1653812091264304e-01 1.1326626427931978e-01 -8.7975834495546790e-01 4.7340783337331738e+00 1.0449003425368389e+02
6.2698197535300060e-01 1.1398604038209152e-01 -8.7843091452665822e-01 4.7963851201484342e+00 1.0519676585111910e+02
6.3737493080982632e-01 1.1560522636581390e-01 -8.7632913865360917e-01 4.8951124653914393e+00 1.0585837291433639e+02
6.4768911628473014e-01 1.1809604674007813e-01 -8.7324975268829386e-01 5.0397813673207574e+00 1.0668818953806718e+02
6.5789642283453675e-01 1.2144612714193752e-01 -8.6910148923679187e-01 5.2369829639878365e+00 1.0780465147865992e+02
6.6796875538656120e-01 1.2557228502325224e-01 -8.6389078096440131e-01 5.4852156855894227e+00 1.0920434562000933e+02
6.7788471146696905e-01 1.3038287333370754e-01 -8.5781043047509886e-01 5.7800369758359800e+00 1.1082814843791458e+02
6.8762982260761796e-01 1.3566553528853614e-01 -8.5103491757110017e-01 6.1092475438552345e+00 1.1257921053534281e+02
6.9719817725086741e-01 1.4128650056658826e-01 -8.4381448924448177e-01 6.4653955190010830e+00 1.1440221629585105e+02
7.0659013225194500e-01 1.4709048424328214e-01 -8.3627197314981017e-01 6.8392789289823979e+00 1.1624271556667270e+02
7.1581058478729098e-01 1.5297383297361655e-01 -8.2847724551539270e-01 7.2244689573845280e+00 1.1806707096485150e+02
7.2486888758061041e-01 1.5883103840203541e-01 -8.2041167526097525e-01 7.6139499962891639e+00 1.1984354684215792e+02
7.3378263697860557e-01 1.6450142086272340e-01 -8.1192670190620631e-01 7.9964895306843475e+00 1.2152614683731863e+02
7.4258066257051913e-01 1.6972611837764193e-01 -8.0270220119855751e-01 8.3535887523365027e+00 1.2304512752936623e+02
7.5131410336810101e-01 1.7409086204033561e-01 -7.9215869346427936e-01 8.6556994172410899e+00 1.2429858919355038e+02
7.6007018112305880e-01 1.7696234252243762e-01 -7.7930928544349587e-01 8.8579209374121248e+00 1.2513850137761659e+02
7.6899500678789345e-01 1.7746622414371410e-01 -7.6251795809660095e-01 8.8974125768840704e+00 1.2533952051742040e+02
7.7830979513452447e-01 1.7493896521850061e-01 -7.3981172708404908e-01 8.7241406318944605e+00 1.2467406305104637e+02
7.8823494469069655e-01 1.7070717327477836e-01 -7.1188884106907624e-01 8.4302005872279580e+00 1.2345996400599857e+02
7.9887195487731422e-01 1.6657743204102526e-01 -6.8108476221817171e-01 8.1455080518885090e+00 1.2224807334468944e+02
8.1022477126496795e-01 1.6290215079502643e-01 -6.4793814043511389e-01 7.8945659018007550e+00 1.2115502869778234e+02
8.2228272515404122e-01 1.5957387011156707e-01 -6.1228720439072148e-01 7.6691546580563621e+00 1.2015053988310282e+02
8.3503400760478097e-01 1.5654759510524627e-01 -5.7393906015713436e-01 7.4666811123532613e+00 1.1923979265432736e+02
8.4846945542480656e-01 1.5376146785328765e-01 -5.3292133018922072e-01 7.2843395038441532e+00 1.1843571093498124e+02
8.6256019433123687e-01 1.5118655405956960e-01 -4.8914019238816192e-01 7.1259703173473676e+00 1.1783406205785400e+02
8.7728983356756807e-01 1.4862194572961793e-01 -4.4289886926895300e-01 6.9863202236905320e+00 1.1751831449576888e+02
8.9257389765511830e-01 1.4612895915642266e-01 -3.9396941354881315e-01 6.8763397334337446e+00 1.1764163265669023e+02
9.0844871026508278e-01 1.4298754112728632e-01 -3.4330561710892271e-01 6.7781791960753868e+00 1.1850996147352288e+02
9.2459092845375146e-01 1.3860410775466223e-01 -2.9001390773525226e-01 6.7331442236114238e+00 1.2144561104079079e+02
9.4265318636026718e-01 1.2809628796085648e-01 -2.3452478189569856e-01 6.6680524677378106e+00 1.3013750386302036e+02
9.5942832106555276e-01 1.1541405148082366e-01 -1.7498492169368471e-01 6.8407781869536279e+00 1.4817905833784550e+02
9.8308247163227247e-01 1.0386583562889300e-01 -1.4282262498685452e-01 6.8017374879780315e+00 1.6371450359000318e+02
