1.2285415240284928e-01 2.8962359526587161e-01 6.5071919724035809e-01 1.7919769888181594e+02 1.5468154339886764e+03
1.2944181352925710e-01 2.8233299569729825e-01 6.6400639602109102e-01 1.7011216088931502e+02 1.5063078304855649e+03
1.3611093004296881e-01 2.7555298634718700e-01 6.7218286224477830e-01 1.6463909681439162e+02 1.4937154102092748e+03
1.4287549090860130e-01 2.6882301751712712e-01 6.8079569406609097e-01 1.5894743137249884e+02 1.4781791458982125e+03
1.4973677764539786e-01 2.6211346019953480e-01 6.8921494628044278e-01 1.5345809588702889e+02 1.4636609635595250e+03
1.5669753131679942e-01 2.5547568129443637e-01 6.9765444410852806e-01 1.4803223056433239e+02 1.4485941461657646e+03
1.6375980607738094e-01 2.4887125926344694e-01 7.0604774397042924e-01 1.4270957860039212e+02 1.4335682937309816e+03
1.7092637715654796e-01 2.4230903139846735e-01 7.1440883537380029e-01 1.3746962970084215e+02 1.4183296110286017e+03
1.7819994733111932e-01 2.3578782905420542e-01 7.2274141719172835e-01 1.3232068706157196e+02 1.4029634989254757e+03
1.8558330916861304e-01 2.2930766676217967e-01 7.3104928402306490e-01 1.2725973421102158e+02 1.3874343584748701e+03
1.9307944107113204e-01 2.2286375494784558e-01 7.3933057378646250e-01 1.2228379165466035e+02 1.3717326050087993e+03
2.0069179595356898e-01 2.1644509870463363e-01 7.4757650975862600e-01 1.1738429827894868e+02 1.3558207021256489e+03
2.0842411501505909e-01 2.1005596385712144e-01 7.5579738234851712e-01 1.1256489064216998e+02 1.3397011988521288e+03
2.1628021166825787e-01 2.0369457224694157e-01 7.6399670038505230e-01 1.0782443846557531e+02 1.3233592490483543e+03
2.2426390179798850e-01 1.9736665220669453e-01 7.7218691875380585e-01 1.0316752572689902e+02 1.3068003709519232e+03
2.3237934969100818e-01 1.9105872007775232e-01 7.8035740078417337e-01 9.8584541750598035e+01 1.2899769990932443e+03
2.4063127156564523e-01 1.8477054671373111e-01 7.8851379791875087e-01 9.4076020548126067e+01 1.2728763082283892e+03
2.4902506426328233e-01 1.7848769208382032e-01 7.9664562381033277e-01 8.9632390927471775e+01 1.2554421803686494e+03
2.5756666996405875e-01 1.7221544530039989e-01 8.0476658697342318e-01 8.5258576546167518e+01 1.2376732005286863e+03
2.6626267003477810e-01 1.6593943895731331e-01 8.1286780962215177e-01 8.0945708924222316e+01 1.2195067886339700e+03
2.7512019127365112e-01 1.5966797855429948e-01 8.2096769142073478e-01 7.6701106072796705e+01 1.2009469081916197e+03
2.8414720541212113e-01 1.5338206033907725e-01 8.2905336226055526e-01 7.2513447553248426e+01 1.1819088782766555e+03
2.9335244186035758e-01 1.4709260811188618e-01 8.3714755745645042e-01 6.8392204247566497e+01 1.1624004279593694e+03
3.0274586547249382e-01 1.4077411378384247e-01 8.4523203630425026e-01 6.4322751863327341e+01 1.1423043295107229e+03
3.1233850825422937e-01 1.3444180787181004e-01 8.5333641433208718e-01 6.0317935285753691e+01 1.1216364953836890e+03
3.2214322172157583e-01 1.2806136405548033e-01 8.6143582404575414e-01 5.6358896515943201e+01 1.1002322388883565e+03
3.3217439337339744e-01 1.2165414825526391e-01 8.6956968776903310e-01 5.2463163390931321e+01 1.0781211356814806e+03
3.4244918814946634e-01 1.1517334286733610e-01 8.7770455249705459e-01 4.8606205708602758e+01 1.0550663134912747e+03
3.5298712431102147e-01 1.0864839370194378e-01 8.8589276555045904e-01 4.4811724978551773e+01 1.0311179818609246e+03
3.6381216018323281e-01 1.0201557519573133e-01 8.9408991722907583e-01 4.1048228501212151e+01 1.0059304283305593e+03
3.7495218898963456e-01 9.5314793826940414e-02 9.0236189418956114e-01 3.7347653255697473e+01 9.7958700208459368e+02
3.8644244044148962e-01 8.8465794635653419e-02 9.1064712936755432e-01 3.3673773193688106e+01 9.5160432719712821e+02
3.9832509701273200e-01 8.1531040563555882e-02 9.1900386217871344e-01 3.0074469105896146e+01 9.2217850091255139e+02
4.1065332892404172e-01 7.4459958964456799e-02 9.2730288381137571e-01 2.6534658193700153e+01 8.9090359982492021e+02
4.2348873822891187e-01 6.7442214719369356e-02 9.3544009931292926e-01 2.3168971412546863e+01 8.5884529107452170e+02
4.3689510507892493e-01 6.0712977346781292e-02 9.4294903827173837e-01 2.0098259271899110e+01 8.2759321607230595e+02
4.5092316091222251e-01 5.4820670775120643e-02 9.4922532807434901e-01 1.7596311490882407e+01 8.0244874980935913e+02
4.6561300447849319e-01 5.0083552837646178e-02 9.5357257066242573e-01 1.5855710911950393e+01 7.9146296606339070e+02
4.8117567491349922e-01 4.5677262392395883e-02 9.5579902168563691e-01 1.4906986179693201e+01 8.1588658114145449e+02
4.9973136411273650e-01 3.5065903025375350e-02 9.5555242129968720e-01 1.4193348494537732e+01 1.0119052462634967e+03
5.1028164576165058e-01 8.9744563211931681e+00 9.5626663432142400e-01 1.4599438028368649e+01 4.0669421928914220e+00
5.1034381978789911e-01 1.7060380708167088e+01 9.5625437735561514e-01 1.4605241604282376e+01 2.1402279723585838e+00
5.1038573491832218e-01 1.7853800552785451e+01 9.5625506080984757e-01 1.4605145100882742e+01 2.0451030941146215e+00
5.1042832986622089e-01 1.6534878183894893e+01 9.5625997448843236e-01 1.4602755913406135e+01 2.2078717107860735e+00
5.1047316881630234e-01 1.6087494048509221e+01 9.5627359813382451e-01 1.4595758754153996e+01 2.2681840176821297e+00
5.1051955373554181e-01 1.5447066751143307e+01 9.5630275699742640e-01 1.4581409925226659e+01 2.3598994812635588e+00
5.1056687122664801e-01 1.5440232946475605e+01 9.5634942049476035e-01 1.4560447878886093e+01 2.3575499037742285e+00
5.1061399840048038e-01 1.5557232114296671e+01 9.5638937724297457e-01 1.4542903098517112e+01 2.3370004046466248e+00
5.1066156007043473e-01 1.5150617269284265e+01 9.5641509898435650e-01 1.4531711497811232e+01 2.3978744957263602e+00
5.1070954462508134e-01 1.5275061858040090e+01 9.5642913709515853e-01 1.4525485232238461e+01 2.3773201979854695e+00
5.1075715175706971e-01 1.5388328411031800e+01 9.5643485583691557e-01 1.4522505525992894e+01 2.3593377295583644e+00
5.1080520348097391e-01 1.4994932530176273e+01 9.5643555867036090e-01 1.4521287769993556e+01 2.4210325289511081e+00
5.1085364407725176e-01 1.5140185012196429e+01 9.5643414522854742e-01 1.4521172153029804e+01 2.3977864440447778e+00
5.1090168166273364e-01 1.5248993236836062e+01 9.5642639405219132e-01 1.4524023847073622e+01 2.3811447125553227e+00
5.1095012121764127e-01 1.4896663714042402e+01 9.5640526929345215e-01 1.4532675946913695e+01 2.4389145492380302e+00
5.1099887416848977e-01 1.5062589792178583e+01 9.5636306641537572e-01 1.4550383894657999e+01 2.4149870798137001e+00
5.1104720160949346e-01 1.5176183799558299e+01 9.5630939898725154e-01 1.4572975002345620e+01 2.4006323320177776e+00
5.1109591642948771e-01 1.4841482032723295e+01 9.5626817369965023e-01 1.4589925677803439e+01 2.4576261396326178e+00
5.1114490541026969e-01 1.5032491944983924e+01 9.5614753127458940e-01 1.4640740945864756e+01 2.4348492916954654e+00
5.1119261549930761e-01 1.6811563979614814e+01 9.4938429217025710e-01 1.7371851986578516e+01 2.5833188404783596e+00
5.1123390107460187e-01 4.2340876361778498e+01 7.9444768869620963e-01 9.0712481613210315e+01 5.3560819595539435e+00
5.1126313001713064e-01 9.5061986689784149e+01 5.1148695691217327e-01 3.0569368669633184e+02 8.0393251114639099e+00
5.1128479765498636e-01 1.0694026449574150e+02 4.6166889371044945e-01 3.5703832651361563e+02 8.3466767217466877e+00
5.1130568777760843e-01 1.0565029949579142e+02 4.5735172350737002e-01 3.6237343136137724e+02 8.5748320897048771e+00
5.1132662965529940e-01 1.0671937056959801e+02 4.5666513909919515e-01 3.6263572056848597e+02 8.4950772908651544e+00
5.1134740524546074e-01 1.0742130304669156e+02 4.5615053287841872e-01 3.6223888653115046e+02 8.4303316999818083e+00
5.1136835847515605e-01 1.0496977977537043e+02 4.5601698098272547e-01 3.6218041500986487e+02 8.6258258277980371e+00
5.1138945244839851e-01 1.0598715780476454e+02 4.5604747218132380e-01 3.6230743528575215e+02 8.5460220556425064e+00
5.1141036223869996e-01 1.0681834286755512e+02 4.5614677696200168e-01 3.6254302001395786e+02 8.4850366117240235e+00
5.1143142815555787e-01 1.0443079086943546e+02 4.5609626018397537e-01 3.6259969024235517e+02 8.6803826539936715e+00
5.1145263204094105e-01 1.0543307978407154e+02 4.5595842869450987e-01 3.6253839482254079e+02 8.5964100537759283e+00
5.1147366308621256e-01 1.0617680698921694e+02 4.5571014808734650e-01 3.6234213686156033e+02 8.5315745296983501e+00
5.1149486499443764e-01 1.0377414762399937e+02 4.5560448057155656e-01 3.6228286640893555e+02 8.7276762735161242e+00
5.1151620907416695e-01 1.0476217823523876e+02 4.5560097448318926e-01 3.6231986245217809e+02 8.6462468744828218e+00
5.1153737580201275e-01 1.0551930243326741e+02 4.5560676761142038e-01 3.6235761730910298e+02 8.5851026530967047e+00
5.1155871000181552e-01 1.0313715490469491e+02 4.5558156565173913e-01 3.6235645088511501e+02 8.7833635516694919e+00
5.1158018540169425e-01 1.0413095015186424e+02 4.5550861037772095e-01 3.6230040645220686e+02 8.6981921783059981e+00
5.1160147839494841e-01 1.0492309170849111e+02 4.5537871394543322e-01 3.6218105824644664e+02 8.6296794239703214e+00
5.1162292895467520e-01 1.0262916789224613e+02 4.5531748681518414e-01 3.6213249985185939e+02 8.8213835133125791e+00
5.1164450329519640e-01 1.0371742797446518e+02 4.5530004918207861e-01 3.6212928275927430e+02 8.7287471795103997e+00
5.1166587526231910e-01 1.0458277805492607e+02 4.5528590119068835e-01 3.6212979807339860e+02 8.6565351582841608e+00
5.1168738695554983e-01 1.0238656310234349e+02 4.5526022957206896e-01 3.6211989677880001e+02 8.8419780341887382e+00
5.1170900701273214e-01 1.0353341096166162e+02 4.5520405619549420e-01 3.6208082732374811e+02 8.7430913354585265e+00
5.1173041816266585e-01 1.0440175465567030e+02 4.5511161373556308e-01 3.6200818665304456e+02 8.6686327219066310e+00
5.1175196301841308e-01 1.0227088236260126e+02 4.5504435979682095e-01 3.6196856513017082e+02 8.8482800961570831e+00
5.1177360679430950e-01 1.0344850108748687e+02 4.5500146876339587e-01 3.6196280569739451e+02 8.7474154263308517e+00
5.1179503878031696e-01 1.0430562322725228e+02 4.5495881043537795e-01 3.6196559077294688e+02 8.6756010743621861e+00
5.1181660353847902e-01 1.0219311353899919e+02 4.5490698405476959e-01 3.6196433554561031e+02 8.8549101551612068e+00
5.1183826699779544e-01 1.0335693295751969e+02 4.5483804857168192e-01 3.6194435427202990e+02 8.7547188155435887e+00
5.1185972156187598e-01 1.0420020969611672e+02 4.5475651437421805e-01 3.6190614275089939e+02 8.6829514020734937e+00
5.1188130604228232e-01 1.0213312707460577e+02 4.5470077605884962e-01 3.6189029244696383e+02 8.8582985465286850e+00
5.1190297968659482e-01 1.0334323256284054e+02 4.5466471263325631e-01 3.6188994287123944e+02 8.7545631653040967e+00
5.1192443517740238e-01 1.0422277412457356e+02 4.5463542752095470e-01 3.6189073517950510e+02 8.6807019439664597e+00
5.1194601228196990e-01 1.0219306151311258e+02 4.5460647316540442e-01 3.6188606166994481e+02 8.8529998101561578e+00
5.1196767189470260e-01 1.0342767055852181e+02 4.5457268251913263e-01 3.6187046672126377e+02 8.7469452025536292e+00
5.1198910925258045e-01 1.0432545164436537e+02 4.5453597969833048e-01 3.6184648717606370e+02 8.6710980271995588e+00
5.1201066226496494e-01 1.0233186518899709e+02 4.5451166537404508e-01 3.6183153362176546e+02 8.8396594001657647e+00
5.1203228800728851e-01 1.0362166692906972e+02 4.5449635389494752e-01 3.6182293467408118e+02 8.7294227500160133e+00
5.1205368082944869e-01 1.0457206796788219e+02 4.5448395556602067e-01 3.6181517311881981e+02 8.6499000199065161e+00
5.1207518050454959e-01 1.0260288280602499e+02 4.5447067331369040e-01 3.6180515996144470e+02 8.8156675053042228e+00
5.1209675038513591e-01 1.0388889878783354e+02 4.5445346619442051e-01 3.6179022392144350e+02 8.7061810295127735e+00
5.1211809239428940e-01 1.0480574369371264e+02 4.5443408613082636e-01 3.6177266750490236e+02 8.6296002192913548e+00
5.1213954730220279e-01 1.0280790314637598e+02 4.5442059475340513e-01 3.6176151722890080e+02 8.7970259619494318e+00
5.1216107653088683e-01 1.0407904393563355e+02 4.5441112263279154e-01 3.6175534042589999e+02 8.6894375358026767e+00
5.1218238148757345e-01 1.0498286842407828e+02 4.5440219626175726e-01 3.6175145528693338e+02 8.6145354169986703e+00
5.1220380244364616e-01 1.0296383707651660e+02 4.5439121071731342e-01 3.6174863991106520e+02 8.7833906102934769e+00
5.1222530239848696e-01 1.0420829615689011e+02 4.5437574883366033e-01 3.6174650608537974e+02 8.6784478641881524e+00
5.1224658550179780e-01 1.0507294602278141e+02 4.5435398036648134e-01 3.6174597876546170e+02 8.6070199908316507e+00
5.1226799512893417e-01 1.0299172440849310e+02 4.5432667147581146e-01 3.6175079793031017e+02 8.7810646925258897e+00
5.1228949522061562e-01 1.0418689032463273e+02 4.5429890660996747e-01 3.6175942586016572e+02 8.6805409186551863e+00
5.1231078492006255e-01 1.0503868990417737e+02 4.5427582093996566e-01 3.6176410609887756e+02 8.6102584302246310e+00
5.1233220213398756e-01 1.0296108782903353e+02 4.5425574904693661e-01 3.6176282826747456e+02 8.7839696504610636e+00
5.1235370761630783e-01 1.0417373295460666e+02 4.5423607109099329e-01 3.6175486814516165e+02 8.6815279121944098e+00
5.1237499884015603e-01 1.0504440218428981e+02 4.5421541483572425e-01 3.6174078576218676e+02 8.6092351957877078e+00
5.1239641553550941e-01 1.0296754112400548e+02 4.5419608822368862e-01 3.6172500058407542e+02 8.7825006947685633e+00
5.1241791999044861e-01 1.0418406987866368e+02 4.5418019075611826e-01 3.6171092193611207e+02 8.6796120164381421e+00
5.1243920821733846e-01 1.0506996021723079e+02 4.5416585135130444e-01 3.6169745079591627e+02 8.6061099206688461e+00
5.1246061830905487e-01 1.0301136768411115e+02 4.5415148225804625e-01 3.6168357869083394e+02 8.7777588731748626e+00
5.1248211011335287e-01 1.0426772775822025e+02 4.5413909728376983e-01 3.6167181029956640e+02 8.6717102711354777e+00
5.1250337742319119e-01 1.0519705512960213e+02 4.5413060147095535e-01 3.6166481414326370e+02 8.5949367522145685e+00
5.1252476153147764e-01 1.0314069848562900e+02 4.5412482889494549e-01 3.6166258021301695e+02 8.7662432367424987e+00
5.1254622968927499e-01 1.0436909823305587e+02 4.5411960906165350e-01 3.6166489203558149e+02 8.6631219910510531e+00
5.1256748144384101e-01 1.0525084659880531e+02 4.5411239226386935e-01 3.6167198854155856e+02 8.5907144747295536e+00
5.1258885966068768e-01 1.0314778200007088e+02 4.5410048364516542e-01 3.6168494888700161e+02 8.7661833796569937e+00
5.1261033027172798e-01 1.0434157809329091e+02 4.5408193856931023e-01 3.6170610146202051e+02 8.6663942618019032e+00
5.1263159022562155e-01 1.0520301133272105e+02 4.5405562982734643e-01 3.6173745769978723e+02 8.5961764097164419e+00
5.1265298116700242e-01 1.0308013292894763e+02 4.5402220559540069e-01 3.6177922656380036e+02 8.7742229342382636e+00
5.1267446915035408e-01 1.0425141475551935e+02 4.5398840241962540e-01 3.6182519074019012e+02 8.6767453369507912e+00
5.1269575158299974e-01 1.0508288374455022e+02 4.5396092742857480e-01 3.6186917790355625e+02 8.6091370213829777e+00
5.1271717365139091e-01 1.0290924123449142e+02 4.5393998840520855e-01 3.6191206948031407e+02 8.7920206470003208e+00
5.1273870307845748e-01 1.0403131419055417e+02 4.5392474260469540e-01 3.6195526313800218e+02 8.6982286524567201e+00
5.1276003193498942e-01 1.0485386215554861e+02 4.5391469740607110e-01 3.6199857170605713e+02 8.6310261792989458e+00
5.1278149778658033e-01 1.0271784953089687e+02 4.5391002742658454e-01 3.6204152718594997e+02 8.8115534164549043e+00
5.1280306177206625e-01 1.0389422396615583e+02 4.5391183567398308e-01 3.6208310068525668e+02 8.7127822621594309e+00
5.1282441430890136e-01 1.0476007871577060e+02 4.5392054253035913e-01 3.6212277355931036e+02 8.6417168161404891e+00
5.1284589568669747e-01 1.0265905652620245e+02 4.5393545825080495e-01 3.6216116130505173e+02 8.8195131915276921e+00
5.1286746899562807e-01 1.0385999136619982e+02 4.5395462856366026e-01 3.6219775094462460e+02 8.7184137553880596e+00
5.1288882486226872e-01 1.0475618466952901e+02 4.5397590774660979e-01 3.6223180014194082e+02 8.6446399628972266e+00
5.1291030080769828e-01 1.0270734705923027e+02 4.5399833107902809e-01 3.6226393696480721e+02 8.8178681305995905e+00
5.1293185802967733e-01 1.0395880738784216e+02 4.5402033993139645e-01 3.6229380769861859e+02 8.7124366083529274e+00
5.1295319117279170e-01 1.0487197248495821e+02 4.5403994488318705e-01 3.6232020695102790e+02 8.6372030192098173e+00
5.1297464368343104e-01 1.0281113461611174e+02 4.5405648131546267e-01 3.6234336209765695e+02 8.8108978529080808e+00
5.1299618094383548e-01 1.0403990378066798e+02 4.5406993391856676e-01 3.6236435132282935e+02 8.7073406009378100e+00
5.1301749863901092e-01 1.0493667347059201e+02 4.5408041226171003e-01 3.6238469753099827e+02 8.6334139806841428e+00
5.1303893872143103e-01 1.0286278566541462e+02 4.5408799858430587e-01 3.6240711095696287e+02 8.8080229553518326e+00
5.1306046644313708e-01 1.0407655810313476e+02 4.5409183077486764e-01 3.6243442262392591e+02 8.7059571633981996e+00
5.1308177824844181e-01 1.0495577453492976e+02 4.5408936268669181e-01 3.6246875277499737e+02 8.6338449309038783e+00
5.1310321566603578e-01 1.0286989207499120e+02 4.5407686679907250e-01 3.6251014739420071e+02 8.8099185311173027e+00
5.1312474390408536e-01 1.0406677692426445e+02 4.5406085920384737e-01 3.6254741077199543e+02 8.7094897499286130e+00
5.1314606200237245e-01 1.0490780950209660e+02 4.5404883170988658e-01 3.6257243899383559e+02 8.6402633110595453e+00
5.1316751702809493e-01 1.0275329312747267e+02 4.5404051617190311e-01 3.6258722830423386e+02 8.8217909438293862e+00
5.1318908000640195e-01 1.0385258372281750e+02 4.5403520551422921e-01 3.6259470399994950e+02 8.7285913118857650e+00
5.1321044792272885e-01 1.0463687988154675e+02 4.5403232970747809e-01 3.6259768110546952e+02 8.6632380838368146e+00
5.1323195669633326e-01 1.0250646040559411e+02 4.5403086377684670e-01 3.6259817588296664e+02 8.8433005697458107e+00
5.1325356395800248e-01 1.0367772085730208e+02 4.5402927735871773e-01 3.6259671738616305e+02 8.7433615049569546e+00
5.1327496078503931e-01 1.0453123008506348e+02 4.5402752499720178e-01 3.6259201459947309e+02 8.6718585035402764e+00
5.1329648615390355e-01 1.0245201334538169e+02 4.5402536000443811e-01 3.6258261275603019e+02 8.8476204838871197e+00
5.1331809889602531e-01 1.0368150434984004e+02 4.5401883623528305e-01 3.6257107148145212e+02 8.7424240648089029e+00
5.1333948636203730e-01 1.0462113696445017e+02 4.5400733806562876e-01 3.6255731937198050e+02 8.6635772151658053e+00
5.1336098746129855e-01 1.0259770926811983e+02 4.5399300403995707e-01 3.6254224930706556e+02 8.8340727072090282e+00
5.1338257057060710e-01 1.0382296123312761e+02 4.5397982650247592e-01 3.6253208215768183e+02 8.7295738305816588e+00
5.1340393576116106e-01 1.0470106020953961e+02 4.5396670802816114e-01 3.6253023768540669e+02 8.6563172560017598e+00
5.1342542594182583e-01 1.0262897039488863e+02 4.5394995801663185e-01 3.6253842219421040e+02 8.8312885922771205e+00
5.1344700493388817e-01 1.0383659569317429e+02 4.5392587821401681e-01 3.6255885051093571e+02 8.7290720600629399e+00
5.1346836814999652e-01 1.0471428822089344e+02 4.5389319044572551e-01 3.6259129129825777e+02 8.6566813722062506e+00
5.1348985468410224e-01 1.0266023485957329e+02 4.5386044336783765e-01 3.6262536968659049e+02 8.8307164449462334e+00
5.1351142388794724e-01 1.0391020452737413e+02 4.5383446561924246e-01 3.6265299378387175e+02 8.7251534975165601e+00
5.1353276862254504e-01 1.0483177514135733e+02 4.5381453821476536e-01 3.6267512100524573e+02 8.6489788166852843e+00
5.1355423164095304e-01 1.0277823271951524e+02 4.5379846888222186e-01 3.6269469761518934e+02 8.8222644041028051e+00
5.1357578102648060e-01 1.0398828704799489e+02 4.5378493324684688e-01 3.6271390270822519e+02 8.7200662931590038e+00
5.1359711721285817e-01 1.0484218726093172e+02 4.5377290823317395e-01 3.6273468844452123e+02 8.6495402738438081e+00
5.1361858946846584e-01 1.0268528213666963e+02 4.5376146470123502e-01 3.6275911397805544e+02 8.8318186021838798e+00
5.1364017769212578e-01 1.0371140644927004e+02 4.5375213919636181e-01 3.6278650636742719e+02 8.7450965806948791e+00
5.1366158827402664e-01 1.0439560881392403e+02 4.5374862578479208e-01 3.6281349163869510e+02 8.6884279846812866e+00
5.1368315410574306e-01 1.0223363899785808e+02 4.5375241086169588e-01 3.6283922562917934e+02 8.8727944438322641e+00
5.1370482308779208e-01 1.0339520015241428e+02 4.5376310611987331e-01 3.6286418586673284e+02 8.7737193151093305e+00
5.1372628070999471e-01 1.0425443164371048e+02 4.5377942875102223e-01 3.6288889171570418e+02 8.7020015838721623e+00
5.1374785898236097e-01 1.0224792924418617e+02 4.5380020299567048e-01 3.6291426995336218e+02 8.8733892372201169e+00
5.1376950060260373e-01 1.0363732879628991e+02 4.5382364711036327e-01 3.6294022534327399e+02 8.7550554794950219e+00
5.1379088624503688e-01 1.0470547274469226e+02 4.5384737430605754e-01 3.6296535591018949e+02 8.6663415577909468e+00
5.1381236733982893e-01 1.0272226910236974e+02 4.5387032438535369e-01 3.6298823883832875e+02 8.8342148691387052e+00
5.1383392507339831e-01 1.0395396487194041e+02 4.5389069506849350e-01 3.6300826357357732e+02 8.7300244877807867e+00
5.1385526702847195e-01 1.0480574770919905e+02 4.5390695047469692e-01 3.6302505523466812e+02 8.6594739117252786e+00
5.1387674783073933e-01 1.0262243545590148e+02 4.5391884380965924e-01 3.6303886502886553e+02 8.8440423240800321e+00
5.1389834784314758e-01 1.0364208457658491e+02 4.5392502953094360e-01 3.6305111335569268e+02 8.7573285224551114e+00
5.1391976664033123e-01 1.0436466814832380e+02 4.5392401652476633e-01 3.6306418522214420e+02 8.6970090468297876e+00
5.1394133768480588e-01 1.0219493507765196e+02 4.5391408748532092e-01 3.6308139073618969e+02 8.8820789029394032e+00
5.1396301118554177e-01 1.0337406030633709e+02 4.5389361928188882e-01 3.6310596456766859e+02 8.7813607081807099e+00
5.1398445004782956e-01 1.0444641424555374e+02 4.5386480548783209e-01 3.6313709256834221e+02 8.6919473299151804e+00
5.1400596258245967e-01 1.0267537052078696e+02 4.5383677243245407e-01 3.6316642377510459e+02 8.8425885860713898e+00
5.1402752283632447e-01 1.0398417879686474e+02 4.5381348780668440e-01 3.6318996393784050e+02 8.7318563299744802e+00
5.1404886204478339e-01 1.0481354303289197e+02 4.5379429117344211e-01 3.6320777460473977e+02 8.6631880789193456e+00
5.1407035938374090e-01 1.0247356222039484e+02 4.5377801299022080e-01 3.6322005623913128e+02 8.8613113560436307e+00
5.1409205309080497e-01 1.0291374320398822e+02 4.5376402064140553e-01 3.6322623748779898e+02 8.8235600557215701e+00
5.1411371740525935e-01 1.0275296350235749e+02 4.5375141461406865e-01 3.6322603050641760e+02 8.8373614279768216e+00
5.1413568484652572e-01 1.0011152028561372e+02 4.5373855989312672e-01 3.6321951796628377e+02 9.0703726436786365e+00
5.1415782187125902e-01 1.0117191194282069e+02 4.5372402178628463e-01 3.6320700277657579e+02 8.9749960191977376e+00
5.1417971297767073e-01 1.0237600249689706e+02 4.5370673585679272e-01 3.6318932907917133e+02 8.8690054363614017e+00
5.1420158262773685e-01 1.0137161523162395e+02 4.5368675253402302e-01 3.6316573258503126e+02 8.9562973756320776e+00
5.1422324419582421e-01 1.0437437477302115e+02 4.5366653928916462e-01 3.6313386327126381e+02 8.6978691863054713e+00
5.1424423671134889e-01 1.0794601124721902e+02 4.5365043401584559e-01 3.6309252684364628e+02 8.4091232887727614e+00
5.1426430115046684e-01 1.1431630796648891e+02 4.5364490754571285e-01 3.6304232707383130e+02 7.9394255625421115e+00
5.1428112014068028e-01 1.5746818837438624e+02 4.5364890246366535e-01 3.6299764578730543e+02 5.7630314023214906e+00
5.1429198317183689e-01 2.9402245988233267e+02 4.5364984480397236e-01 3.6297340146129761e+02 3.0862727426210830e+00
5.1429885934671815e-01 3.6080955259299270e+02 4.5364900578707723e-01 3.6295963677405166e+02 2.5148976389732982e+00
5.1430679111856670e-01 2.2995435380501030e+02 4.5364726254619703e-01 3.6294687489079030e+02 3.9458578287949160e+00
5.1431847217320070e-01 1.6294054148165520e+02 4.5364472313069232e-01 3.6293422573631091e+02 5.5685071136389377e+00
5.1433322767731626e-01 1.4067563020880351e+02 4.5364131112762568e-01 3.6292372699023696e+02 6.4496552539262266e+00
5.1434993345160063e-01 1.2677641538125238e+02 4.5363783014253839e-01 3.6291699660757757e+02 7.1566346846963622e+00
5.1436811819332884e-01 1.1853726162786336e+02 4.5363547990540742e-01 3.6291394522549291e+02 7.6540055895003585e+00
5.1438692875606729e-01 1.1834790855538139e+02 4.5363243756790067e-01 3.6291530140580568e+02 7.6662804150015464e+00
5.1440588285265154e-01 1.1675481376307670e+02 4.5362407142935079e-01 3.6292404530533207e+02 7.7710724210864530e+00
5.1442487058865560e-01 1.1792825797747906e+02 4.5360580023320923e-01 3.6294393761745476e+02 7.6941681290409374e+00
5.1444375834594047e-01 1.1799442921318608e+02 4.5357597884256823e-01 3.6297708122193552e+02 7.6905554703376682e+00
5.1446272674526372e-01 1.1693393095731417e+02 4.5354774550539623e-01 3.6301001331986646e+02 7.7610067999078156e+00
5.1448172014795979e-01 1.1768591372916440e+02 4.5352920503810412e-01 3.6303461116536852e+02 7.7119384908043367e+00
5.1450075219164915e-01 1.1646350616819045e+02 4.5351868290059533e-01 3.6305331507312923e+02 7.7932849314365233e+00
5.1451980081457871e-01 1.1748115216821657e+02 4.5351440956845207e-01 3.6306898093289271e+02 7.7261112576813344e+00
5.1453887614339078e-01 1.1613949014093926e+02 4.5351529062537316e-01 3.6308421692115257e+02 7.8156925021914923e+00
5.1455801570732762e-01 1.1669028434045887e+02 4.5352085524164704e-01 3.6310128567767322e+02 7.7791670431250024e+00
5.1457701477810847e-01 1.1786473609623765e+02 4.5353081921437571e-01 3.6312189198256345e+02 7.7020893612757755e+00
5.1459600207167278e-01 1.1683281365715148e+02 4.5354478191212938e-01 3.6314765811076694e+02 7.7706691883761350e+00
5.1461495075104469e-01 1.1834616878808772e+02 4.5356126538834984e-01 3.6317976002960512e+02 7.6719796624747501e+00
5.1463388882733319e-01 1.1696073276367625e+02 4.5357683555500961e-01 3.6321888257399587e+02 7.7636928649355754e+00
5.1465282000864021e-01 1.1843108051691054e+02 4.5358842484524797e-01 3.6326371020322489e+02 7.6682512018320068e+00
5.1467179452568090e-01 1.1642934984463801e+02 4.5360157146824720e-01 3.6330528912575392e+02 7.8009816599196071e+00
5.1469089891919806e-01 1.1681611458037867e+02 4.5361892437152984e-01 3.6334059813832283e+02 7.7759091595260186e+00
5.1470993106903129e-01 1.1731261161175811e+02 4.5363924981841719e-01 3.6337059690345109e+02 7.7436388106764928e+00
5.1472899648219084e-01 1.1640727251008549e+02 4.5366096770679032e-01 3.6339668575599524e+02 7.8044240260957647e+00
5.1474804954021747e-01 1.1746256345184241e+02 4.5368222628489052e-01 3.6341973973090990e+02 7.7347992639353915e+00
5.1476708452178088e-01 1.1662476307066423e+02 4.5370319419004745e-01 3.6343875950750959e+02 7.7907716581447222e+00
5.1478607760898454e-01 1.1798077880312484e+02 4.5372660379559970e-01 3.6345131016008031e+02 7.7014941299585242e+00
5.1480504840000019e-01 1.1689418804556662e+02 4.5375486078785104e-01 3.6345613090513200e+02 7.7731865241121518e+00
5.1482408057186402e-01 1.1721509565951685e+02 4.5378081456882574e-01 3.6346284445054022e+02 7.7520485395993086e+00
5.1484300019884288e-01 1.1828807027045744e+02 4.5380220117172460e-01 3.6347555208787765e+02 7.6819993608995434e+00
5.1486194779567751e-01 1.1686839521369578e+02 4.5382148892215413e-01 3.6349328354580121e+02 7.7756968186554589e+00
5.1488090228197003e-01 1.1819907940529630e+02 4.5383938075236535e-01 3.6351389270928297e+02 7.6885939919806727e+00
5.1489987358561196e-01 1.1666074200867965e+02 4.5384851547402127e-01 3.6353902302714880e+02 7.7905175461703582e+00
5.1491885523800995e-01 1.1806934338535325e+02 4.5384048409270594e-01 3.6357349500646166e+02 7.6983043307828662e+00
5.1493786839295264e-01 1.1627932386631919e+02 4.5381489078345105e-01 3.6361772498915457e+02 7.8177640034953395e+00
5.1495698062470241e-01 1.1684537942740988e+02 4.5379348322705798e-01 3.6365035284539482e+02 7.7805890705184551e+00
5.1497598842607739e-01 1.1756326060047905e+02 4.5378034680596863e-01 3.6366901431009501e+02 7.7334749915190164e+00
5.1499501493604671e-01 1.1661793536748880e+02 4.5377221191331152e-01 3.6367911454859421e+02 7.7963804067222018e+00
5.1501403455400441e-01 1.1764974881101544e+02 4.5376680812495396e-01 3.6368479386287032e+02 7.7281251668260866e+00
5.1503304545358786e-01 1.1672511619822075e+02 4.5376262260547090e-01 3.6368837480339516e+02 7.7894198491476638e+00
5.1505203396420407e-01 1.1792917370558064e+02 4.5375853594118210e-01 3.6369023078468859e+02 7.7099291752155761e+00
5.1507102815221750e-01 1.1665628691466354e+02 4.5375403040213297e-01 3.6368974313179189e+02 7.7940450692948611e+00
5.1509012076105509e-01 1.1671372069355208e+02 4.5374841949298750e-01 3.6368612478944914e+02 7.7901321847231051e+00
5.1510911562902872e-01 1.1786364520377185e+02 4.5374062323708625e-01 3.6367887281417967e+02 7.7139747414358215e+00
5.1512813264930324e-01 1.1644472212146142e+02 4.5372924453908497e-01 3.6366739094553685e+02 7.8077259389696065e+00
5.1514715371913744e-01 1.1781505119743383e+02 4.5371258902883499e-01 3.6365130955852260e+02 7.7165715641271877e+00
5.1516617977635770e-01 1.1638684749801976e+02 4.5368708544783998e-01 3.6363266848610465e+02 7.8108625738894526e+00
5.1518518886660303e-01 1.1803116685281199e+02 4.5364858389186247e-01 3.6362111434400549e+02 7.7018029228977030e+00
5.1520419713187970e-01 1.1640283987080254e+02 4.5359744719099182e-01 3.6363307057399123e+02 7.8097980894966508e+00
5.1522330938964722e-01 1.1675075275484897e+02 4.5355949794087413e-01 3.6364567253004839e+02 7.7867950302133124e+00
5.1524232689900051e-01 1.1757050163202611e+02 4.5354205686911714e-01 3.6364820403384385e+02 7.7325561893916941e+00
5.1526135425706909e-01 1.1663189927037733e+02 4.5353658163198779e-01 3.6364621427732300e+02 7.7947417591630410e+00
5.1528038275713439e-01 1.1755608959780932e+02 4.5354569312821924e-01 3.6363390679846566e+02 7.7332001269044017e+00
5.1529944998775512e-01 1.1615867708402467e+02 4.5356997666850951e-01 3.6360806809800658e+02 7.8256759896418817e+00
5.1531857870813425e-01 1.1679578150985471e+02 4.5358255689762372e-01 3.6359568636312196e+02 7.7827230072612572e+00
5.1533759859580019e-01 1.1749084460225079e+02 4.5358667878774106e-01 3.6359433873879192e+02 7.7366525870524425e+00
5.1535666314525241e-01 1.1625125812145139e+02 4.5358533425036063e-01 3.6360246345937691e+02 7.8193231913135488e+00
5.1537571016160189e-01 1.1770885972012817e+02 4.5358140266514074e-01 3.6361895715765894e+02 7.7228459697558414e+00
5.1539474399862306e-01 1.1641116544109221e+02 4.5358825203187442e-01 3.6363196876815329e+02 7.8092158812756409e+00
5.1541375792234745e-01 1.1795518222822997e+02 4.5360912072207876e-01 3.6364044577141703e+02 7.7071740067302406e+00
5.1543279591895341e-01 1.1611512733372912e+02 4.5364759301332502e-01 3.6364296944885444e+02 7.8293624999372398e+00
5.1545191231418830e-01 1.1697922885410149e+02 4.5368166361829793e-01 3.6366485209434194e+02 7.7719962692674081e+00
5.1547091301777237e-01 1.1752812396004175e+02 4.5371221611236623e-01 3.6370474701614648e+02 7.7365471080735135e+00
5.1548993818759903e-01 1.1667693511555134e+02 4.5371937257879535e-01 3.6377944916981903e+02 7.7945878679781284e+00
5.1550896009322456e-01 1.1756710183440775e+02 4.5373473079042070e-01 3.6384367067356965e+02 7.7369362899248886e+00
5.1552802010170651e-01 1.1621012709045461e+02 4.5376453233015407e-01 3.6388215067414677e+02 7.8281075794476909e+00
5.1554712884468579e-01 1.1695867972122964e+02 4.5383642956523307e-01 3.6386532955776590e+02 7.7776469951831908e+00
5.1556613369826099e-01 1.1746917919579614e+02 4.5397732737711072e-01 3.6376652415116058e+02 7.7417439757717048e+00
5.1558519510934486e-01 1.1625296536406923e+02 4.5406552154499097e-01 3.6371725051744238e+02 7.8216768359067173e+00
5.1560423863368066e-01 1.1768292154985420e+02 4.5410040334725033e-01 3.6371978294805189e+02 7.7266900361997042e+00
5.1562327148316078e-01 1.1638198660541592e+02 4.5407545751637385e-01 3.6378235870438209e+02 7.8144043016243998e+00
5.1564228221886599e-01 1.1796863506408300e+02 4.5395109022522717e-01 3.6394855777480683e+02 7.7128246329438017e+00
5.1566131162552942e-01 1.1616761597615157e+02 4.5389086534652784e-01 3.6404580533027757e+02 7.8344941976990770e+00
5.1568041379321761e-01 1.1707053009497507e+02 4.5389008397032549e-01 3.6407977138361906e+02 7.7747954820110250e+00
5.1569940647218693e-01 1.1750401199277839e+02 4.5397240380508286e-01 3.6402611710651246e+02 7.7449720850570829e+00
5.1571843991934219e-01 1.1655716108195897e+02 4.5409800263783634e-01 3.6392819216374289e+02 7.8057879238290910e+00
5.1573747099294676e-01 1.1752170624161757e+02 4.5414700743927727e-01 3.6391408821371215e+02 7.7414228369337730e+00
5.1575650274870166e-01 1.1654892739794415e+02 4.5409669668775982e-01 3.6400916946333047e+02 7.8080763502108255e+00
5.1577552003626614e-01 1.1772259277491304e+02 4.5383235031617636e-01 3.6433741902314040e+02 7.7372025716371589e+00
5.1579455340000502e-01 1.1638052680884475e+02 4.5368554773742836e-01 3.6455001747330158e+02 7.8309925953522237e+00
5.1581367236297959e-01 1.1667705758952577e+02 4.5368325267184739e-01 3.6462009751523937e+02 7.8125919749790587e+00
5.1583268509770608e-01 1.1766943155743587e+02 4.5394142132728510e-01 3.6441662711563168e+02 7.7423809712583598e+00
5.1585173555143671e-01 1.1616469172834499e+02 4.5448395844837092e-01 3.6389818565148488e+02 7.8315144696133867e+00
5.1587079531117819e-01 1.1750052736893086e+02 4.5473400148250925e-01 3.6366980796434700e+02 7.7376207602559992e+00
5.1588985921298580e-01 1.1609630030524099e+02 4.5475770515392461e-01 3.6366738101043921e+02 7.8311578416858065e+00
5.1590889640738458e-01 1.1786491364976500e+02 4.5425643718941838e-01 3.6420988192825695e+02 7.7251548117725868e+00
5.1592791453954434e-01 1.1641087994180145e+02 4.5350603446138221e-01 3.6500953826894852e+02 7.8388192420552043e+00
5.1594701448343860e-01 1.1692032519571261e+02 4.5324938661504011e-01 3.6528167290256471e+02 7.8104827430799730e+00
5.1596601028829459e-01 1.1770372122614381e+02 4.5332503097709226e-01 3.6519907148899881e+02 7.7567443850679743e+00
5.1598504159331804e-01 1.1641640953517033e+02 4.5430106875028908e-01 3.6415621462355261e+02 7.8201220961366742e+00
5.1600411701513871e-01 1.1703555697365827e+02 4.5514759889267270e-01 3.6324578053666522e+02 7.7593038801537615e+00
5.1602323087055302e-01 1.1588050865304244e+02 4.5535428392426325e-01 3.6300270763965608e+02 7.8314013257941788e+00
5.1604230918614935e-01 1.1749725322190528e+02 4.5481103705282616e-01 3.6353855854270472e+02 7.7350437685578486e+00
5.1606131270555244e-01 1.1695026848097031e+02 4.5295900364328368e-01 3.6544507531212457e+02 7.8119759804482287e+00
5.1608039507109749e-01 1.1671752640019770e+02 4.5195628074147792e-01 3.6642549921991957e+02 7.8485534803815673e+00
5.1609939218562684e-01 1.1808468944513105e+02 4.5178716130536045e-01 3.6649943124883686e+02 7.7592495896585660e+00
5.1611842642232975e-01 1.1616857547625322e+02 4.5342477066010373e-01 3.6465562919723743e+02 7.8475531722384586e+00
5.1613755085643409e-01 1.1666889204713907e+02 4.5625702069614837e-01 3.6157300743730565e+02 7.7478452287696200e+00
5.1615676600695826e-01 1.1482366559088429e+02 4.5730689723207668e-01 3.6042448936847688e+02 7.8473476594247185e+00
5.1617597751601640e-01 1.1665484362070833e+02 4.5712773514200350e-01 3.6059559663065812e+02 7.7278316407310745e+00
5.1619504774841618e-01 1.1677767899066319e+02 4.5352332791189143e-01 3.6439222606524748e+02 7.8009819430985203e+00
5.1621411124957328e-01 1.1724363398424582e+02 4.4954286795940607e-01 3.6861298104338977e+02 7.8599785872578991e+00
5.1623306310275363e-01 1.1850122261096207e+02 4.4843765912511574e-01 3.6974558134739476e+02 7.8004592104771913e+00
5.1625202001484205e-01 1.1716562029307336e+02 4.4978160779946896e-01 3.6801624752407270e+02 7.8524793920676510e+00
5.1627111691602812e-01 1.1625065172720706e+02 4.5623781447778178e-01 3.5940680440653853e+02 7.7291352578805324e+00
5.1629056665734652e-01 1.1262492165958979e+02 4.5534264647046863e-01 3.4968073832416326e+02 7.7620639635399185e+00
5.1631117759429346e-01 1.0572585593329597e+02 4.2003264871318191e-01 3.1769535579607168e+02 7.5122436463534168e+00
5.1633855228107750e-01 7.3861659444126829e+01 1.8062237502068418e-01 1.8466478979734575e+02 6.2503601728931084e+00
5.1638947934742929e-01 3.4315763571308572e+01 -3.3805244430008957e-01 5.0779010010944980e+01 3.6993938591389344e+00
5.1647794948190739e-01 1.3159680325832738e+01 -8.2131147781251101e-01 7.9595160501161084e+00 1.5121028499627396e+00
5.1659288588843033e-01 9.7730590429555626e+00 -8.8000939987558646e-01 4.6845358867427933e+00 1.1983289638773378e+00
5.1671395687008648e-01 9.7995259942785484e+00 -8.8111177717088607e-01 4.6231163326119198e+00 1.1794234576527289e+00
5.1683529716622623e-01 9.6878185215733357e+00 -8.8111558962072511e-01 4.6235689459770706e+00 1.1931398528164696e+00
5.1695725984200525e-01 9.7003153839084035e+00 -8.8108918452315821e-01 4.6258297225651273e+00 1.1921853928169168e+00
5.1707860905542613e-01 9.7885821741602879e+00 -8.8105400179734172e-01 4.6285913402145571e+00 1.1821403901662657e+00
5.1719994898970034e-01 9.7037095462052125e+00 -8.8103901473998991e-01 4.6301045066228594e+00 1.1928697176518270e+00
5.1732117153349555e-01 9.8082222041049061e+00 -8.8103899249825524e-01 4.6306578298733951e+00 1.1802999905363551e+00
5.1744251044039002e-01 9.6849914559998886e+00 -8.8104486853819175e-01 4.6308029669318866e+00 1.1953554600358187e+00
5.1756428790031661e-01 9.7367259057748594e+00 -8.8105625872328541e-01 4.6305667614281125e+00 1.1889434924633446e+00
5.1768541217527642e-01 9.7884588376137174e+00 -8.8107783307754495e-01 4.6296745372489587e+00 1.1824319369507628e+00
5.1780675147309174e-01 9.7001505502530492e+00 -8.8111435683234851e-01 4.6278718648647832e+00 1.1927319686662121e+00
5.1792801321419724e-01 9.7980778364619745e+00 -8.8115465826420436e-01 4.6258198272887672e+00 1.1802875789765932e+00
5.1804924077628245e-01 9.7032720000912782e+00 -8.8117507156672803e-01 4.6249073740821682e+00 1.1915844918184977e+00
5.1817032089471238e-01 9.8210157557124251e+00 -8.8118230015262466e-01 4.6247704961029488e+00 1.1772637910220582e+00
5.1829135160032647e-01 9.7108084291849455e+00 -8.8118400999547331e-01 4.6249886023594247e+00 1.1906806307854467e+00
5.1841295974066814e-01 9.7276904391256380e+00 -8.8118172535567829e-01 4.6254988858340278e+00 1.1887453951119424e+00
5.1853390851374970e-01 9.8176084386022158e+00 -8.8117281731213881e-01 4.6265077358383255e+00 1.1781147528880840e+00
5.1865478453229830e-01 9.7403973638229022e+00 -8.8115455069315551e-01 4.6281836341128244e+00 1.1878836820617038e+00
5.1877545735694630e-01 9.8522919000381126e+00 -8.8113593222955999e-01 4.6298965764632971e+00 1.1748272948666361e+00
5.1889616746205058e-01 9.7353483097072981e+00 -8.8113026574064357e-01 4.6307873353112026e+00 1.1891683759002640e+00
5.1901725547849797e-01 9.7907643871708121e+00 -8.8113217275656885e-01 4.6311472667228779e+00 1.1825295461075636e+00
5.1913761494778410e-01 9.8533081336689303e+00 -8.8113736834277212e-01 4.6312473582032219e+00 1.1750488504409418e+00
5.1925805861882135e-01 9.7765736319221279e+00 -8.8114656292771243e-01 4.6310739285596458e+00 1.1842272412899406e+00
5.1937836525825420e-01 9.8748891335957136e+00 -8.8116251676970536e-01 4.6304656184647062e+00 1.1722829380208519e+00
5.1949878169073238e-01 9.7572626257116664e+00 -8.8118785262708188e-01 4.6292715275835823e+00 1.1861091848098990e+00
5.1961945217414174e-01 9.8309846754136636e+00 -8.8121836986149849e-01 4.6277395691595542e+00 1.1768250388826975e+00
5.1973948225983635e-01 9.8595983718826368e+00 -8.8123763565092850e-01 4.6268244109659697e+00 1.1731777087798616e+00
5.1985976223214514e-01 9.7891751645828116e+00 -8.8124701614260414e-01 4.6264707600596093e+00 1.1815272181455490e+00
5.1997978927106825e-01 9.9008654326060999e+00 -8.8125106947377962e-01 4.6264397225742302e+00 1.1681907389979702e+00
5.2009955629277271e-01 9.8313120873527691e+00 -8.8125266310181372e-01 4.6265993721977754e+00 1.1764959069272001e+00
5.2021885088448760e-01 9.9798164628115540e+00 -8.8125259264954725e-01 4.6269434992672531e+00 1.1590752987564796e+00
5.2033764650214387e-01 9.9136815114511094e+00 -8.8125125937746807e-01 4.6275145131312740e+00 1.1669515779244368e+00
5.2045651915035118e-01 9.9669337197337349e+00 -8.8125040542842470e-01 4.6281997365750662e+00 1.1608885607946806e+00
5.2057426897229675e-01 1.0104046829030079e+01 -8.8125133924999721e-01 4.6287374804398222e+00 1.1452682174683051e+00
5.2069142590272222e-01 1.0067541018054476e+01 -8.8125265329360836e-01 4.6291130504106315e+00 1.1495143258192544e+00
5.2080799302477421e-01 1.0206915591218028e+01 -8.8125353603398449e-01 4.6294023559885060e+00 1.1338886646548783e+00
5.2092401858152293e-01 1.0161280810199179e+01 -8.8125348591686359e-01 4.6296808109235608e+00 1.1390495197900186e+00
5.2103914001841778e-01 1.0368939675101073e+01 -8.8125197307884473e-01 4.6300210369326180e+00 1.1163197930572122e+00
5.2115296127294120e-01 1.0393908306845372e+01 -8.8124849640416858e-01 4.6304931341277662e+00 1.1137516796925535e+00
5.2126643321723254e-01 1.0433319112084655e+01 -8.8124176530319887e-01 4.6311687413410443e+00 1.1097064825652838e+00
5.2137854852892795e-01 1.0648830431870156e+01 -8.8122966742008779e-01 4.6321123649815110e+00 1.0874697448271831e+00
5.2148913312084622e-01 1.0724481984347422e+01 -8.8121078594732860e-01 4.6333783671507121e+00 1.0800937457662789e+00
5.2159839159860000e-01 1.0911286186898677e+01 -8.8118975773622299e-01 4.6347200754728828e+00 1.0619096585143768e+00
5.2171103400495289e-01 1.0105292570474266e+01 -8.8117684070647584e-01 4.6355666013467252e+00 1.1468165243654018e+00
5.2187345124387807e-01 5.6861111093071948e+00 -8.8117661363890354e-01 4.6357261706503516e+00 2.0381795578451056e+00
5.2863476780303831e-01 8.8708685148147184e-02 -8.8135528961686349e-01 4.6373945897359770e+00 1.3069167303041795e+02
5.4097147976772342e-01 1.0393064929822830e-01 -8.8148867149273080e-01 4.6411023247571794e+00 1.1163940464375355e+02
5.5211211944126226e-01 1.0803927868771274e-01 -8.8158314954324479e-01 4.6420666076479620e+00 1.0741617919039068e+02
5.6295779952597857e-01 1.0953755251305537e-01 -8.8168814596653489e-01 4.6402200924174366e+00 1.0590477845176400e+02
5.7368986091500651e-01 1.1022911781181367e-01 -8.8182488752526023e-01 4.6355987187896783e+00 1.0513553067492808e+02
5.8436568330664973e-01 1.1061652133418312e-01 -8.8186419208329503e-01 4.6348472334310058e+00 1.0475033877237669e+02
5.9500884736243287e-01 1.1089828611504185e-01 -8.8184338907192117e-01 4.6367673682072228e+00 1.0452748032997575e+02
6.0562850059947759e-01 1.1118707836682235e-01 -8.8168193420055396e-01 4.6447632862128856e+00 1.0443577064974082e+02
6.1622462204669914e-01 1.1167098139001022e-01 -8.8120964733359120e-01 4.6667925866687145e+00 1.0447639414867258e+02
6.2678640260864138e-01 1.1257375006666220e-01 -8.8018211010927849e-01 4.7154111854131360e+00 1.0471826652796138e+02
6.3729343899262680e-01 1.1413666086826126e-01 -8.7827016967461236e-01 4.8039922409522937e+00 1.0522456598097688e+02
6.4771567511577055e-01 1.1659734238912675e-01 -8.7523910767621049e-01 4.9471362750741328e+00 1.0607309252735330e+02
6.5801921164201249e-01 1.2002053095677186e-01 -8.7092411020691629e-01 5.1495980800440435e+00 1.0726494123532061e+02
6.6817210101128355e-01 1.2438198666319641e-01 -8.6545077887721966e-01 5.4118485579430171e+00 1.0877476520368883e+02
6.7815098763599946e-01 1.2944323077523207e-01 -8.5899767545250472e-01 5.7212387390898360e+00 1.1049706316864719e+02
6.8794297341172639e-01 1.3502677039371261e-01 -8.5191478978959467e-01 6.0685611063182652e+00 1.1235848062986855e+02
6.9754402530861515e-01 1.4088887561517799e-01 -8.4438970781981193e-01 6.4395835498978080e+00 1.1426706902478949e+02
7.0695659862590865e-01 1.4694546767670727e-01 -8.3664311308262918e-01 6.8296070759792018e+00 1.1619288406711749e+02
7.1618591623033612e-01 1.5308125250098539e-01 -8.2873009602480019e-01 7.2313980350923091e+00 1.1809738156940155e+02
7.2523893604024425e-01 1.5928897349973711e-01 -8.2074567189349923e-01 7.6445922625092919e+00 1.1997993480888854e+02
7.3412265237172014e-01 1.6551899739760056e-01 -8.1268649144810690e-01 8.0658290725991098e+00 1.2182633412803705e+02
7.4284415567987216e-01 1.7178583080544224e-01 -8.0459695360841610e-01 8.4960571244815544e+00 1.2364315911048348e+02
7.5141002131468615e-01 1.7806336239367987e-01 -7.9645919026873047e-01 8.9333813558451585e+00 1.2542419220544606e+02
7.5982656818293526e-01 1.8436862519600236e-01 -7.8829836718711910e-01 9.3789295200881657e+00 1.2717632284394138e+02
7.6809956406424340e-01 1.9068582514937363e-01 -7.8009676344871803e-01 9.8314915831987637e+00 1.2889646589484656e+02
7.7623435040359534e-01 1.9703339842633985e-01 -7.7187544065113289e-01 1.0292340619739393e+01 1.3059131982118183e+02
7.8423561394606922e-01 2.0340401245090931e-01 -7.6362396242259323e-01 1.0760884878669502e+01 1.3225998775794307e+02
7.9210754729965638e-01 2.0981518306788052e-01 -7.5536107697987354e-01 1.1238399439115328e+01 1.3390831963146616e+02
7.9985399245272071e-01 2.1625545227511414e-01 -7.4707006312975910e-01 1.1724003881985023e+01 1.3553419993164005e+02
8.0747882872635357e-01 2.2272978519743855e-01 -7.3875339732965495e-01 1.2218062041703927e+01 1.3713996570859666e+02
8.1498584558642961e-01 2.2923012153581743e-01 -7.3039799306374498e-01 1.2719921901180253e+01 1.3872437243367202e+02
8.2237856896329808e-01 2.3576939838105795e-01 -7.2201642973830271e-01 1.3230595719962789e+01 1.4029169827395376e+02
8.2966005098748230e-01 2.4234941513682068e-01 -7.1360816671641347e-01 1.3750145174262595e+01 1.4184215347187677e+02
8.3683316424773546e-01 2.4897217045306699e-01 -7.0517289374166869e-01 1.4279037726195268e+01 1.4337985747775545e+02
8.4390068066519319e-01 2.5563653963910704e-01 -6.9670491364474985e-01 1.4816248704946648e+01 1.4489564682207970e+02
8.5086544985800361e-01 2.6233519979283126e-01 -6.8819272629883432e-01 1.5363966918169583e+01 1.4641541556663637e+02
8.5772959992536857e-01 2.6910436701999568e-01 -6.7970119357605674e-01 1.5918016233293448e+01 1.4787957930194673e+02
8.6449593859076324e-01 2.7589515005617682e-01 -6.7101753529388386e-01 1.6492518969611709e+01 1.4944553181030514e+02
8.7116582462071701e-01 2.8273269511304355e-01 -6.6277436602194439e-01 1.7044897489066713e+01 1.5071565637511205e+02
8.7775306514146267e-01 2.9010933516090553e-01 -6.4938508437864084e-01 1.7961718537631725e+01 1.5478404484700127e+02
