1.7200705204777823e-02 1.0479896889318065e-01 1.4704653921047053e-01 6.8094138041499974e+01 1.6243990461133949e+03
4.0784265885961096e-02 1.1508438603467287e-01 1.7580919117659383e-01 6.8610703604787219e+01 1.4904433600600703e+03
5.7448709011222940e-02 1.2697918437231739e-01 2.3512567265128353e-01 6.6763911816585207e+01 1.3144656769259491e+03
7.5784424311024626e-02 1.3758959428020842e-01 2.9215050134181209e-01 6.7215852559286901e+01 1.2213106105683819e+03
9.1910955301195321e-02 1.4235892179895085e-01 3.4463308278028998e-01 6.7743841627410404e+01 1.1896662459112147e+03
1.0776317043168041e-01 1.4559794729248157e-01 3.9537387059495860e-01 6.8660177624646138e+01 1.1789345059707384e+03
1.2306588898602729e-01 1.4823833411876469e-01 4.4406927423379633e-01 6.9782500779762913e+01 1.1768632788981392e+03
1.3780065603711694e-01 1.5084234668969226e-01 4.9029522073812920e-01 7.1152588998993735e+01 1.1792542107781981e+03
1.5190214724800458e-01 1.5351604818658277e-01 5.3394441510473001e-01 7.2738390107359919e+01 1.1845404921274744e+03
1.6534184261122820e-01 1.5631929713745787e-01 5.7489288727287235e-01 7.4543079289369999e+01 1.1921605434264022e+03
1.7809568087016131e-01 1.5934929117310226e-01 6.1312986498817856e-01 7.6557827508895301e+01 1.2011008481005731e+03
1.9015084330151949e-01 1.6266155471847854e-01 6.4870396306839162e-01 7.8794081425478524e+01 1.2110126692482586e+03
2.0149749072325987e-01 1.6632410961015737e-01 6.8177101627929970e-01 8.1289290108505114e+01 1.2218506730478962e+03
2.1212768636373863e-01 1.7041540604843250e-01 7.1249345091432581e-01 8.4103292635997960e+01 1.2337982607642821e+03
2.2205240284060657e-01 1.7457976197841968e-01 7.4032755810601214e-01 8.6988859524733925e+01 1.2456893419222170e+03
2.3137399917026752e-01 1.7708706626284668e-01 7.6307404677626611e-01 8.8705485396686541e+01 1.2522863367252191e+03
2.4030663404704006e-01 1.7662787213686051e-01 7.8000593287031761e-01 8.8344650735958822e+01 1.2504347369862553e+03
2.4906659835224945e-01 1.7379495942970072e-01 7.9300181445853068e-01 8.6352958762766903e+01 1.2421671929687971e+03
2.5779969572425121e-01 1.6943153858799198e-01 8.0367958394767947e-01 8.3335609024230536e+01 1.2296354285443635e+03
2.6659475863467341e-01 1.6416127996606658e-01 8.1303977596308652e-01 7.9736013698351812e+01 1.2142938595939597e+03
2.7550534478559358e-01 1.5839024975977228e-01 8.2168745997825632e-01 7.5846091157662372e+01 1.1971395220459724e+03
2.8456279245991783e-01 1.5236137798711857e-01 8.2997381544166793e-01 7.1842136451323995e+01 1.1788114776928232e+03
2.9378817287086351e-01 1.4621282932536950e-01 8.3809912293608269e-01 6.7823919707776355e+01 1.1596779848375486e+03
3.0319578887564214e-01 1.4000702753476932e-01 8.4615883379747747e-01 6.3836983852279026e+01 1.1398889215833428e+03
3.1279809457637686e-01 1.3374607337900285e-01 8.5417265758106997e-01 5.9886450978620886e+01 1.1194057789068265e+03
3.2260808937666463e-01 1.2747050107196736e-01 8.6220050850817254e-01 5.6001350855645555e+01 1.0983198148728602e+03
3.3264005601962676e-01 1.2112255905165754e-01 8.7019635772562265e-01 5.2149776926880932e+01 1.0763844765003601e+03
3.4290921610595210e-01 1.1475959405711503e-01 8.7823825727056826e-01 4.8371126263616148e+01 1.0537490712877172e+03
3.5343450698289597e-01 1.0830218692652926e-01 8.8626356677254770e-01 4.4623538367667422e+01 1.0300701129410118e+03
3.6423617491827709e-01 1.0180646362905246e-01 8.9435002958135745e-01 4.0946949824529717e+01 1.0055095807503502e+03
3.7534087964901419e-01 9.5178927799530952e-02 9.0242908852225634e-01 3.7297507271081763e+01 9.7966819267073038e+02
3.8677702755333654e-01 8.8484546428626895e-02 9.1058065502304852e-01 3.3723410973044672e+01 9.5280510366424676e+02
3.9858104933121458e-01 8.1619728426345420e-02 9.1870224431898118e-01 3.0182278019723299e+01 9.2447863407681336e+02
4.1079335251360727e-01 7.4706504530997531e-02 9.2682555815039180e-01 2.6751007440520876e+01 8.9520342333180781e+02
4.2345330749365706e-01 6.7834198010947741e-02 9.3470831650276531e-01 2.3449056463806944e+01 8.6420482409265423e+02
4.3658309030699993e-01 6.1606970617538712e-02 9.4202075062134805e-01 2.0442066579928259e+01 8.2953545576986505e+02
4.5016238228391092e-01 5.7443107422787520e-02 9.4817150233981606e-01 1.7951679635715678e+01 7.8128083773347100e+02
4.6406585095006248e-01 5.9751057314676642e-02 9.5252469845375654e-01 1.6177673646586229e+01 6.7687813294194689e+02
4.7807040577531668e-01 8.4017065768830695e-02 9.5481835765666445e-01 1.5140569364367673e+01 4.5052065392364136e+02
4.9255711710117572e-01 1.8070146339098803e-01 9.5536866755508620e-01 1.4587551301205673e+01 2.0181838911899467e+02
5.0472992238177894e-01 4.0118119713321232e-01 9.5485216965752839e-01 1.4270614846224465e+01 8.8928736866286300e+01
5.1054342300907618e-01 8.4172611938782360e-01 9.2869406555098766e-01 2.2496798929896674e+01 6.6817455261630428e+01
5.1175757333268768e-01 4.7166242343564955e+00 5.0176893913833009e-01 2.2314734820524154e+02 1.1827704366388132e+02
5.1184829040570134e-01 6.5542894179689632e+00 3.8675867991327645e-01 3.0150224385685476e+02 1.1500188068834321e+02
5.1186042607080173e-01 7.7655501277450822e+00 3.8827515094285098e-01 2.9978208054400028e+02 9.6510252207672437e+01
5.1187480490598247e-01 1.0159446374275559e+01 3.8815974416808147e-01 2.9968418651686272e+02 7.3745206056622450e+01
5.1188906627054998e-01 1.3614159431704953e+01 3.8825200822493844e-01 2.9974996290613211e+02 5.5043788125484241e+01
5.1190518230840265e-01 1.8825122295601417e+01 3.8876219382785043e-01 3.0014037999691601e+02 3.9859021270082977e+01
5.1192243814394656e-01 2.5910189822410945e+01 3.9003643328906418e-01 3.0113383187116000e+02 2.9055540883252736e+01
5.1194112278354642e-01 3.5317001663897301e+01 3.9219379770275969e-01 3.0286455872750099e+02 2.1439005610511909e+01
5.1196056377373633e-01 4.6314824984064870e+01 3.9423742868052253e-01 3.0451523992531696e+02 1.6437244447651960e+01
5.1198030552176155e-01 5.7348611260495403e+01 3.9590848118474820e-01 3.0589266320536234e+02 1.3334789477983254e+01
5.1200040825097737e-01 6.7199121877448547e+01 3.9765267830385265e-01 3.0734291437317427e+02 1.1434037595523849e+01
5.1202067040498855e-01 7.5389324102952571e+01 3.9971577908407613e-01 3.0908522579855367e+02 1.0249635126601719e+01
5.1204098500623996e-01 8.2084048971402808e+01 4.0201073283656014e-01 3.1104616063067834e+02 9.4734045325616041e+00
5.1206139126533690e-01 8.7427808298850124e+01 4.0408833169843816e-01 3.1285392538728149e+02 8.9460645152474996e+00
5.1208193465409024e-01 9.1676476170665239e+01 4.0583951534822660e-01 3.1439992594435103e+02 8.5736259473767067e+00
5.1210259184107487e-01 9.5019347083106666e+01 4.0743788199899167e-01 3.1582772067974361e+02 8.3095635356111117e+00
5.1212335301013800e-01 9.7686491223001980e+01 4.0905749965052701e-01 3.1728761821592462e+02 8.1200484899086494e+00
5.1214417128722489e-01 9.9823693524142371e+01 4.1082875885929609e-01 3.1889456914821699e+02 7.9864448481635373e+00
5.1216503751652542e-01 1.0158526486895404e+02 4.1283734541761485e-01 3.2072773611453488e+02 7.8930673786271264e+00
5.1218590200753100e-01 1.0306236418405321e+02 4.1512455205778298e-01 3.2282869303471813e+02 7.8309064514131661e+00
5.1220674512864184e-01 1.0433344683926758e+02 4.1764287170105963e-01 3.2516123929186097e+02 7.7913950210231473e+00
5.1222753720043879e-01 1.0542578237942803e+02 4.2027019518189768e-01 3.2761871325615056e+02 7.7689419481149518e+00
5.1224827527886685e-01 1.0635565093282997e+02 4.2282758810555171e-01 3.3003815254010601e+02 7.7578894408851191e+00
5.1226895600089062e-01 1.0712553678929284e+02 4.2517934763211829e-01 3.3228995007781077e+02 7.7546857648750454e+00
5.1228958558952309e-01 1.0775928291398657e+02 4.2728261595422662e-01 3.3432864080115519e+02 7.7563768002246327e+00
5.1231017356897368e-01 1.0827658093848756e+02 4.2913585528460951e-01 3.3614680586633870e+02 7.7612998801953621e+00
5.1233072514834865e-01 1.0870438894929379e+02 4.3076547354353451e-01 3.3776447777883465e+02 7.7679586133451393e+00
5.1235125086802757e-01 1.0905948933777233e+02 4.3218907454558181e-01 3.3919391197404519e+02 7.7754332528441141e+00
5.1237175349306741e-01 1.0936032413619995e+02 4.3343349884877713e-01 3.4045724049015143e+02 7.7829240901420969e+00
5.1239224296842711e-01 1.0961806816007959e+02 4.3451406643363799e-01 3.4156607435980368e+02 7.7899127418711975e+00
5.1241271943409772e-01 1.0983571703021639e+02 4.3545243736361544e-01 3.4253908031746846e+02 7.7966232109914264e+00
5.1243319176490887e-01 1.1001170331082950e+02 4.3626134574277209e-01 3.4338674483494952e+02 7.8034139664381224e+00
5.1245365838978962e-01 1.1014242964394305e+02 4.3695965661750108e-01 3.4412629375645878e+02 7.8109384110400155e+00
5.1247412801679293e-01 1.1021927652435552e+02 4.3755879744657478e-01 3.4476798409814910e+02 7.8200473404024891e+00
5.1249459784917772e-01 1.1023759911989538e+02 4.3807327554498560e-01 3.4532557439728294e+02 7.8313927633189815e+00
5.1251507513729289e-01 1.1018876534397360e+02 4.3851008638473515e-01 3.4580552759749929e+02 7.8457528432686994e+00
5.1253555610467805e-01 1.1007281469650506e+02 4.3887936747198136e-01 3.4621765170840922e+02 7.8633778163801722e+00
5.1255604766256846e-01 1.0989810620796476e+02 4.3918775415561645e-01 3.4656829444444264e+02 7.8838550181341862e+00
5.1257654713921807e-01 1.0970303586892852e+02 4.3944605414701532e-01 3.4686808564960478e+02 7.9047057107890213e+00
5.1259706179508213e-01 1.0952464515457964e+02 4.3966160708086666e-01 3.4712418911146369e+02 7.9234264722232970e+00
5.1261758777113187e-01 1.0937198065299691e+02 4.3984218803172037e-01 3.4734429727907855e+02 7.9395173975383475e+00
5.1263813010982673e-01 1.0924089550462824e+02 4.3998960974513657e-01 3.4753012908063687e+02 7.9532973314447295e+00
5.1265868493966182e-01 1.0912477414932594e+02 4.4010600670222022e-01 3.4768381305731305e+02 7.9652813893008352e+00
5.1267925764590294e-01 1.0901865690616988e+02 4.4019070134050226e-01 3.4780464701521993e+02 7.9758056300988995e+00
5.1269984451886152e-01 1.0891883992033348e+02 4.4024751377505100e-01 3.4789651532078062e+02 7.9852235750776144e+00
5.1272045001786526e-01 1.0882297106943437e+02 4.4027950542444211e-01 3.4796254694321721e+02 7.9937752003021529e+00
5.1274106985030121e-01 1.0872963407015172e+02 4.4029294774520444e-01 3.4800918230497973e+02 8.0017095909760521e+00
5.1276170840976887e-01 1.0863793386346151e+02 4.4029244608087370e-01 3.4804122815303083e+02 8.0092012010845259e+00
5.1278236259678744e-01 1.0854734673760419e+02 4.4028308861084414e-01 3.4806405808999443e+02 8.0164110075252140e+00
5.1280303621063061e-01 1.0845768899946825e+02 4.4026855169726670e-01 3.4808167907993112e+02 8.0234440335907813e+00
5.1282372506127460e-01 1.0836897982702864e+02 4.4025160086215215e-01 3.4809721348158268e+02 8.0303702691764833e+00
5.1284443276242186e-01 1.0828117657574916e+02 4.4023185439743379e-01 3.4811068867258496e+02 8.0371930671870011e+00
5.1286515579192549e-01 1.0819425927061980e+02 4.4020714437580111e-01 3.4812028160821444e+02 8.0438713651498421e+00
5.1288589827167819e-01 1.0810855639026302e+02 4.4017475599669398e-01 3.4812363714594619e+02 8.0503257274393825e+00
5.1290665679157454e-01 1.0802452422966117e+02 4.4013301070055821e-01 3.4811924816824973e+02 8.0564864934777436e+00
5.1292743417843267e-01 1.0794263331361354e+02 4.4008043342431435e-01 3.4810577485901990e+02 8.0622865167566165e+00
5.1294822640564397e-01 1.0786340195031335e+02 4.4001873897076998e-01 3.4808482216002329e+02 8.0677230614413276e+00
5.1296903613604816e-01 1.0778767940990429e+02 4.3995200335351181e-01 3.4806035288445878e+02 8.0728232296574678e+00
5.1298986007318348e-01 1.0771582912712138e+02 4.3988474759784496e-01 3.4803664786206110e+02 8.0776579144028116e+00
5.1301070043953079e-01 1.0764744459565438e+02 4.3981811572689161e-01 3.4801474075625447e+02 8.0822805888116633e+00
5.1303155277679968e-01 1.0758144908660933e+02 4.3975150151994691e-01 3.4799390006517740e+02 8.0867543386830132e+00
5.1305241851285799e-01 1.0751678939601024e+02 4.3968409757147148e-01 3.4797332403848918e+02 8.0911392070316506e+00
5.1307329590811013e-01 1.0745242388873010e+02 4.3961538514374360e-01 3.4795245450049214e+02 8.0955003597872874e+00
5.1309418813540553e-01 1.0738747205172467e+02 4.3954494209196049e-01 3.4793089807954368e+02 8.0998949745264053e+00
5.1311509250391896e-01 1.0732133832183533e+02 4.3947248624649438e-01 3.4790831164839614e+02 8.1043601647299734e+00
5.1313601159763356e-01 1.0725380094889678e+02 4.3939754085150906e-01 3.4788420366167441e+02 8.1089015164001239e+00
5.1315694317981286e-01 1.0718531685782025e+02 4.3931971911900636e-01 3.4785807708276735e+02 8.1134731715211519e+00
5.1317789072999476e-01 1.0711692821814653e+02 4.3923843010835828e-01 3.4782924395664890e+02 8.1179802703146358e+00
5.1319885291151757e-01 1.0704991264920153e+02 4.3915332378843336e-01 3.4779713741985086e+02 8.1223124992070019e+00
5.1321983165257712e-01 1.0698532767265374e+02 4.3906388493081194e-01 3.4776098241957857e+02 8.1263709235820052e+00
5.1324082300710350e-01 1.0692348160464843e+02 4.3896994319537119e-01 3.4772026688420476e+02 8.1301193541823444e+00
5.1326182910693630e-01 1.0686422047364943e+02 4.3887111433306047e-01 3.4767426172648055e+02 8.1335516271372175e+00
5.1328284746410091e-01 1.0680688108678585e+02 4.3876740450022017e-01 3.4762268971284692e+02 8.1367110006326850e+00
5.1330387994800297e-01 1.0675068916625510e+02 4.3865865273274462e-01 3.4756515371926025e+02 8.1396466016710498e+00
5.1332492346755876e-01 1.0669478479621073e+02 4.3854526718419123e-01 3.4750195722611420e+02 8.1424307169710843e+00
5.1334597831596007e-01 1.0663834135400154e+02 4.3842777149410400e-01 3.4743352953220688e+02 8.1451362877740809e+00
5.1336704311561054e-01 1.0658067190532620e+02 4.3830745286572886e-01 3.4736116771074455e+02 8.1478461690338104e+00
5.1338812164851666e-01 1.0652113062406536e+02 4.3818588777765388e-01 3.4728641215214310e+02 8.1506460295137888e+00
5.1340921255279748e-01 1.0645931344562891e+02 4.3806494444277838e-01 3.4721116148647656e+02 8.1536117003000630e+00
5.1343031810412809e-01 1.0639493159934882e+02 4.3794627082711179e-01 3.4713703909666924e+02 8.1568039444745963e+00
5.1345143630955692e-01 1.0632836634157640e+02 4.3783087365073581e-01 3.4706511279214578e+02 8.1602192513052110e+00
5.1347257042035088e-01 1.0626087339043474e+02 4.3771931503594386e-01 3.4699597478610428e+02 8.1637757086546738e+00
5.1349372009989613e-01 1.0619463546401728e+02 4.3761149214891726e-01 3.4692963306593049e+02 8.1673059931422642e+00
5.1351488780917465e-01 1.0613180354535673e+02 4.3750723157784382e-01 3.4686597090478296e+02 8.1706415823920668e+00
5.1353606896528281e-01 1.0607330366568044e+02 4.3740606504616220e-01 3.4680460221708910e+02 8.1737013516176624e+00
5.1355726419096381e-01 1.0601922090946606e+02 4.3730768333231174e-01 3.4674522843974336e+02 8.1764708669157908e+00
5.1357847072448237e-01 1.0596880522114957e+02 4.3721166626913682e-01 3.4668747262699480e+02 8.1789983359603351e+00
5.1359969000497618e-01 1.0592123779595505e+02 4.3711778436292642e-01 3.4663112871726702e+02 8.1813415309829463e+00
5.1362091876879168e-01 1.0587548387567053e+02 4.3702573632234404e-01 3.4657601285951858e+02 8.1835756535125395e+00
5.1364215569284011e-01 1.0583057397307013e+02 4.3693534423860730e-01 3.4652210527272757e+02 8.1857749670927884e+00
5.1366339811978912e-01 1.0578548822769413e+02 4.3684632588111200e-01 3.4646936631421988e+02 8.1880173764589195e+00
5.1368464973852213e-01 1.0573916955453447e+02 4.3675843564079048e-01 3.4641781265674626e+02 8.1903852213933597e+00
5.1370591094354179e-01 1.0569060991115005e+02 4.3667135168118931e-01 3.4636735114934453e+02 8.1929546872830539e+00
5.1372718388344851e-01 1.0563876900955223e+02 4.3658478864172706e-01 3.4631787557367079e+02 8.1958044101771854e+00
5.1374846714280498e-01 1.0558314362965271e+02 4.3649844594192355e-01 3.4626916513776791e+02 8.1989689176227412e+00
5.1376976378491668e-01 1.0552409073688619e+02 4.3641204368080827e-01 3.4622101545515523e+02 8.2024164585891324e+00
5.1379107509074151e-01 1.0546385977683617e+02 4.3632533024199294e-01 3.4617322653469995e+02 8.2059680744477337e+00
5.1381240529013283e-01 1.0540560950834117e+02 4.3623806875718024e-01 3.4612570117339072e+02 8.2093757340779963e+00
5.1383374984431240e-01 1.0535138210661306e+02 4.3615013344097708e-01 3.4607842301607292e+02 8.2124794211491690e+00
5.1385510788569455e-01 1.0530172684923062e+02 4.3606141925413749e-01 3.4603142613320517e+02 8.2152362664633145e+00
5.1387647672227765e-01 1.0525595194383854e+02 4.3597193644522431e-01 3.4598470275285069e+02 8.2176992455841820e+00
5.1389785746405137e-01 1.0521317423978942e+02 4.3588168571127056e-01 3.4593817284238912e+02 8.2199347976606010e+00
5.1391924710764225e-01 1.0517225624115108e+02 4.3579072619460046e-01 3.4589167807976168e+02 8.2220276155020731e+00
5.1394064333752709e-01 1.0513212618290817e+02 4.3569903417607625e-01 3.4584503892795277e+02 8.2240569910631791e+00
5.1396204155585812e-01 1.0509168945059218e+02 4.3560658986841783e-01 3.4579812959785374e+02 8.2261054942985616e+00
5.1398344519372963e-01 1.0504982678737389e+02 4.3551329887435575e-01 3.4575088279314639e+02 8.2282592310447971e+00
5.1400485736460955e-01 1.0500547544738531e+02 4.3541918387091455e-01 3.4570333816344555e+02 8.2306026588267258e+00
5.1402628057693667e-01 1.0495746050710299e+02 4.3532434973646639e-01 3.4565559880423319e+02 8.2332308045134397e+00
5.1404771396867777e-01 1.0490489612500463e+02 4.3522906069463346e-01 3.4560782950315365e+02 8.2362178093987062e+00
5.1406916094019461e-01 1.0484704121537061e+02 4.3513358575519989e-01 3.4556020139828928e+02 8.2396269220525724e+00
5.1409062403900352e-01 1.0478455493924444e+02 4.3503817336027983e-01 3.4551286000343276e+02 8.2434109732051173e+00
5.1411211043201555e-01 1.0471975139880490e+02 4.3494299029241951e-01 3.4546590124445328e+02 8.2473911709552610e+00
5.1413361563744409e-01 1.0465623000467924e+02 4.3484817811293364e-01 3.4541933883076103e+02 8.2512846778284779e+00
5.1415513713037453e-01 1.0459644497775554e+02 4.3475387920074859e-01 3.4537312661994218e+02 8.2548963947434473e+00
5.1417667122398791e-01 1.0454069046608419e+02 4.3466020406568107e-01 3.4532716346279335e+02 8.2581997957729882e+00
5.1419821911063179e-01 1.0448824493928177e+02 4.3456728991554111e-01 3.4528138457757223e+02 8.2612495017553336e+00
5.1421977778405059e-01 1.0443781448435612e+02 4.3447523491534046e-01 3.4523578365879445e+02 8.2641470755429260e+00
5.1424134425413492e-01 1.0438806368420961e+02 4.3438419263154027e-01 3.4519041884708457e+02 8.2669992780817410e+00
5.1426291097830035e-01 1.0433758156085909e+02 4.3429426511324704e-01 3.4514534314802967e+02 8.2699190930237787e+00
5.1428448109399794e-01 1.0428483387314019e+02 4.3420554548226242e-01 3.4510056051139048e+02 8.2730284858869432e+00
5.1430606069487883e-01 1.0422830330216620e+02 4.3411795906839756e-01 3.4505600588096104e+02 8.2764468706886678e+00
5.1432765373905509e-01 1.0416623707391277e+02 4.3403137932438507e-01 3.4501160428133267e+02 8.2803126515102115e+00
5.1434925966957734e-01 1.0409724946048163e+02 4.3394550847725855e-01 3.4496726714942844e+02 8.2847354021680513e+00
5.1437088325736990e-01 1.0401997794178355e+02 4.3386000554922322e-01 3.4492287645715049e+02 8.2898228610034934e+00
5.1439252884836240e-01 1.0393480591936394e+02 4.3377453079736694e-01 3.4487826169069058e+02 8.2955430243035870e+00
5.1441420956541184e-01 1.0384408616967146e+02 4.3368883399284019e-01 3.4483315347831586e+02 8.3017041749226586e+00
5.1443592106228619e-01 1.0375257076860632e+02 4.3360284811860816e-01 3.4478731428162467e+02 8.3079221971903010e+00
5.1445765927816078e-01 1.0366382926750777e+02 4.3351654508369425e-01 3.4474053068653433e+02 8.3139059477756856e+00
5.1447941708579570e-01 1.0357834239971103e+02 4.3342987131012656e-01 3.4469278326989678e+02 8.3196152613574377e+00
5.1450119471553313e-01 1.0349412693924269e+02 4.3334264492019819e-01 3.4464411296835812e+02 8.3252094384709654e+00
5.1452298717270084e-01 1.0340777745790433e+02 4.3325469288871388e-01 3.4459466015818788e+02 8.3309657317232979e+00
5.1454478917432755e-01 1.0331485266081442e+02 4.3316584688026033e-01 3.4454444309884548e+02 8.3372437317893358e+00
5.1456658941723432e-01 1.0321174742446478e+02 4.3307611204856727e-01 3.4449340756050725e+02 8.3443361864555161e+00
5.1458839185038641e-01 1.0310233826401191e+02 4.3298546602778470e-01 3.4444133992970399e+02 8.3519284268728367e+00
5.1461020710637317e-01 1.0300245657738354e+02 4.3289389644512594e-01 3.4438815771233976e+02 8.3587365087163814e+00
5.1463204200169566e-01 1.0292465059946606e+02 4.3280128494196513e-01 3.4433395589194726e+02 8.3637387614734742e+00
5.1465389477371359e-01 1.0286860395492080e+02 4.3270757338852339e-01 3.4427914141185579e+02 8.3669634897234104e+00
5.1467576944048754e-01 1.0283171289191554e+02 4.3261269924511681e-01 3.4422420552875343e+02 8.3686295756485407e+00
5.1469766982972120e-01 1.0280802785287273e+02 4.3251686198793587e-01 3.4416957311797881e+02 8.3692290452870957e+00
5.1471961491823781e-01 1.0279310892540640e+02 4.3242041044724111e-01 3.4411539476775584e+02 8.3691260621728354e+00
5.1474160044416439e-01 1.0278402589837056e+02 4.3232392504638856e-01 3.4406163036819191e+02 8.3685579388666085e+00
5.1476361796223924e-01 1.0278100458166057e+02 4.3222782572957724e-01 3.4400828323600086e+02 8.3675063460457526e+00
5.1478565581935631e-01 1.0279060451678519e+02 4.3213217482492150e-01 3.4395550724383611e+02 8.3654412983744528e+00
5.1480771139360137e-01 1.0282390713135315e+02 4.3203679498640440e-01 3.4390361586438934e+02 8.3614702421555336e+00
5.1482977587506173e-01 1.0289320110543548e+02 4.3194156800569949e-01 3.4385282372351077e+02 8.3546050669363989e+00
5.1485183388247546e-01 1.0301932223951555e+02 4.3184673103147314e-01 3.4380317779369443e+02 8.3431721913867456e+00
5.1487386544734393e-01 1.0322382924448857e+02 4.3175277270911322e-01 3.4375445310672325e+02 8.3254626287049263e+00
5.1489587262781833e-01 1.0354395985288245e+02 4.3166003724934143e-01 3.4370649615853085e+02 8.2985646059624507e+00
5.1491786835928233e-01 1.0401829873658022e+02 4.3156837139804927e-01 3.4365935453091043e+02 8.2595889065924393e+00
5.1493984804405524e-01 1.0471281693532171e+02 4.3147738282926840e-01 3.4361333580557493e+02 8.2037076707098748e+00
5.1496180286479198e-01 1.0569400163135155e+02 4.3138660417044505e-01 3.4356854865846270e+02 8.1264911763107932e+00
5.1498371855864167e-01 1.0707372973428066e+02 4.3129590159619013e-01 3.4352470055663213e+02 8.0207512479751024e+00
5.1500558648070927e-01 1.0896026088949492e+02 4.3120550071524200e-01 3.4348096627149863e+02 7.8808770157922412e+00
5.1502742195052820e-01 1.1153645588454718e+02 4.3111547278856371e-01 3.4343649860202447e+02 7.6978530445130895e+00
5.1504919287420670e-01 1.1496538430222058e+02 4.3102563121067466e-01 3.4339107635233853e+02 7.4672710928716031e+00
5.1507079979094161e-01 1.1949888559826157e+02 4.3093567398415261e-01 3.4334503971153424e+02 7.1830176070807052e+00
5.1509226409198527e-01 1.2530266811553999e+02 4.3084496054644394e-01 3.4329856545801590e+02 6.8493865817259527e+00
5.1511410006476666e-01 1.3225271455162272e+02 4.3075117021240505e-01 3.4325024264215870e+02 6.4885292488302122e+00
5.1513780249829666e-01 1.3935648336065779e+02 4.3064837908374892e-01 3.4319575807533823e+02 6.1567956832539288e+00
5.1516289040798569e-01 1.4527393072197259e+02 4.3053907478630787e-01 3.4313497043927850e+02 5.9049646542567817e+00
5.1518660104646918e-01 1.4945668223945827e+02 4.3043502453475752e-01 3.4307478435506692e+02 5.7386993210078652e+00
5.1520303209250629e-01 1.5156707459083506e+02 4.3036186145878957e-01 3.4303203404738218e+02 5.6580895780534624e+00
5.1521521328812070e-01 1.5252316029563491e+02 4.3030666215993479e-01 3.4300005007848205e+02 5.6220978081893724e+00
5.1522581687449676e-01 1.5299404805752960e+02 4.3025801152534054e-01 3.4297203020849304e+02 5.6043361582198123e+00
5.1523813645566729e-01 1.5316920339754287e+02 4.3020079968521074e-01 3.4293914373881671e+02 5.5973906002621110e+00
5.1525434356863342e-01 1.5323240040783278e+02 4.3012484085799874e-01 3.4289520277113797e+02 5.5943651906925664e+00
5.1526861633451815e-01 1.5312224805395167e+02 4.3005762009860743e-01 3.4285560568515655e+02 5.5977431438368379e+00
5.1528232143826824e-01 1.5276189807803223e+02 4.2999305720871089e-01 3.4281660079805596e+02 5.6103093296036102e+00
5.1529670963110485e-01 1.5199315025188380e+02 4.2992532233967140e-01 3.4277480920941412e+02 5.6379976439952406e+00
5.1531163078740594e-01 1.5056453007594848e+02 4.2985508410994505e-01 3.4273083986428600e+02 5.6907632842111644e+00
5.1532696860443472e-01 1.4828424126541631e+02 4.2978276664562909e-01 3.4268542331338472e+02 5.7775091336240969e+00
5.1534316109189682e-01 1.4476201480802928e+02 4.2970614458011064e-01 3.4263775016353861e+02 5.9172592792714811e+00
5.1536025325588508e-01 1.3995899606145403e+02 4.2962489136676757e-01 3.4258817818885649e+02 6.1194383324675838e+00
5.1537810261165962e-01 1.3466761482692959e+02 4.2953983673790264e-01 3.4253740373603097e+02 6.3589416834969725e+00
5.1539652812469772e-01 1.3007403543651861e+02 4.2945239177358896e-01 3.4248567900263487e+02 6.5825142937496883e+00
5.1541525212886097e-01 1.2650326684992416e+02 4.2936471620093419e-01 3.4243328707944937e+02 6.7672815020202526e+00
5.1543419113199529e-01 1.2374996097519885e+02 4.2927756628698455e-01 3.4238025029912376e+02 6.9167749145339412e+00
5.1545326314160900e-01 1.2167279871872088e+02 4.2919125154213067e-01 3.4232711577232624e+02 7.0337643125088851e+00
5.1547242686490535e-01 1.2009933208893862e+02 4.2910542403624380e-01 3.4227463426143896e+02 7.1248238501436925e+00
5.1549169109420201e-01 1.1892605250296309e+02 4.2901946544103609e-01 3.4222359895077489e+02 7.1940418383568296e+00
5.1551104413750881e-01 1.1804444765265158e+02 4.2893299789487593e-01 3.4217453257371568e+02 7.2467307734068935e+00
5.1553046591102403e-01 1.1739214058050516e+02 4.2884639781769168e-01 3.4212734001250084e+02 7.2859933024621206e+00
5.1554992119143539e-01 1.1690525270277396e+02 4.2876080266857058e-01 3.4208099917745653e+02 7.3153470709990511e+00
5.1556940606677926e-01 1.1654663137015886e+02 4.2867699811898569e-01 3.4203459437961669e+02 7.3368614424662146e+00
5.1558890951219205e-01 1.1627965044470524e+02 4.2859469605404071e-01 3.4198802145141519e+02 7.3527057430836047e+00
5.1560841902459864e-01 1.1608380042542953e+02 4.2851299736400611e-01 3.4194174219621959e+02 7.3641141344239038e+00
5.1562791714989153e-01 1.1593883557644907e+02 4.2843072658760878e-01 3.4189636838488832e+02 7.3723435008851039e+00
5.1564741026642191e-01 1.1583331845470258e+02 4.2834674824351560e-01 3.4185230624396354e+02 7.3781082767141672e+00
5.1566691120798092e-01 1.1575563877536189e+02 4.2826091705667235e-01 3.4180898826615902e+02 7.3821239267981067e+00
5.1568642221044447e-01 1.1569901028101111e+02 4.2817434568237139e-01 3.4176468590194611e+02 7.3847798064967050e+00
5.1570594041171725e-01 1.1565666517820682e+02 4.2808798128928499e-01 3.4171804783973920e+02 7.3864754641077353e+00
5.1572547001375280e-01 1.1562491597491463e+02 4.2800149067939891e-01 3.4166888142641483e+02 7.3874406425631820e+00
5.1574502136296985e-01 1.1560023383094897e+02 4.2791378503697552e-01 3.4161794216767953e+02 7.3879163312777889e+00
5.1576459419405074e-01 1.1558075452230958e+02 4.2782348206171694e-01 3.4156622982366218e+02 7.3880429150021811e+00
5.1578417229893003e-01 1.1556463994753292e+02 4.2772959764373886e-01 3.4151473209287036e+02 7.3879590731196041e+00
5.1580375160700598e-01 1.1555067370811533e+02 4.2763208670546127e-01 3.4146325157052775e+02 7.3877382236877915e+00
5.1582333143686887e-01 1.1553736814352501e+02 4.2753296670321900e-01 3.4140982050350186e+02 7.3874328710558252e+00
5.1584290982859748e-01 1.1552422470011496e+02 4.2743384705130766e-01 3.4135267429674542e+02 7.3870366839260386e+00
5.1586247845641930e-01 1.1551149778244923e+02 4.2733458241654176e-01 3.4129212574802494e+02 7.3865401345328410e+00
5.1588203444057656e-01 1.1550026428638736e+02 4.2723404387472225e-01 3.4122929703158752e+02 7.3858986197965830e+00
5.1590158709744383e-01 1.1549152538973333e+02 4.2713093414409498e-01 3.4116580588053438e+02 7.3850831203685567e+00
5.1592114183708127e-01 1.1548649763979256e+02 4.2702402069547823e-01 3.4110325304746658e+02 7.3840505171302064e+00
5.1594069904301798e-01 1.1548534156172906e+02 4.2691389654683487e-01 3.4104189858752511e+02 7.3827962487609726e+00
5.1596025842615911e-01 1.1548695400358224e+02 4.2680388634407052e-01 3.4097936994746698e+02 7.3813395826703152e+00
5.1597982533555198e-01 1.1548886104141272e+02 4.2669644644118537e-01 3.4091416986207099e+02 7.3798063031339431e+00
5.1599940511082920e-01 1.1548963850565124e+02 4.2659158794836483e-01 3.4084706091137105e+02 7.3783039180327084e+00
5.1601899152862718e-01 1.1548961585851129e+02 4.2648815331438478e-01 3.4077983567768740e+02 7.3768501424228452e+00
5.1603857912996998e-01 1.1548997762579552e+02 4.2638466317503282e-01 3.4071452944715810e+02 7.3754133573201326e+00
5.1605816624433154e-01 1.1549201440954857e+02 4.2627945407635193e-01 3.4065308453993384e+02 7.3739532183570962e+00
5.1607775308502590e-01 1.1549663282181915e+02 4.2617241992999821e-01 3.4059603070227467e+02 7.3724233854445913e+00
5.1609733663301294e-01 1.1550341882740047e+02 4.2606765078040121e-01 3.4053966913583895e+02 7.3707703328832981e+00
5.1611691234744039e-01 1.1551176709557262e+02 4.2596830731507712e-01 3.4048138259648476e+02 7.3689761475723916e+00
5.1613648202740281e-01 1.1552087887921644e+02 4.2587354800172184e-01 3.4042206305354523e+02 7.3671111741080946e+00
5.1615605072276893e-01 1.1552964324373775e+02 4.2578168424353641e-01 3.4036348065428444e+02 7.3652845948854297e+00
5.1617562033821274e-01 1.1553751296760959e+02 4.2569047174383284e-01 3.4030754149248219e+02 7.3635725045398441e+00
5.1619519006011738e-01 1.1554491814427028e+02 4.2559716089599425e-01 3.4025665464107698e+02 7.3619995605568294e+00
5.1621476053841808e-01 1.1555253951995668e+02 4.2550013950767129e-01 3.4021171721919109e+02 7.3605417637843082e+00
5.1623433572953858e-01 1.1555957100619474e+02 4.2540468222050659e-01 3.4016695284505550e+02 7.3591254684309186e+00
5.1625391605667859e-01 1.1556557166305808e+02 4.2531460310698477e-01 3.4011778454904095e+02 7.3576797063031298e+00
5.1627349738558437e-01 1.1557136382462214e+02 4.2522837343803765e-01 3.4006480068396189e+02 7.3561648281663734e+00
5.1629307737993013e-01 1.1557804185254250e+02 4.2514311797118676e-01 3.4000985753132568e+02 7.3545513507903006e+00
5.1631265625170020e-01 1.1558676290332062e+02 4.2505578836496566e-01 3.3995493273909636e+02 7.3528084920814516e+00
5.1633223356864355e-01 1.1559863936655009e+02 4.2496256718941827e-01 3.3990294382582613e+02 7.3509287325613055e+00
5.1635180656511492e-01 1.1561451359593563e+02 4.2485940267009686e-01 3.3985697986240899e+02 7.3489255218030989e+00
5.1637137377145792e-01 1.1563156048031581e+02 4.2475391709729027e-01 3.3980924787656539e+02 7.3468101283302296e+00
5.1639093763043853e-01 1.1564620518427185e+02 4.2465381348172326e-01 3.3975170912793527e+02 7.3446359218309736e+00
5.1641050097972552e-01 1.1565756327771665e+02 4.2455657386445456e-01 3.3968656188360922e+02 7.3425064530357336e+00
5.1643006424382887e-01 1.1566575828555811e+02 4.2445893703796522e-01 3.3961648449040536e+02 7.3404715778535108e+00
5.1644962734366573e-01 1.1567184020958014e+02 4.2435771217061447e-01 3.3954450829734520e+02 7.3385300104619509e+00
5.1646919177911288e-01 1.1567745967326653e+02 4.2424784888932160e-01 3.3947513014294805e+02 7.3366741260960202e+00
5.1648875920529724e-01 1.1568515948917087e+02 4.2412162305258322e-01 3.3941588357209866e+02 7.3349054682305850e+00
5.1650832862447382e-01 1.1569312926912581e+02 4.2398971099066779e-01 3.3935645063414870e+02 7.3331159070980032e+00
5.1652789765813956e-01 1.1569855711801311e+02 4.2386758293158566e-01 3.3928256040159221e+02 7.3311752724695252e+00
5.1654746637882742e-01 1.1570290347299995e+02 4.2375233712678156e-01 3.3919752159952543e+02 7.3290624396188884e+00
5.1656703489334954e-01 1.1570799425134497e+02 4.2363915096710442e-01 3.3910709718241770e+02 7.3267862643482831e+00
5.1658660284411217e-01 1.1571507776420668e+02 4.2352478909611196e-01 3.3901553995054280e+02 7.3243596794135355e+00
5.1660616847565255e-01 1.1572536881252000e+02 4.2340337577386916e-01 3.3892988982882167e+02 7.3218580616040745e+00
5.1662573132557854e-01 1.1574140236634706e+02 4.2326094719297713e-01 3.3886477636877862e+02 7.3194373284029552e+00
5.1664529259057623e-01 1.1576003435863745e+02 4.2310665408385667e-01 3.3881246318704689e+02 7.3171294623446697e+00
5.1666485308908716e-01 1.1577246914266013e+02 4.2297573039141406e-01 3.3874015778018838e+02 7.3147821819965104e+00
5.1668441324845693e-01 1.1578005048453446e+02 4.2286275036581422e-01 3.3865365739970503e+02 7.3124354321503207e+00
5.1670397338981577e-01 1.1578505913199965e+02 4.2276004793753974e-01 3.3856099503259293e+02 7.3101183686968580e+00
5.1672353458390718e-01 1.1578974611877499e+02 4.2266086313360285e-01 3.3846899120641598e+02 7.3078360250315431e+00
5.1674309749539094e-01 1.1579660824531467e+02 4.2255781363450817e-01 3.3838526833199791e+02 7.3055954198401487e+00
5.1676266014117345e-01 1.1581241356138581e+02 4.2242473433843197e-01 3.3833496218323171e+02 7.3035124599121444e+00
5.1678222037005050e-01 1.1583943730318013e+02 4.2225475878336038e-01 3.3832487806368351e+02 7.3015910198658132e+00
5.1680177759730594e-01 1.1586079455128804e+02 4.2212156870911455e-01 3.3828431983821048e+02 7.2993699281179705e+00
5.1682133245259521e-01 1.1587655423358900e+02 4.2202569761136566e-01 3.3821248506245450e+02 7.2968273715809477e+00
5.1684088488155955e-01 1.1588976435446804e+02 4.2195229632894310e-01 3.3812270143596237e+02 7.2940587833485910e+00
5.1686043456902286e-01 1.1589988563584383e+02 4.2190062755654395e-01 3.3801481724222856e+02 7.2910947104871928e+00
5.1687998207949171e-01 1.1591580019364318e+02 4.2182782533659435e-01 3.3792849838238180e+02 7.2882320144849819e+00
5.1689952728480193e-01 1.1594399930748590e+02 4.2170186086816591e-01 3.3789301719117014e+02 7.2856943698972927e+00
5.1691906841893631e-01 1.1599575610465905e+02 4.2147168610655950e-01 3.3795570291936383e+02 7.2837945600017875e+00
5.1693860381711132e-01 1.1603318819970602e+02 4.2129819508272748e-01 3.3796182292707698e+02 7.2815766801435986e+00
5.1695813552063652e-01 1.1605443983945258e+02 4.2118954936184100e-01 3.3790245696159792e+02 7.2789644547215424e+00
5.1697766597649264e-01 1.1605717331980075e+02 4.2115649860456078e-01 3.3776610623281692e+02 7.2758558685142045e+00
5.1699719761846030e-01 1.1604207939186820e+02 4.2119747542174168e-01 3.3755350202292919e+02 7.2722219343172121e+00
5.1701673032224216e-01 1.1604904360626325e+02 4.2114313888032978e-01 3.3742479851057345e+02 7.2690129109423021e+00
5.1703626163441585e-01 1.1607700833731323e+02 4.2099917511944307e-01 3.3737402257629623e+02 7.2661681113435153e+00
5.1705578657472917e-01 1.1616581370217564e+02 4.2059578930694053e-01 3.3756181127748596e+02 7.2646547318758188e+00
5.1707530179631322e-01 1.1624013571938862e+02 4.2025492195315528e-01 3.3768176351502370e+02 7.2625896689033880e+00
5.1709480878977432e-01 1.1627363705357595e+02 4.2008769080779740e-01 3.3762756198641858e+02 7.2593317484093243e+00
5.1711431230192062e-01 1.1626226329454433e+02 4.2010913202463840e-01 3.3738512388109154e+02 7.2548287449545041e+00
5.1713381985870377e-01 1.1619054693341775e+02 4.2038303060987370e-01 3.3689389353915044e+02 7.2487371483887895e+00
5.1715333398953856e-01 1.1617220743613628e+02 4.2042212607041601e-01 3.3661735692087888e+02 7.2439304621531084e+00
5.1717284992290424e-01 1.1620263156356914e+02 4.2024595275605009e-01 3.3653693719982192e+02 7.2403036977634629e+00
5.1719235726480839e-01 1.1637126790101071e+02 4.1947407942475362e-01 3.3701473883615478e+02 7.2400761999695415e+00
5.1721184443392998e-01 1.1653221000405560e+02 4.1873391453192504e-01 3.3745743488210650e+02 7.2395742531262872e+00
5.1723131709441428e-01 1.1659199402584713e+02 4.1842844839117910e-01 3.3748447302046480e+02 7.2364418294803405e+00
5.1725078523162205e-01 1.1654421395858554e+02 4.1858889729748389e-01 3.3706850928702488e+02 7.2304857066264052e+00
5.1727026670675658e-01 1.1631129098301270e+02 4.1955144814953549e-01 3.3589500825989268e+02 7.2197420693436882e+00
5.1728977089455030e-01 1.1621500370553542e+02 4.1994700683942965e-01 3.3526329877330119e+02 7.2121345799460741e+00
5.1730928353124539e-01 1.1624215911766797e+02 4.1983361877484687e-01 3.3511708020598269e+02 7.2073050507164789e+00
5.1732877964980895e-01 1.1658754513126246e+02 4.1838183628895170e-01 3.3623990203272882e+02 7.2100304894096183e+00
5.1734823130253393e-01 1.1702760817534933e+02 4.1655745606483552e-01 3.3772576773809993e+02 7.2146601345570032e+00
5.1736763862483892e-01 1.1718326481884124e+02 4.1598976805101306e-01 3.3803688986797164e+02 7.2117142834038166e+00
5.1738703098996097e-01 1.1712053742542528e+02 4.1639719892407157e-01 3.3743559489391544e+02 7.2027417716720370e+00
5.1740645675661212e-01 1.1652270229657891e+02 4.1911422508087021e-01 3.3464166152243769e+02 7.1797524200625835e+00
5.1742594347126014e-01 1.1618565049384280e+02 4.2070862978591544e-01 3.3284560776694241e+02 7.1619345063739486e+00
5.1744547265559060e-01 1.1619207045240198e+02 4.2067679791305784e-01 3.3234685213923632e+02 7.1508075130518938e+00
5.1746500547702445e-01 1.1681947610136642e+02 4.1726369881628178e-01 3.3432343097583475e+02 7.1547023264711491e+00
5.1748452441753678e-01 1.1753532892932920e+02 4.1085544995003032e-01 3.3668721080747798e+02 7.1614044448269452e+00
5.1750421775495814e-01 1.1662318633432045e+02 4.0351242397870968e-01 3.3254065896293093e+02 7.1285279843419378e+00
5.1752491831464509e-01 1.1166385784321021e+02 3.8251894242785128e-01 3.1215128166251623e+02 6.9886373194452736e+00
5.1755132915472091e-01 9.2152380534518727e+01 2.9251052477567446e-01 2.3450596979033713e+02 6.3619075391789588e+00
5.1759805734975828e-01 4.8700971398285574e+01 -1.4077298774722813e-01 9.0817368601624651e+01 4.6619895863525693e+00
5.1767758884195980e-01 1.8629398988256991e+01 -7.1098850841366612e-01 1.5832746851067748e+01 2.1246990926878393e+00
5.1778446917612309e-01 1.0586309265391449e+01 -8.7560768491852414e-01 4.8904010163194025e+00 1.1548880950198113e+00
5.1789927180940398e-01 1.0252489796181475e+01 -8.8052792628721077e-01 4.6122984538819551e+00 1.1246776503985889e+00
5.1801451779317176e-01 1.0246340841937185e+01 -8.8060814262946852e-01 4.6084672085717164e+00 1.1244177994035076e+00
5.1812960308007705e-01 1.0244807720511632e+01 -8.8061619247397216e-01 4.6087854219625060e+00 1.1246637193431730e+00
5.1824449381838822e-01 1.0240809421120128e+01 -8.8062483806501568e-01 4.6090599408401838e+00 1.1251698355343602e+00
5.1835919308729372e-01 1.0233095015669655e+01 -8.8063515768579659e-01 4.6092281623043148e+00 1.1260591627572920e+00
5.1847367817582435e-01 1.0219939309340292e+01 -8.8064573772363708e-01 4.6093720073807578e+00 1.1275438796314874e+00
5.1858794721917145e-01 1.0199515379084147e+01 -8.8065431979134168e-01 4.6096229792216121e+00 1.1298632356284384e+00
5.1870197761279391e-01 1.0168640530071558e+01 -8.8066094020540986e-01 4.6099787197028892e+00 1.1333812779766070e+00
5.1881575748382225e-01 1.0123838930290544e+01 -8.8066583935846299e-01 4.6104252762176881e+00 1.1385071680722045e+00
5.1892926663294281e-01 1.0059747324345581e+01 -8.8066882871053509e-01 4.6109729481732851e+00 1.1458968102047344e+00
5.1904247994687358e-01 9.9706137980660365e+00 -8.8067007898702465e-01 4.6116112340866682e+00 1.1563007372176943e+00
5.1915539108818476e-01 9.8474060096262832e+00 -8.8067154779750778e-01 4.6122259749387400e+00 1.1709240916922898e+00
5.1926795079697996e-01 9.6808398518104930e+00 -8.8067499861488663e-01 4.6127151592551288e+00 1.1911970525967508e+00
5.1938015841084773e-01 9.4569527713432784e+00 -8.8068013532538081e-01 4.6130959789739840e+00 1.2194985241315568e+00
5.1949193624529455e-01 9.1619477278670072e+00 -8.8068668039723486e-01 4.6133845258397299e+00 1.2588438241706092e+00
5.1960331607364718e-01 8.7745993546649412e+00 -8.8069461389523407e-01 4.6135823827433020e+00 1.3144709508276671e+00
5.1971411968488401e-01 8.2754965303624264e+00 -8.8070340564555505e-01 4.6137202061587566e+00 1.3937895415795367e+00
5.1982441757492948e-01 7.6343288659700841e+00 -8.8071167653019433e-01 4.6138763150191107e+00 1.5108978130302331e+00
5.1993383512133284e-01 6.8280098939517826e+00 -8.8071865401950855e-01 4.6140911653315868e+00 1.6893982423116900e+00
5.2004257227016537e-01 5.8287845668144627e+00 -8.8072439982213890e-01 4.6143588891993454e+00 1.9791256806224604e+00
5.2015009014152835e-01 4.6987105869768824e+00 -8.8072904451759471e-01 4.6146659666826713e+00 2.4552831469727296e+00
5.2025653363328761e-01 3.6228791697965237e+00 -8.8073262030220445e-01 4.6150055888781072e+00 3.1846256613750841e+00
5.2036188265792171e-01 2.7459601586146052e+00 -8.8073526425299031e-01 4.6153690453128888e+00 4.2019628642768083e+00
5.2046583181441164e-01 2.0930894940748010e+00 -8.8073720090633378e-01 4.6157445912151189e+00 5.5130760107027781e+00
5.2056915661394565e-01 1.6268627207948794e+00 -8.8073891624931544e-01 4.6161157281506346e+00 7.0935852010537461e+00
5.2067287827264019e-01 1.3217409453273634e+00 -8.8074094641790390e-01 4.6164640709626088e+00 8.7317868287329610e+00
5.2078513611590505e-01 1.1309289776051246e+00 -8.8074366323561037e-01 4.6168087138678109e+00 1.0205788350309248e+01
5.2093986267241532e-01 1.0169564073652071e+00 -8.8074924945107036e-01 4.6171851989229564e+00 1.1350499307255076e+01
5.2149412403439221e-01 9.0321157005778530e-01 -8.8077699712462132e-01 4.6180391922576920e+00 1.2782274234934352e+01
5.2477685160602094e-01 6.9087551340027087e-01 -8.8088084732252059e-01 4.6234890131587347e+00 1.6730543069920746e+01
5.3299193944884826e-01 4.4055901957684357e-01 -8.8106992912860249e-01 4.6340132275715273e+00 2.6296211300034741e+01
5.4346877266651161e-01 2.6341230081228290e-01 -8.8123300276600436e-01 4.6436379084794526e+00 4.4071953873831021e+01
5.5372045459337604e-01 1.7631313497471812e-01 -8.8132000133794919e-01 4.6497589456947503e+00 6.5930410493260879e+01
5.6410624916519247e-01 1.3630137738744610e-01 -8.8135731709851195e-01 4.6537273271648925e+00 8.5357305560022908e+01
5.7456297043641613e-01 1.1992790133671161e-01 -8.8135901309099085e-01 4.6566099373225143e+00 9.7071029456451043e+01
5.8504874587595257e-01 1.1399380583446160e-01 -8.8132598463175960e-01 4.6596685606243069e+00 1.0219126658932107e+02
5.9554994081275692e-01 1.1215701583973736e-01 -8.8123031760183457e-01 4.6649705926739999e+00 1.0398303123854149e+02
6.0605655861727992e-01 1.1181564274944508e-01 -8.8098897256761377e-01 4.6766934650804215e+00 1.0456259406297676e+02
6.1655589234568031e-01 1.1220281100154991e-01 -8.8044071995827289e-01 4.7025195756331053e+00 1.0477722290683403e+02
6.2703069353192364e-01 1.1317199599357038e-01 -8.7934071703838379e-01 4.7541349130765411e+00 1.0502012603335719e+02
6.3745962342264484e-01 1.1481253705166647e-01 -8.7739397248052464e-01 4.8455185528940286e+00 1.0550935196897338e+02
6.4781150991783987e-01 1.1728129026769264e-01 -8.7433347837430231e-01 4.9887633028327096e+00 1.0634184044714080e+02
6.5805316984337481e-01 1.2070070781546631e-01 -8.7006127251830989e-01 5.1914274940141789e+00 1.0752686516865982e+02
6.6815269631354024e-01 1.2499285681842605e-01 -8.6462508752956202e-01 5.4499311142382423e+00 1.0900485141633374e+02
6.7808742449826487e-01 1.3000620036268226e-01 -8.5829129901159285e-01 5.7568447182890292e+00 1.1070327227141830e+02
6.8784346192486923e-01 1.3546992804330324e-01 -8.5128628113791227e-01 6.0970560261937505e+00 1.1251677981708265e+02
6.9741659247149390e-01 1.4123690013700363e-01 -8.4388791462661106e-01 6.4623703912952291e+00 1.1438884570934643e+02
7.0680915575758707e-01 1.4714199965666488e-01 -8.3620429547019481e-01 6.8428130327462311e+00 1.1626206400471946e+02
7.1602757170977438e-01 1.5310092404117559e-01 -8.2830793926176738e-01 7.2330702772446482e+00 1.1810951374956036e+02
7.2508273419810587e-01 1.5900843073787629e-01 -8.2015992022805317e-01 7.6260665673145747e+00 1.1990034949602870e+02
7.3399377417085210e-01 1.6470051169634320e-01 -8.1159054485820159e-01 8.0102723352956176e+00 1.2158845550619910e+02
7.4279102047163126e-01 1.6991665138279205e-01 -8.0226353130896200e-01 8.3669649927692653e+00 1.2310395898045302e+02
7.5152765532877241e-01 1.7423802276273043e-01 -7.9157979956814128e-01 8.6661234797674211e+00 1.2434317352717787e+02
7.6029255888658021e-01 1.7703136876083456e-01 -7.7853886570595510e-01 8.8627415573293433e+00 1.2515778445602361e+02
7.6923187278057825e-01 1.7744789230773853e-01 -7.6151968557927607e-01 8.8958590950942718e+00 1.2533058267700714e+02
7.7856160859360579e-01 1.7491044171377940e-01 -7.3866936452185517e-01 8.7218836041706655e+00 1.2466213450028067e+02
7.8849350987548017e-01 1.7075520351563456e-01 -7.1077295046161026e-01 8.4336897817187939e+00 1.2347632177643413e+02
7.9912693804409418e-01 1.6669164547359117e-01 -6.8001862238901545e-01 8.1539494923130018e+00 1.2229091429787385e+02
8.1047139601564733e-01 1.6305897798733640e-01 -6.4693136073827229e-01 7.9062201539892438e+00 1.2121718551742769e+02
8.2251827109210096e-01 1.5977619332582169e-01 -6.1134874533695505e-01 7.6843542884776497e+00 1.2023622118733645e+02
8.3525722751497733e-01 1.5677501005642042e-01 -5.7311876034336884e-01 7.4845855782008250e+00 1.1935233771484472e+02
8.4867499778831867e-01 1.5399991198204879e-01 -5.3219670351779569e-01 7.3057669347478003e+00 1.1860018036243113e+02
8.6274718724786925e-01 1.5135350848294210e-01 -4.8859666172595578e-01 7.1487619534372682e+00 1.1808054575495606e+02
8.7744505274594831e-01 1.4877424333799336e-01 -4.4244479068899456e-01 7.0132291931560573e+00 1.1785019093027793e+02
8.9270332753212811e-01 1.4615569697537378e-01 -3.9384940383805933e-01 6.9023737521496633e+00 1.1806542432130900e+02
9.0850408131604399e-01 1.4293333574620781e-01 -3.4323524747718004e-01 6.8119444496873456e+00 1.1914548160029344e+02
9.2457284977568766e-01 1.3817502357140760e-01 -2.9089858662158102e-01 6.7603520539517659e+00 1.2231501539165794e+02
9.4283695963200509e-01 1.2755690210097756e-01 -2.3406877158951053e-01 6.7158832971064326e+00 1.3162524305799533e+02
9.5943460297443450e-01 1.1564473235584902e-01 -1.7492785673144978e-01 6.9021951417721477e+00 1.4921118759939466e+02
9.8289594798434887e-01 1.0532523947868797e-01 -1.4629301933755159e-01 6.8501269334946810e+00 1.6259462042051115e+02
