1.2500000000000000e-03 1.0000000000000000e+01 -2.1348485392849968e-16 1.3333333333333339e+01 2.0000000000000004e+00
3.7499999999999999e-03 1.0000000000000000e+01 -3.2807389426863617e-16 1.3333333333333339e+01 2.0000000000000004e+00
6.2500000000000003e-03 1.0000000000000000e+01 -5.5424186044558736e-16 1.3333333333333339e+01 2.0000000000000004e+00
8.7500000000000008e-03 1.0000000000000000e+01 -8.0901931103618961e-16 1.3333333333333339e+01 2.0000000000000004e+00
1.1250000000000000e-02 1.0000000000000000e+01 -9.7958649941387324e-16 1.3333333333333339e+01 2.0000000000000004e+00
1.3750000000000000e-02 1.0000000000000000e+01 -1.0380590902377145e-15 1.3333333333333341e+01 2.0000000000000009e+00
1.6250000000000001e-02 1.0000000000000000e+01 -9.8098370886588814e-16 1.3333333333333341e+01 2.0000000000000009e+00
1.8750000000000003e-02 1.0000000000000000e+01 -8.0937035163027376e-16 1.3333333333333341e+01 2.0000000000000009e+00
2.1249999999999998e-02 1.0000000000000000e+01 -5.2753411312454617e-16 1.3333333333333341e+01 2.0000000000000009e+00
2.3750000000000000e-02 1.0000000000000000e+01 -2.4194121763953689e-16 1.3333333333333341e+01 2.0000000000000009e+00
2.6250000000000002e-02 1.0000000000000000e+01 -6.5112441821513965e-17 1.3333333333333341e+01 2.0000000000000009e+00
2.8749999999999998e-02 1.0000000000000000e+01 0.0000000000000000e+00 1.3333333333333341e+01 2.0000000000000009e+00
3.1250000000000000e-02 1.0000000000000000e+01 0.0000000000000000e+00 1.3333333333333341e+01 2.0000000000000009e+00
3.3750000000000002e-02 1.0000000000000000e+01 0.0000000000000000e+00 1.3333333333333341e+01 2.0000000000000009e+00
3.6250000000000004e-02 1.0000000000000000e+01 0.0000000000000000e+00 1.3333333333333341e+01 2.0000000000000009e+00
3.8750000000000000e-02 1.0000000000000000e+01 0.0000000000000000e+00 1.3333333333333341e+01 2.0000000000000009e+00
4.1250000000000002e-02 1.0000000000000000e+01 0.0000000000000000e+00 1.3333333333333341e+01 2.0000000000000009e+00
4.3749999999999997e-02 1.0000000000000000e+01 0.0000000000000000e+00 1.3333333333333341e+01 2.0000000000000009e+00
4.6249999999999999e-02 1.0000000000000000e+01 0.0000000000000000e+00 1.3333333333333341e+01 2.0000000000000009e+00
4.8750000000000002e-02 1.0000000000000000e+01 0.0000000000000000e+00 1.3333333333333341e+01 2.0000000000000009e+00
5.1250000000000004e-02 1.0000000000000000e+01 0.0000000000000000e+00 1.3333333333333341e+01 2.0000000000000009e+00
5.3749999999999999e-02 1.0000000000000000e+01 0.0000000000000000e+00 1.3333333333333341e+01 2.0000000000000009e+00
5.6250000000000001e-02 1.0000000000000000e+01 0.0000000000000000e+00 1.3333333333333341e+01 2.0000000000000009e+00
5.8749999999999997e-02 1.0000000000000000e+01 0.0000000000000000e+00 1.3333333333333341e+01 2.0000000000000009e+00
6.1249999999999999e-02 1.0000000000000000e+01 0.0000000000000000e+00 1.3333333333333341e+01 2.0000000000000009e+00
6.3750000000000001e-02 1.0000000000000000e+01 0.0000000000000000e+00 1.3333333333333341e+01 2.0000000000000009e+00
6.6250000000000003e-02 1.0000000000000000e+01 0.0000000000000000e+00 1.3333333333333341e+01 2.0000000000000009e+00
6.8750000000000006e-02 1.0000000000000000e+01 0.0000000000000000e+00 1.3333333333333341e+01 2.0000000000000009e+00
7.1250000000000008e-02 1.0000000000000000e+01 0.0000000000000000e+00 1.3333333333333341e+01 2.0000000000000009e+00
7.3749999999999996e-02 1.0000000000000000e+01 0.0000000000000000e+00 1.3333333333333341e+01 2.0000000000000009e+00
7.6249999999999998e-02 1.0000000000000000e+01 0.0000000000000000e+00 1.3333333333333341e+01 2.0000000000000009e+00
7.8750000000000001e-02 1.0000000000000000e+01 0.0000000000000000e+00 1.3333333333333341e+01 2.0000000000000009e+00
8.1250000000000003e-02 1.0000000000000000e+01 0.0000000000000000e+00 1.3333333333333341e+01 2.0000000000000009e+00
8.3750000000000005e-02 1.0000000000000000e+01 0.0000000000000000e+00 1.3333333333333341e+01 2.0000000000000009e+00
8.6250000000000007e-02 1.0000000000000000e+01 0.0000000000000000e+00 1.3333333333333341e+01 2.0000000000000009e+00
8.8749999999999996e-02 1.0000000000000000e+01 0.0000000000000000e+00 1.3333333333333341e+01 2.0000000000000009e+00
9.1249999999999998e-02 1.0000000000000000e+01 0.0000000000000000e+00 1.3333333333333341e+01 2.0000000000000009e+00
9.3750000000000000e-02 1.0000000000000000e+01 4.5599356654437908e-17 1.3333333333333341e+01 2.0000000000000009e+00
9.6250000000000002e-02 1.0000000000000000e+01 6.2335167541590340e-16 1.3333333333333341e+01 2.0000000000000009e+00
9.8750000000000004e-02 9.9999999999999911e+00 4.7208649693981597e-15 1.3333333333333252e+01 1.9999999999999893e+00
1.0125000000000001e-01 9.9999999999998757e+00 2.4926747193901089e-14 1.3333333333332819e+01 1.9999999999999474e+00
1.0375000000000015e-01 9.9999999999986322e+00 9.1247852281521067e-14 1.3333333333330405e+01 1.9999999999998341e+00
1.0625000000000065e-01 9.9999999999967688e+00 2.3220692987865513e-13 1.3333333333326120e+01 1.9999999999995641e+00
1.0875000000000187e-01 9.9999999999921894e+00 5.6771474939431591e-13 1.3333333333315858e+01 1.9999999999989406e+00
1.1125000000000482e-01 9.9999999999812967e+00 1.3443048343388929e-12 1.3333333333291657e+01 1.9999999999974891e+00
1.1375000000001174e-01 9.9999999999563318e+00 3.1222528177255632e-12 1.3333333333236302e+01 1.9999999999941787e+00
1.1625000000002766e-01 9.9999999999010871e+00 7.1007959104736735e-12 1.3333333333113197e+01 1.9999999999867619e+00
1.1875000000006361e-01 9.9999999997772306e+00 1.5960868673681969e-11 1.3333333332838086e+01 1.9999999999702665e+00
1.2125000000014408e-01 9.9999999995049293e+00 3.5463615369451993e-11 1.3333333332232964e+01 1.9999999999339586e+00
1.2375000000032196e-01 9.9999999989109831e+00 7.7996290793281296e-11 1.3333333330912987e+01 1.9999999998547513e+00
1.2625000000071152e-01 9.9999999976283558e+00 1.6985386606178130e-10 1.3333333328062583e+01 1.9999999996837161e+00
1.2875000000155587e-01 9.9999999948885616e+00 3.6604624915226512e-10 1.3333333321974214e+01 1.9999999993184197e+00
1.3125000000336670e-01 9.9999999890993863e+00 7.8064490308622453e-10 1.3333333309109165e+01 1.9999999985464973e+00
1.3375000000721010e-01 9.9999999769998009e+00 1.6470930458191007e-09 1.3333333282221863e+01 1.9999999969333191e+00
1.3625000001527915e-01 9.9999999519953899e+00 3.4376381872057009e-09 1.3333333226657230e+01 1.9999999935995063e+00
1.3875000003203569e-01 9.9999999009108862e+00 7.0959400903282273e-09 1.3333333113135113e+01 1.9999999867880895e+00
1.4125000006644858e-01 9.9999997977481847e+00 1.4483537318943290e-08 1.3333332883885252e+01 1.9999999730331499e+00
1.4375000013632544e-01 9.9999995918868763e+00 2.9225581600069366e-08 1.3333332426415197e+01 1.9999999455849020e+00
1.4625000027658447e-01 9.9999991860574209e+00 5.8287663134675936e-08 1.3333331524571602e+01 1.9999998914742469e+00
1.4875000055481932e-01 9.9999983958999437e+00 1.1487200539896623e-07 1.3333329768666562e+01 1.9999997861199610e+00
1.5125000110016637e-01 9.9999968769066179e+00 2.2364939393216089e-07 1.3333326393126702e+01 1.9999995835875515e+00
1.5375000215602028e-01 9.9999939946170056e+00 4.3005447688902836e-07 1.3333319988041636e+01 1.9999991992823631e+00
1.5625000417479415e-01 9.9999885980799430e+00 8.1650880599001391e-07 1.3333307995746024e+01 1.9999984797441814e+00
1.5875000798545705e-01 9.9999786317711461e+00 1.5302118705548505e-06 1.3333285848426447e+01 1.9999971509036496e+00
1.6125001508467829e-01 9.9999604837336040e+00 2.8298228676054609e-06 1.3333245519564136e+01 1.9999947311670787e+00
1.6375002813370226e-01 9.9999279133867454e+00 5.1622438773887959e-06 1.3333173141372919e+01 1.9999903884593024e+00
1.6625005179033508e-01 9.9998703271115925e+00 9.2861152985728663e-06 1.3333045172997300e+01 1.9999827103030758e+00
1.6875009407429481e-01 9.9997700712839563e+00 1.6465686646210183e-05 1.3332822385713241e+01 1.9999693428952998e+00
1.7125016856042219e-01 9.9995982938900312e+00 2.8767233597262364e-05 1.3332440668391609e+01 1.9999464393291699e+00
1.7375029782202134e-01 9.9993087998621739e+00 4.9499253267597766e-05 1.3331797377725305e+01 1.9999078403162822e+00
1.7625051870537967e-01 9.9988292212971430e+00 8.3845220115255769e-05 1.3330731729405024e+01 1.9998438968751033e+00
1.7875089019620477e-01 9.9980487944510354e+00 1.3974001229221132e-04 1.3328997667716557e+01 1.9997398405048112e+00
1.8125150481342059e-01 9.9968021627475583e+00 2.2903251203438744e-04 1.3326227947181723e+01 1.9995736231793784e+00
1.8375250458672246e-01 9.9948490169550421e+00 3.6894985696178705e-04 1.3321889056738749e+01 1.9993132013509842e+00
1.8625410266545292e-01 9.9918501560243591e+00 5.8382546225744928e-04 1.3315228380155007e+01 1.9989133402076027e+00
1.8875661136681879e-01 9.9873417851472226e+00 9.0696796367948469e-04 1.3305217803028677e+01 1.9983121769421668e+00
1.9126047689141187e-01 9.9807115321050368e+00 1.3824340380965497e-03 1.3290501784940691e+01 1.9974280003267839e+00
1.9376631993024790e-01 9.9711815280413134e+00 2.0663407705230107e-03 1.3269362186731296e+01 1.9961569473108158e+00
1.9627497995815982e-01 9.9578054551290531e+00 3.0272473314075557e-03 1.3239715695675786e+01 1.9943725184231669e+00
1.9878755929589279e-01 9.9394869346321570e+00 4.3451024693065389e-03 1.3199160702776506e+01 1.9919278715664890e+00
2.0130546135781099e-01 9.9150251417210438e+00 6.1083497830206560e-03 1.3145086887363155e+01 1.9886616573543208e+00
2.0383041638705732e-01 9.8831894894305776e+00 8.4090438663395953e-03 1.3074851125253176e+01 1.9844076356983547e+00
2.0636448798631599e-01 9.8428187778192200e+00 1.1336246181463068e-02 1.2986008042577605e+01 1.9790074879527739e+00
2.0891005532510745e-01 9.7929326142226767e+00 1.4968461729692212e-02 1.2876565671339010e+01 1.9723252745512381e+00
2.1146976913843926e-01 9.7328364413607726e+00 1.9366309198195195e-02 1.2745221783476746e+01 1.9642611678926154e+00
2.1404648412138644e-01 9.6621987075313420e+00 2.4566835595488338e-02 1.2591530807166093e+01 1.9547617247849767e+00
2.1664317519830636e-01 9.5810812168629482e+00 3.0580790320163316e-02 1.2415958655319358e+01 1.9438242471215492e+00
2.1926284932970633e-01 9.4899111593199983e+00 3.7393775486761031e-02 1.2219802198279256e+01 1.9314936662412654e+00
2.2190846717742291e-01 9.3893931046849541e+00 4.4971642845856051e-02 1.2004974609184972e+01 1.9178515281027491e+00
2.2458288997377118e-01 9.2803678963654548e+00 5.3270095696806970e-02 1.1773676488762977e+01 1.9029972658800514e+00
2.2728886706786769e-01 9.1636423311295054e+00 6.2248343535472074e-02 1.1527979335822456e+01 1.8870191981404283e+00
2.3002903588364509e-01 9.0399892547762555e+00 7.1880379101068217e-02 1.1269472310551611e+01 1.8699367874686488e+00
2.3280558153002628e-01 8.9129798713481119e+00 8.1841927910242640e-02 1.1006383777854282e+01 1.8523070740744649e+00
2.3561954244153344e-01 8.7871553499801340e+00 9.1845270209782767e-02 1.0748643174140943e+01 1.8348332445548337e+00
2.3847122218719244e-01 8.6627007445504116e+00 1.0185291219714768e-01 1.0496143689488028e+01 1.8174719407381714e+00
2.4136094202746533e-01 8.5396839107145386e+00 1.1185552709322805e-01 1.0248930329097906e+01 1.8002300382989846e+00
2.4428901267673570e-01 8.4181480229344707e+00 1.2184552398535166e-01 1.0007013206244125e+01 1.7831142631932111e+00
2.4725572681381830e-01 8.2981240010942035e+00 1.3181710477702574e-01 9.7703795383785472e+00 1.7661304296772757e+00
2.5026136236894703e-01 8.1796293048019084e+00 1.4176537241015741e-01 9.5389885116691957e+00 1.7492825450052971e+00
2.5330618562979867e-01 8.0626716126030171e+00 1.5168616715300026e-01 9.3127796616711915e+00 1.7325732912985237e+00
2.5639045347544814e-01 7.9472511828104464e+00 1.6157591364740226e-01 9.0916782239717691e+00 1.7160043167447634e+00
2.5951441503134032e-01 7.8333626581037814e+00 1.7143151468901205e-01 8.8755992707390625e+00 1.6995764765640713e+00
2.6267831327555791e-01 7.7209962854220100e+00 1.8125026336849367e-01 8.6644505672952814e+00 1.6832900017685419e+00
2.6588238626153121e-01 7.6101388368770211e+00 1.9102977486371781e-01 8.4581347123129635e+00 1.6671446264541347e+00
2.6912686816830234e-01 7.5007743583825235e+00 2.0076793650772365e-01 8.2565508206747218e+00 1.6511396876205675e+00
2.7241199017336315e-01 7.3928847483003812e+00 2.1046286715945539e-01 8.0595957795539857e+00 1.6352741968702165e+00
2.7573798134514638e-01 7.2864502573482710e+00 2.2011288914253052e-01 7.8671652856175136e+00 1.6195469002928278e+00
2.7910506942515068e-01 7.1814498759313290e+00 2.2971650514144001e-01 7.6791546334509180e+00 1.6039563248615678e+00
2.8251348141437477e-01 7.0778616106848977e+00 2.3927237632671400e-01 7.4954592815958092e+00 1.5885008129320788e+00
2.8596344410602098e-01 6.9756627130883810e+00 2.4877930551201635e-01 7.3159753184556759e+00 1.5731785536438212e+00
2.8945518465313907e-01 6.8748298552750731e+00 2.5823622301215893e-01 7.1405998190968187e+00 1.5579876090208586e+00
2.9298893126155573e-01 6.7753392680775963e+00 2.6764217509634997e-01 6.9692311167219696e+00 1.5429259349914561e+00
2.9656491361092258e-01 6.6771668809398674e+00 2.7699631504219158e-01 6.8017690553066741e+00 1.5279914018749072e+00
3.0018336339351742e-01 6.5802884347821022e+00 2.8629789531933197e-01 6.6381151737710393e+00 1.5131818094819238e+00
3.0384451473425012e-01 6.4846795722329649e+00 2.9554625951141039e-01 6.4781728360235977e+00 1.4984948979814139e+00
3.0754860466658818e-01 6.3903159128831195e+00 3.0474083529185847e-01 6.3218473280705858e+00 1.4839283568106940e+00
3.1129587376779072e-01 6.2971731050050188e+00 3.1388112792813988e-01 6.1690459129532060e+00 1.4694798308903141e+00
3.1508656653659706e-01 6.2052268733672715e+00 3.2296671375538860e-01 6.0196778783653491e+00 1.4551469272304218e+00
3.1892093180820585e-01 6.1144530744046444e+00 3.3199723599029579e-01 5.8736545941359326e+00 1.4409272234151151e+00
3.2279922326126875e-01 6.0248277473525906e+00 3.4097240177282184e-01 5.7308895589584932e+00 1.4268182757947081e+00
3.2672169987339200e-01 5.9363271452980184e+00 3.4989197790503879e-01 5.5912984105455630e+00 1.4128176245241784e+00
3.3068862641062435e-01 5.8489277506130435e+00 3.5875578592664642e-01 5.4547989082945607e+00 1.3989227959918362e+00
3.3470027389990231e-01 5.7626062923507071e+00 3.6756369796538479e-01 5.3213109176568469e+00 1.3851313054442995e+00
3.3875692007561398e-01 5.6773397689696852e+00 3.7631563364202647e-01 5.1907564018109111e+00 1.3714406605136795e+00
3.4285884992612525e-01 5.5931054683709931e+00 3.8501155775979490e-01 5.0630594083845217e+00 1.3578483644773331e+00
3.4700635619349018e-01 5.5098809834570233e+00 3.9365147786768995e-01 4.9381460490901103e+00 1.3443519190114537e+00
3.5119973985958081e-01 5.4276442197273296e+00 4.0223544138647066e-01 4.8159444675155418e+00 1.3309488258307804e+00
3.5543931067733148e-01 5.3463733962764293e+00 4.1076353254444692e-01 4.6963847974608441e+00 1.3176365872794404e+00
3.5972538772081719e-01 5.2660470478123313e+00 4.1923586964010612e-01 4.5793991230744489e+00 1.3044127069592542e+00
3.6405829994519434e-01 5.1866440316739233e+00 4.2765260290262636e-01 4.4649214462007745e+00 1.2912746909950683e+00
3.6843838676805868e-01 5.1081435367043042e+00 4.3601391259021766e-01 4.3528876561850547e+00 1.2782200494879215e+00
3.7286599865352771e-01 5.0305250897329659e+00 4.4432000675487543e-01 4.2432354964968289e+00 1.2652462975953682e+00
3.7734149773518472e-01 4.9537685586800890e+00 4.5257111865887484e-01 4.1359045275765345e+00 1.2523509562218613e+00
3.8186525843611152e-01 4.8778541558391808e+00 4.6076750403920280e-01 4.0308360912983803e+00 1.2395315529698077e+00
3.8643766814874370e-01 4.8027624421553918e+00 4.6890943851527195e-01 3.9279732779067471e+00 1.2267856234454761e+00
3.9105912788636932e-01 4.7284743338020769e+00 4.7699721498033371e-01 3.8272608965329256e+00 1.2141107129967743e+00
3.9573005305329717e-01 4.6549711081397467e+00 4.8503114120957008e-01 3.7286454449182949e+00 1.2015043783188042e+00
4.0045087408005509e-01 4.5822344117910516e+00 4.9301153718715274e-01 3.6320750819057652e+00 1.1889641893569454e+00
4.0522203715570804e-01 4.5102462659021052e+00 5.0093873243256370e-01 3.5374995963616040e+00 1.1764877307605486e+00
4.1004400508013772e-01 4.4389890689740952e+00 5.0881306337455312e-01 3.4448703729429302e+00 1.1640726028209440e+00
4.1491725809540492e-01 4.3684456038222601e+00 5.1663487064557323e-01 3.3541403630142788e+00 1.1517164229123644e+00
4.1984229462693168e-01 4.2985990529827856e+00 5.2440449606362027e-01 3.2652640651716882e+00 1.1394168279916443e+00
4.2481963226552716e-01 4.2294330182184154e+00 5.3212227896189301e-01 3.1781975095640878e+00 1.1271714775505020e+00
4.2984980831389763e-01 4.1609315551499444e+00 5.3978854979780588e-01 3.0928982607559328e+00 1.1149780595145391e+00
4.3493338074096277e-01 4.0930792229590667e+00 5.4740362187366542e-01 3.0093254410868537e+00 1.1028343004724253e+00
4.4007092990120206e-01 4.0258611608023314e+00 5.5496778097628763e-01 2.9274397889836838e+00 1.0907379832742150e+00
4.4526305878899730e-01 3.9592632332385218e+00 5.6248126700334899e-01 2.8472037994255297e+00 1.0786869797603589e+00
4.5051039285024974e-01 3.8932722475231754e+00 5.6994424552205214e-01 2.7685819363707131e+00 1.0666792971382997e+00
4.5581358135591576e-01 3.8278762614497794e+00 5.7735676899751587e-01 2.6915409202761458e+00 1.0547131371705094e+00
4.6117329655274164e-01 3.7630650928905371e+00 5.8471871916158091e-01 2.6160502024173269e+00 1.0427869852795386e+00
4.6659023460893922e-01 3.6988310323611135e+00 5.9202972996751246e-01 2.5420826178327025e+00 1.0308997338315782e+00
4.7206511379857036e-01 3.6351698402467609e+00 5.9928907434878420e-01 2.4696153221631394e+00 1.0190508686090018e+00
4.7759867014506613e-01 3.5720820712348322e+00 6.0649550242920391e-01 2.3986310888331781e+00 1.0072407524516909e+00
4.8319165282444415e-01 3.5095748133708415e+00 6.1364702053433684e-01 2.3291200678723172e+00 9.9547104352874594e-01
4.8884482003349505e-01 3.4476640734275299e+00 6.2074059138437898e-01 2.2610821860644710e+00 9.8374528575369280e-01
4.9455892236313015e-01 3.3863783367808606e+00 6.2777170892789047e-01 2.1945305457897586e+00 9.7206971321871416e-01
5.0033468745842535e-01 3.3257636911352124e+00 6.3473382419391722e-01 2.1294959104050570e+00 9.6045424818420144e-01
5.0617279461179565e-01 3.2658911807291000e+00 6.4161756040229723e-01 2.0660327107425829e+00 9.4891375573083891e-01
5.1207383532170869e-01 3.2068666845961085e+00 6.4840966328520788e-01 2.0042269447630474e+00 9.3746972132806539e-01
5.1803826074202575e-01 3.1488428968692799e+00 6.5509165531795333e-01 1.9442060981961744e+00 9.2615263536767312e-01
5.2406630962616241e-01 3.0920323845466657e+00 6.6163819799634138e-01 1.8861508982702428e+00 9.1500540600585190e-01
5.3015790797558537e-01 3.0367204149889626e+00 6.6801527034664587e-01 1.8303078453645281e+00 9.0408776339614738e-01
5.3631254674522089e-01 2.9832764445863145e+00 6.7417846567090278e-01 1.7769999871855104e+00 8.9348071836094467e-01
5.4252913461782182e-01 2.9321632936836761e+00 6.8007195431031808e-01 1.7266316323715358e+00 8.8328895397348528e-01
5.4880582796373389e-01 2.8839408651849441e+00 6.8562893483484044e-01 1.6796809015375149e+00 8.7363835462857109e-01
5.5513988852633300e-01 2.8392549161356970e+00 6.9077460196661666e-01 1.6366729125207486e+00 8.6466676691448929e-01
5.6152757056211178e-01 2.7987943783088607e+00 6.9543242677757211e-01 1.5981288766449044e+00 8.5650926468411470e-01
5.6796410078887571e-01 2.7631998197073924e+00 6.9953385337652829e-01 1.5644919468203771e+00 8.4928274223724864e-01
5.7444379606693885e-01 2.7329241037389291e+00 7.0303013537770565e-01 1.5360406182424098e+00 8.4307534344309643e-01
5.8096032602037584e-01 2.7080859141643190e+00 7.0590343287411872e-01 1.5128111221943148e+00 8.3794117144607783e-01
5.8750710697100583e-01 2.6883955367841916e+00 7.0817340666117168e-01 1.4945553953407784e+00 8.3389258103471120e-01
5.9407775372539928e-01 2.6732267459645911e+00 7.0989627468944094e-01 1.4807554304318344e+00 8.3088093780323558e-01
6.0066650063068172e-01 2.6618277895282807e+00 7.1115581924710625e-01 1.4706966565436781e+00 8.2877073922444255e-01
6.0726850142801803e-01 2.6535442887501595e+00 7.1204897115516363e-01 1.4635799129583749e+00 8.2733492662811325e-01
6.1387995272873386e-01 2.6478797250722268e+00 7.1267058831830266e-01 1.4586363893733727e+00 8.2630436848878308e-01
6.2049804250555063e-01 2.6443441509769214e+00 7.1310185156774653e-01 1.4552122881435177e+00 8.2546684833320949e-01
6.2712077821206069e-01 2.6422748958147411e+00 7.1340469855555477e-01 1.4528079066084971e+00 8.2474834975139444e-01
6.3374679418637991e-01 2.6408979151398344e+00 7.1362213402668373e-01 1.4510763640327222e+00 8.2419488219173820e-01
6.4037521311978296e-01 2.6396453581917996e+00 7.1378222316978357e-01 1.4497975058918164e+00 8.2385925521730963e-01
6.4700551575768461e-01 2.6382025554892157e+00 7.1390282514035508e-01 1.4488408961384200e+00 8.2376591580726088e-01
6.5363734447876487e-01 2.6362766730685800e+00 7.1399496585012756e-01 1.4481271649245397e+00 8.2396160068374658e-01
6.6027024836640091e-01 2.6338636583510651e+00 7.1406470830925428e-01 1.4475969341059578e+00 8.2441450386932413e-01
6.6690360765375112e-01 2.6317575961616173e+00 7.1411493524792868e-01 1.4471974620602621e+00 8.2484655739437007e-01
6.7353703868227943e-01 2.6305757363616307e+00 7.1414802410037292e-01 1.4468892315066193e+00 8.2504138438596497e-01
6.8017100135139041e-01 2.6301308539119512e+00 7.1416828216758399e-01 1.4466583202652883e+00 8.2504924694920778e-01
6.8680667479987256e-01 2.6300496756592682e+00 7.1418184763246650e-01 1.4465122485603108e+00 8.2499140336449173e-01
6.9344451809205832e-01 2.6302337927095270e+00 7.1419374054669926e-01 1.4464528159203687e+00 8.2489975982152708e-01
7.0008261428356677e-01 2.6305909242682093e+00 7.1420488537249649e-01 1.4464491096742935e+00 8.2478565728155195e-01
7.0671749249989368e-01 2.6307864940164598e+00 7.1421235153608076e-01 1.4464609408770144e+00 8.2473108944809193e-01
7.1334847054989037e-01 2.6301638955826268e+00 7.1421517490281694e-01 1.4464590317120678e+00 8.2492522660359835e-01
7.1998163798438086e-01 2.6275256892813816e+00 7.1421409698736471e-01 1.4464293781414426e+00 8.2573657645400733e-01
7.2662613505043905e-01 2.6214292843444493e+00 7.1420621095877745e-01 1.4464119217068172e+00 8.2764692357619329e-01
7.3328202698556200e-01 2.6109712891286736e+00 7.1419685645859354e-01 1.4463987549224286e+00 8.3095441968941575e-01
7.3992986403005356e-01 2.6013187025664957e+00 7.1419009811283007e-01 1.4464118757646354e+00 8.3404536764617843e-01
7.4654028021499841e-01 2.5973144389302645e+00 7.1418489150406994e-01 1.4464554954385542e+00 8.3535640145728429e-01
7.5311565369057665e-01 2.5971061641563336e+00 7.1418257344922820e-01 1.4465390384332533e+00 8.3547164440031241e-01
7.5974781298108274e-01 2.6023980957716693e+00 7.1418265081890697e-01 1.4466439974871506e+00 8.3383322473085442e-01
7.6663534077244722e-01 2.6206359059186828e+00 7.1418070737450212e-01 1.4467426905252960e+00 8.2808681316117227e-01
7.7386451776488974e-01 2.6607433069942594e+00 7.1417093004810106e-01 1.4468127786977092e+00 8.1564394518694761e-01
7.8067854327886033e-01 2.7252234927081194e+00 7.1415430520441425e-01 1.4468366006411593e+00 7.9635850298835675e-01
7.8501372244887335e-01 2.7904573328629989e+00 7.1414186551284720e-01 1.4468293313357483e+00 7.7773774622705305e-01
7.8657418898505471e-01 2.8374225063000726e+00 7.1413715238267450e-01 1.4468248780921671e+00 7.6486223405910225e-01
7.8708023994032206e-01 2.8793080140754204e+00 7.1413543785236644e-01 1.4468235357241748e+00 7.5373502694992156e-01
7.8739065948304010e-01 2.9411693601587801e+00 7.1413428980579996e-01 1.4468224715739646e+00 7.3788124436458358e-01
7.8769412127061367e-01 3.0378995522286232e+00 7.1413312723888067e-01 1.4468210335068119e+00 7.1438555256645053e-01
7.8800596082176466e-01 3.1746753939981329e+00 7.1413185578830540e-01 1.4468193470650041e+00 6.8360659004710278e-01
7.8833466055260015e-01 3.3547373144754356e+00 7.1413043267928822e-01 1.4468171987908269e+00 6.4691378034932323e-01
7.8867233693221661e-01 3.5737592172164865e+00 7.1412888151579734e-01 1.4468145342096808e+00 6.0726581434460869e-01
7.8901341497915245e-01 3.8092119275524587e+00 7.1412723336043682e-01 1.4468113627799943e+00 5.6972861721674428e-01
7.8935449245039757e-01 4.0272929608864390e+00 7.1412552463954204e-01 1.4468077196862101e+00 5.3887601438650601e-01
7.8969405878876497e-01 4.2154696029834477e+00 7.1412378663283094e-01 1.4468036070930654e+00 5.1481937127566069e-01
7.9003184273799643e-01 4.3763535846420716e+00 7.1412203756395665e-01 1.4467989490864797e+00 4.9589192958393313e-01
7.9036812343817942e-01 4.5128216638118133e+00 7.1412028112742298e-01 1.4467935947866017e+00 4.8089433925178043e-01
7.9070338861577860e-01 4.6277058953760166e+00 7.1411851017550920e-01 1.4467873629163406e+00 4.6895396843238157e-01
7.9103816867157362e-01 4.7236649751107729e+00 7.1411671210304206e-01 1.4467801052825975e+00 4.5942507975451924e-01
7.9137287239706078e-01 4.8031165393887152e+00 7.1411487335128243e-01 1.4467717548399179e+00 4.5182281430466170e-01
7.9170769903326210e-01 4.8682260783481039e+00 7.1411298152530978e-01 1.4467623375306695e+00 4.4577705952234276e-01
7.9204269893663215e-01 4.9209438855451637e+00 7.1411102559390882e-01 1.4467519505855466e+00 4.4099830771346088e-01
7.9237793241494137e-01 4.9630467622403245e+00 7.1410899565691421e-01 1.4467407229509197e+00 4.3725380565360400e-01
7.9271352512848259e-01 4.9961526905201454e+00 7.1410688373608788e-01 1.4467287785100165e+00 4.3435285152165715e-01
7.9304962995084249e-01 5.0217192820259458e+00 7.1410468485512069e-01 1.4467162101296667e+00 4.3213771884098873e-01
7.9338641435890978e-01 5.0410491006932956e+00 7.1410239707326117e-01 1.4467030639033167e+00 4.3047678221513996e-01
7.9372401071498233e-01 5.0552909902220087e+00 7.1410002090005242e-01 1.4466893363190259e+00 4.2925995925374794e-01
7.9406250608978557e-01 5.0654437044247267e+00 7.1409755813717390e-01 1.4466749820696563e+00 4.2839533903198884e-01
7.9440196218399073e-01 5.0723616231920925e+00 7.1409501069803605e-01 1.4466599314005535e+00 4.2780662308836565e-01
7.9474242000530615e-01 5.0767662935185918e+00 7.1409237990021757e-01 1.4466441146702906e+00 4.2743077907206189e-01
7.9508388665867880e-01 5.0792686724149201e+00 7.1408966616603486e-01 1.4466274873492377e+00 4.2721528845454154e-01
7.9542634197442530e-01 5.0804003844961878e+00 7.1408686878477634e-01 1.4466100448794112e+00 4.2711497187131686e-01
7.9576973779678606e-01 5.0806442506344318e+00 7.1408398608811197e-01 1.4465918204554122e+00 4.2708909020980146e-01
7.9611398795323418e-01 5.0804545961491900e+00 7.1408101607791574e-01 1.4465728638742248e+00 4.2709943662443428e-01
7.9645900442323780e-01 5.0798535989579063e+00 7.1407795644292427e-01 1.4465532084090791e+00 4.2714416278822337e-01
7.9680470771140521e-01 5.0784619205294383e+00 7.1407480395247980e-01 1.4465328470441323e+00 4.2725520138191619e-01
7.9715099519195087e-01 5.0759549766501317e+00 7.1407155271358058e-01 1.4465116993177400e+00 4.2745996742637471e-01
7.9749777009524747e-01 5.0720955474739933e+00 7.1406825599429180e-01 1.4464901812998916e+00 4.2777886410882171e-01
7.9784496543894212e-01 5.0667673566161637e+00 7.1406504056082698e-01 1.4464694496252399e+00 4.2822257698583077e-01
7.9819249595151986e-01 5.0599931917522367e+00 7.1406195730400790e-01 1.4464499881161228e+00 4.2879009910739468e-01
7.9854030434791845e-01 5.0527960153693057e+00 7.1405901338117495e-01 1.4464318776836076e+00 4.2939548913629222e-01
7.9888834291222044e-01 5.0464555557563022e+00 7.1405620839166029e-01 1.4464151412459971e+00 4.2993001481885407e-01
7.9923655645163405e-01 5.0411806903106191e+00 7.1405353411692318e-01 1.4463997441228624e+00 4.3037529290595827e-01
7.9958491606160143e-01 5.0367972519315840e+00 7.1405097600377376e-01 1.4463856081516551e+00 4.3074563134250854e-01
7.9993338755859389e-01 5.0331595465473686e+00 7.1404851622438958e-01 1.4463726382927216e+00 4.3105308651050994e-01
8.0028194634325489e-01 5.0301449230538049e+00 7.1404613689903829e-01 1.4463607493184587e+00 4.3130787624714356e-01
8.0063057827273765e-01 5.0276498503309286e+00 7.1404382349836759e-01 1.4463498876989667e+00 4.3151868092119577e-01
8.0097926139323450e-01 5.0255870108053564e+00 7.1404156758705162e-01 1.4463400399555086e+00 4.3169286598136047e-01
8.0132799372890551e-01 5.0238826948807116e+00 7.1403936719928440e-01 1.4463312168172868e+00 4.3183668031035571e-01
8.0167676714910074e-01 5.0224748491840394e+00 7.1403722483587329e-01 1.4463234151683055e+00 4.3195539806534156e-01
8.0202557304315614e-01 5.0213114336225662e+00 7.1403514427149051e-01 1.4463165773314495e+00 4.3205343756820752e-01
8.0237441350353866e-01 5.0203491096841839e+00 7.1403312988382739e-01 1.4463105861333319e+00 4.3213446551259316e-01
8.0272326459017806e-01 5.0195525347071381e+00 7.1403119036442508e-01 1.4463053139440933e+00 4.3220146734507986e-01
8.0307213986681547e-01 5.0188934281164084e+00 7.1402934188239664e-01 1.4463006815698507e+00 4.3225684175744117e-01
8.0342104288807958e-01 5.0183496512845371e+00 7.1402760557027245e-01 1.4462966617527169e+00 4.3230247857953991e-01
8.0376994537568303e-01 5.0179038440296315e+00 7.1402599827567481e-01 1.4462932131109487e+00 4.3233985486741661e-01
8.0411885783299142e-01 5.0175417946088574e+00 7.1402452410761996e-01 1.4462902188571429e+00 4.3237015596296247e-01
8.0446779053707718e-01 5.0172513106770085e+00 7.1402317501142443e-01 1.4462875115396985e+00 4.3239437950673693e-01
8.0481672511773705e-01 5.0170216565524424e+00 7.1402193745459863e-01 1.4462849646059759e+00 4.3241341086809931e-01
8.0516564988432027e-01 5.0168434091720870e+00 7.1402079615613656e-01 1.4462825493709894e+00 4.3242805228686554e-01
8.0551458143131272e-01 5.0167084829561137e+00 7.1401973186005585e-01 1.4462803006388427e+00 4.3243901022527120e-01
8.0586352972447994e-01 5.0166101169836406e+00 7.1401872144437173e-01 1.4462782648995982e+00 4.3244688081397331e-01
8.0621247739920843e-01 5.0165428163920263e+00 7.1401774789290540e-01 1.4462765299978013e+00 4.3245216365101774e-01
8.0656141451925478e-01 5.0165019880115418e+00 7.1401680984683202e-01 1.4462752700572756e+00 4.3245530656030545e-01
8.0691033913855637e-01 5.0164828394524674e+00 7.1401591129681996e-01 1.4462746234949160e+00 4.3245676396635657e-01
8.0725926450317420e-01 5.0164785194094135e+00 7.1401503763913876e-01 1.4462744355484534e+00 4.3245708018661727e-01
8.0760819898103553e-01 5.0164825978061121e+00 7.1401416317841904e-01 1.4462746370372137e+00 4.3245678884734534e-01
8.0795712999702296e-01 5.0164965861779862e+00 7.1401331770866228e-01 1.4462753409865361e+00 4.3245579344302038e-01
8.0830604640998671e-01 5.0165290727471294e+00 7.1401253086857630e-01 1.4462765940845346e+00 4.3245336759083031e-01
8.0865494663968729e-01 5.0165898196892433e+00 7.1401182314325962e-01 1.4462785014822790e+00 4.3244870124897006e-01
8.0900383205775672e-01 5.0166878965559594e+00 7.1401120802588780e-01 1.4462812147578696e+00 4.3244105809854128e-01
8.0935270782539703e-01 5.0168299968726302e+00 7.1401070018369783e-01 1.4462848690495791e+00 4.3242990193543268e-01
8.0970158087444011e-01 5.0170193820395914e+00 7.1401031874899989e-01 1.4462895817534440e+00 4.3241498735215489e-01
8.1005044706359475e-01 5.0172556426313468e+00 7.1401007433675601e-01 1.4462954959546226e+00 4.3239639325895479e-01
8.1039929975955949e-01 5.0175350497431070e+00 7.1400994920306871e-01 1.4463027542691880e+00 4.3237448466151834e-01
8.1074813352748776e-01 5.0178510206817517e+00 7.1400990528293196e-01 1.4463112579379140e+00 4.3234980033586484e-01
8.1109694388992293e-01 5.0181948391922120e+00 7.1400995064828421e-01 1.4463204285201146e+00 4.3232291935667383e-01
8.1144573049825741e-01 5.0185594004358043e+00 7.1401007604548261e-01 1.4463304347190000e+00 4.3229450505061356e-01
8.1179449358437061e-01 5.0189388540923092e+00 7.1401029839634922e-01 1.4463415372496951e+00 4.3226513989218651e-01
8.1214323325533000e-01 5.0193289922343176e+00 7.1401064499383615e-01 1.4463539080056653e+00 4.3223523808961306e-01
8.1249195462328494e-01 5.0197281421360422e+00 7.1401113519898618e-01 1.4463678468312007e+00 4.3220503358247458e-01
8.1284065800966943e-01 5.0201369783664074e+00 7.1401178452945424e-01 1.4463837084142608e+00 4.3217457451278313e-01
8.1318933756125500e-01 5.0205578515626312e+00 7.1401261251295922e-01 1.4464018614751561e+00 4.3214376895138307e-01
8.1353798969294688e-01 5.0209936943622413e+00 7.1401364707069270e-01 1.4464226762114236e+00 4.3211247541562964e-01
8.1388660998010709e-01 5.0214467079724230e+00 7.1401492832404323e-01 1.4464465093513073e+00 4.3208061146645876e-01
8.1423519503010389e-01 5.0219173177050296e+00 7.1401650948872208e-01 1.4464737024758392e+00 4.3204824302151124e-01
8.1458374290901681e-01 5.0224037874980469e+00 7.1401845367648165e-01 1.4465045838219330e+00 4.3201561792660681e-01
8.1493225062093644e-01 5.0229026868872264e+00 7.1402082852748328e-01 1.4465394598628567e+00 4.3198312311699405e-01
8.1528071769587851e-01 5.0234101621134446e+00 7.1402370159006023e-01 1.4465786035097674e+00 4.3195117166218938e-01
8.1562914378196216e-01 5.0239236566386172e+00 7.1402713771671733e-01 1.4466222523729513e+00 4.3192005429701835e-01
8.1597753210587864e-01 5.0244435613927578e+00 7.1403119756009281e-01 1.4466706279183092e+00 4.3188980339067556e-01
8.1632588457973310e-01 5.0249742062997900e+00 7.1403593493441486e-01 1.4467239731575161e+00 4.3186011920531769e-01
8.1667419385676299e-01 5.0255237966920348e+00 7.1404139228138941e-01 1.4467825986867850e+00 4.3183038939317275e-01
8.1702245502122817e-01 5.0261032334455100e+00 7.1404759609260193e-01 1.4468469196333233e+00 4.3179980168497539e-01
8.1737066627424637e-01 5.0267240330323801e+00 7.1405455514170302e-01 1.4469174549028665e+00 4.3176752256379913e-01
8.1771882278248653e-01 5.0273959025485873e+00 7.1406226428874942e-01 1.4469947740694573e+00 4.3173288978571922e-01
8.1806692078047316e-01 5.0281246695802810e+00 7.1407071433459701e-01 1.4470794027722040e+00 4.3169556182454338e-01
8.1841495778448392e-01 5.0289111174649550e+00 7.1407990424124068e-01 1.4471717175331891e+00 4.3165558618861605e-01
8.1876292950060980e-01 5.0297510252408397e+00 7.1408984991369251e-01 1.4472718795234722e+00 4.3161337576968006e-01
8.1911083489446823e-01 5.0306363673126668e+00 7.1410058463385606e-01 1.4473798505687496e+00 4.3156961015111012e-01
8.1945868034605718e-01 5.0315572564618236e+00 7.1411214976549064e-01 1.4474954942411280e+00 4.3152509863089661e-01
8.1980646782304700e-01 5.0325040060741069e+00 7.1412457954719388e-01 1.4476187139382570e+00 4.3148064428493765e-01
8.2015418978836707e-01 5.0334688112585821e+00 7.1413788887003127e-01 1.4477495617916185e+00 4.3143693228615215e-01
8.2050183979912417e-01 5.0344467199734124e+00 7.1415207172049577e-01 1.4478882591432427e+00 4.3139445295913936e-01
8.2084941472342887e-01 5.0354357726944157e+00 7.1416711105470554e-01 1.4480351102934612e+00 4.3135346442477729e-01
8.2119691203084177e-01 5.0364365226430117e+00 7.1418299433138244e-01 1.4481903653026134e+00 4.3131399317506974e-01
8.2154432619414419e-01 5.0374512720738380e+00 7.1419972511855256e-01 1.4483541224576406e+00 4.3127587074248053e-01
8.2189165262045927e-01 5.0384833213809559e+00 7.1421732407605310e-01 1.4485263384717388e+00 4.3123880126531533e-01
8.2223888979309168e-01 5.0395363204213064e+00 7.1423581933191527e-01 1.4487069367324679e+00 4.3120244937872243e-01
8.2258604354647891e-01 5.0406137130239470e+00 7.1425523400785140e-01 1.4488959453462493e+00 4.3116652887006274e-01
8.2293311960501703e-01 5.0417181821498858e+00 7.1427557915425954e-01 1.4490935732538086e+00 4.3113087272042455e-01
8.2328011348590935e-01 5.0428511574060764e+00 7.1429685681850286e-01 1.4493001925260933e+00 4.3109546979121399e-01
8.2362701818756556e-01 5.0440125899663197e+00 7.1431907136720429e-01 1.4495162726866775e+00 4.3106046431270589e-01
8.2397382961253152e-01 5.0452010821120084e+00 7.1434224173078587e-01 1.4497423258957503e+00 4.3102612828531589e-01
8.2432054441079161e-01 5.0464143510132384e+00 7.1436641294672154e-01 1.4499788912289286e+00 4.3099281699028424e-01
8.2466715699422000e-01 5.0476499022989039e+00 7.1439167325668673e-01 1.4502265506807686e+00 4.3096091609491677e-01
8.2501366161813006e-01 5.0489060167625457e+00 7.1441817530443597e-01 1.4504860903047208e+00 4.3093080525436278e-01
8.2536006279474194e-01 5.0501836878254158e+00 7.1444614332359968e-01 1.4507591755957008e+00 4.3090289342140453e-01
8.2570636882497417e-01 5.0514896174395139e+00 7.1447589068406070e-01 1.4510496811787708e+00 4.3087775816738438e-01
8.2605257536321197e-01 5.0528384701507889e+00 7.1450803168566945e-01 1.4513648546087532e+00 4.3085629884546084e-01
8.2639866944229678e-01 5.0542543216178855e+00 7.1454413199515088e-01 1.4517160580879527e+00 4.3083983285488475e-01
8.2674463303194923e-01 5.0557845822092018e+00 7.1458758729829275e-01 1.4521242386534909e+00 4.3083053135710242e-01
8.2709043876359034e-01 5.0574582860919080e+00 7.1464063422495505e-01 1.4526200509977927e+00 4.3083500708029204e-01
8.2743607482348192e-01 5.0590452651294138e+00 7.1469076097769579e-01 1.4530996304341275e+00 4.3084205248664331e-01
8.2778158590818163e-01 5.0601004393540068e+00 7.1471616952786921e-01 1.4533559551890940e+00 4.3082819380991433e-01
8.2812706425611926e-01 5.0606214438035817e+00 7.1472139618027364e-01 1.4534244564923711e+00 4.3080414311724485e-01
8.2847257552893205e-01 5.0608700076248168e+00 7.1471205338027266e-01 1.4533411917029140e+00 4.3075830524591974e-01
8.2881818605181667e-01 5.0606258464397955e+00 7.1466741816220214e-01 1.4528694611863551e+00 4.3063926437333760e-01
8.2916407790112601e-01 5.0589596849025895e+00 7.1453721033716244e-01 1.4516007040123518e+00 4.3040490370313222e-01
8.2951065294399373e-01 5.0539601486591854e+00 7.1420893373016447e-01 1.4487300042520421e+00 4.2997865880572578e-01
8.2985876040651851e-01 5.0413351653404979e+00 7.1347532742961828e-01 1.4422987578836439e+00 4.2914189711077139e-01
8.3021024302658541e-01 5.0113246966273097e+00 7.1194829873621857e-01 1.4277155540670305e+00 4.2734675175644754e-01
8.3056915922177132e-01 4.9450005460852662e+00 7.0868887138621384e-01 1.3959867715394030e+00 4.2345397898222964e-01
8.3094451921733903e-01 4.8078651283601106e+00 7.0112906926246643e-01 1.3303753055632233e+00 4.1506217522068695e-01
8.3135771362097222e-01 4.5203972936178767e+00 6.8237361155862608e-01 1.1913649909271311e+00 3.9532973991329023e-01
8.3187084006438350e-01 3.8217628093907217e+00 6.3068151891762092e-01 8.9277695928178191e-01 3.5040516790631676e-01
8.3270819160121357e-01 2.6541665159962706e+00 4.6869191848704550e-01 4.4423277714703396e-01 2.5105778469608542e-01
8.3420036193288705e-01 1.5148396908692792e+00 2.0415550056482829e-01 9.0403371569920413e-02 8.9517760969851992e-02
8.3633315550894216e-01 1.0997197099435776e+00 3.7336863412988613e-02 8.7621062086878660e-03 1.1951371967049788e-02
8.3875976043620137e-01 1.0139323718603648e+00 4.0033980279799049e-03 6.1095536902296100e-04 9.0384041280087404e-04
8.4125090401420155e-01 1.0015975213620698e+00 3.5387549676550782e-04 4.0616278502392391e-05 6.0827244930416388e-05
8.4375007547734082e-01 1.0001621616914429e+00 2.8841415502692515e-05 3.5501255883180534e-06 5.3243249809323795e-06
8.4625000596233657e-01 1.0000151750718653e+00 2.2446675974030445e-06 1.1639955036774386e-06 1.7459667603450952e-06
8.4875000045461491e-01 1.0000013406254284e+00 1.6940303677648600e-07 1.0105450137057769e-06 1.5158154884178765e-06
8.5125000003381013e-01 1.0000001134918108e+00 1.2504131126372921e-08 1.0006780288285277e-06 1.5010168728896685e-06
8.5375000000246781e-01 1.0000000092983561e+00 9.0760120980638138e-10 1.0000435956003528e-06 1.5000653794523871e-06
8.5625000000017704e-01 1.0000000007422558e+00 6.5016901233933631e-11 1.0000028032308705e-06 1.5000042037329187e-06
8.5875000000001234e-01 1.0000000000579821e+00 4.6093096168238686e-12 1.0000001798848857e-06 1.5000002697403551e-06
8.6125000000000074e-01 1.0000000000043869e+00 3.2398962659894659e-13 1.0000000111309859e-06 1.5000000166898983e-06
8.6375000000000002e-01 1.0000000000002862e+00 2.1663714149337601e-14 9.9999999969568876e-07 1.4999999995431035e-06
8.6624999999999996e-01 1.0000000000000171e+00 6.4775386208633625e-16 9.9999999914057724e-07 1.4999999987108400e-06
8.6875000000000002e-01 1.0000000000000007e+00 -3.3128266912201191e-16 9.9999999952915530e-07 1.4999999992937319e-06
8.7125000000000008e-01 1.0000000000000000e+00 -6.4936555044445957e-17 9.9999999997324451e-07 1.4999999999598666e-06
8.7375000000000003e-01 1.0000000000000000e+00 -4.6392611951331175e-18 9.9999999997324451e-07 1.4999999999598666e-06
8.7624999999999997e-01 1.0000000000000000e+00 -3.2733623401335676e-19 9.9999999997324451e-07 1.4999999999598666e-06
8.7875000000000003e-01 1.0000000000000000e+00 -2.2290251522423056e-20 9.9999999997324451e-07 1.4999999999598666e-06
8.8125000000000009e-01 1.0000000000000000e+00 -1.4817402534027784e-21 9.9999999997324451e-07 1.4999999999598666e-06
8.8375000000000004e-01 1.0000000000000000e+00 -9.0212830965771779e-23 9.9999999997324451e-07 1.4999999999598666e-06
8.8624999999999998e-01 1.0000000000000000e+00 0.0000000000000000e+00 9.9999999997324451e-07 1.4999999999598666e-06
8.8875000000000004e-01 1.0000000000000000e+00 0.0000000000000000e+00 9.9999999997324451e-07 1.4999999999598666e-06
8.9125000000000010e-01 1.0000000000000000e+00 0.0000000000000000e+00 9.9999999997324451e-07 1.4999999999598666e-06
8.9375000000000004e-01 1.0000000000000000e+00 0.0000000000000000e+00 9.9999999997324451e-07 1.4999999999598666e-06
8.9624999999999999e-01 1.0000000000000000e+00 0.0000000000000000e+00 9.9999999997324451e-07 1.4999999999598666e-06
8.9874999999999994e-01 1.0000000000000000e+00 0.0000000000000000e+00 9.9999999997324451e-07 1.4999999999598666e-06
9.0125000000000000e-01 1.0000000000000000e+00 0.0000000000000000e+00 9.9999999997324451e-07 1.4999999999598666e-06
9.0375000000000005e-01 1.0000000000000000e+00 0.0000000000000000e+00 9.9999999997324451e-07 1.4999999999598666e-06
9.0625000000000000e-01 1.0000000000000000e+00 0.0000000000000000e+00 9.9999999997324451e-07 1.4999999999598666e-06
9.0874999999999995e-01 1.0000000000000000e+00 0.0000000000000000e+00 9.9999999997324451e-07 1.4999999999598666e-06
9.1125000000000000e-01 1.0000000000000000e+00 0.0000000000000000e+00 9.9999999997324451e-07 1.4999999999598666e-06
9.1375000000000006e-01 1.0000000000000000e+00 0.0000000000000000e+00 9.9999999997324451e-07 1.4999999999598666e-06
9.1625000000000001e-01 1.0000000000000000e+00 0.0000000000000000e+00 9.9999999997324451e-07 1.4999999999598666e-06
9.1874999999999996e-01 1.0000000000000000e+00 0.0000000000000000e+00 9.9999999997324451e-07 1.4999999999598666e-06
9.2125000000000001e-01 1.0000000000000000e+00 0.0000000000000000e+00 9.9999999997324451e-07 1.4999999999598666e-06
9.2375000000000007e-01 1.0000000000000000e+00 0.0000000000000000e+00 9.9999999997324451e-07 1.4999999999598666e-06
9.2625000000000002e-01 1.0000000000000000e+00 0.0000000000000000e+00 9.9999999997324451e-07 1.4999999999598666e-06
9.2874999999999996e-01 1.0000000000000000e+00 0.0000000000000000e+00 9.9999999997324451e-07 1.4999999999598666e-06
9.3125000000000002e-01 1.0000000000000000e+00 0.0000000000000000e+00 9.9999999997324451e-07 1.4999999999598666e-06
9.3375000000000008e-01 1.0000000000000000e+00 0.0000000000000000e+00 9.9999999997324451e-07 1.4999999999598666e-06
9.3625000000000003e-01 1.0000000000000000e+00 0.0000000000000000e+00 9.9999999997324451e-07 1.4999999999598666e-06
9.3874999999999997e-01 1.0000000000000000e+00 0.0000000000000000e+00 9.9999999997324451e-07 1.4999999999598666e-06
9.4125000000000003e-01 1.0000000000000000e+00 0.0000000000000000e+00 9.9999999997324451e-07 1.4999999999598666e-06
9.4375000000000009e-01 1.0000000000000000e+00 0.0000000000000000e+00 9.9999999997324451e-07 1.4999999999598666e-06
9.4625000000000004e-01 1.0000000000000000e+00 0.0000000000000000e+00 9.9999999997324451e-07 1.4999999999598666e-06
9.4874999999999998e-01 1.0000000000000000e+00 0.0000000000000000e+00 9.9999999997324451e-07 1.4999999999598666e-06
9.5125000000000004e-01 1.0000000000000000e+00 0.0000000000000000e+00 9.9999999997324451e-07 1.4999999999598666e-06
9.5375000000000010e-01 1.0000000000000000e+00 0.0000000000000000e+00 9.9999999997324451e-07 1.4999999999598666e-06
9.5625000000000004e-01 1.0000000000000000e+00 0.0000000000000000e+00 9.9999999997324451e-07 1.4999999999598666e-06
9.5874999999999999e-01 1.0000000000000000e+00 0.0000000000000000e+00 9.9999999997324451e-07 1.4999999999598666e-06
9.6124999999999994e-01 1.0000000000000000e+00 0.0000000000000000e+00 9.9999999997324451e-07 1.4999999999598666e-06
9.6375000000000000e-01 1.0000000000000000e+00 0.0000000000000000e+00 9.9999999997324451e-07 1.4999999999598666e-06
9.6625000000000005e-01 1.0000000000000000e+00 0.0000000000000000e+00 9.9999999997324451e-07 1.4999999999598666e-06
9.6875000000000000e-01 1.0000000000000000e+00 0.0000000000000000e+00 9.9999999997324451e-07 1.4999999999598666e-06
9.7124999999999995e-01 1.0000000000000000e+00 0.0000000000000000e+00 9.9999999997324451e-07 1.4999999999598666e-06
9.7375000000000000e-01 1.0000000000000000e+00 0.0000000000000000e+00 9.9999999997324451e-07 1.4999999999598666e-06
9.7625000000000006e-01 1.0000000000000000e+00 0.0000000000000000e+00 9.9999999997324451e-07 1.4999999999598666e-06
9.7875000000000001e-01 1.0000000000000000e+00 0.0000000000000000e+00 9.9999999997324451e-07 1.4999999999598666e-06
9.8124999999999996e-01 1.0000000000000000e+00 0.0000000000000000e+00 9.9999999997324451e-07 1.4999999999598666e-06
9.8375000000000001e-01 1.0000000000000000e+00 0.0000000000000000e+00 9.9999999997324451e-07 1.4999999999598666e-06
9.8625000000000007e-01 1.0000000000000000e+00 0.0000000000000000e+00 9.9999999997324451e-07 1.4999999999598666e-06
9.8875000000000002e-01 1.0000000000000000e+00 0.0000000000000000e+00 9.9999999997324451e-07 1.4999999999598666e-06
9.9124999999999996e-01 1.0000000000000000e+00 0.0000000000000000e+00 9.9999999997324451e-07 1.4999999999598666e-06
9.9375000000000002e-01 1.0000000000000000e+00 0.0000000000000000e+00 9.9999999997324451e-07 1.4999999999598666e-06
9.9625000000000008e-01 1.0000000000000000e+00 0.0000000000000000e+00 9.9999999997324451e-07 1.4999999999598666e-06
9.9875000000000003e-01 1.0000000000000000e+00 0.0000000000000000e+00 9.9999999997324451e-07 1.4999999999598666e-06
