1.2500000000000000e-03 1.0000000000000000e+01 0.0000000000000000e+00 1.3333333333333339e+01 2.0000000000000004e+00
3.7499999999999999e-03 1.0000000000000000e+01 0.0000000000000000e+00 1.3333333333333339e+01 2.0000000000000004e+00
6.2500000000000003e-03 1.0000000000000000e+01 0.0000000000000000e+00 1.3333333333333339e+01 2.0000000000000004e+00
8.7500000000000008e-03 1.0000000000000000e+01 0.0000000000000000e+00 1.3333333333333339e+01 2.0000000000000004e+00
1.1250000000000000e-02 1.0000000000000000e+01 0.0000000000000000e+00 1.3333333333333339e+01 2.0000000000000004e+00
1.3750000000000000e-02 1.0000000000000000e+01 -5.5236316393563880e-17 1.3333333333333341e+01 2.0000000000000009e+00
1.6250000000000001e-02 1.0000000000000000e+01 -3.8894886249961701e-17 1.3333333333333341e+01 2.0000000000000009e+00
1.8750000000000003e-02 1.0000000000000000e+01 -3.2392523855141541e-17 1.3333333333333341e+01 2.0000000000000009e+00
2.1249999999999998e-02 1.0000000000000000e+01 -3.0505894894564594e-17 1.3333333333333341e+01 2.0000000000000009e+00
2.3750000000000000e-02 1.0000000000000000e+01 -2.9997135068607164e-17 1.3333333333333341e+01 2.0000000000000009e+00
2.6250000000000002e-02 1.0000000000000000e+01 -2.9448028565634307e-17 1.3333333333333341e+01 2.0000000000000009e+00
2.8749999999999998e-02 1.0000000000000000e+01 -2.9928469238288851e-17 1.3333333333333341e+01 2.0000000000000009e+00
3.1250000000000000e-02 1.0000000000000000e+01 -2.9515824654922568e-17 1.3333333333333341e+01 2.0000000000000009e+00
3.3750000000000002e-02 1.0000000000000000e+01 -2.9082229559755102e-17 1.3333333333333341e+01 2.0000000000000009e+00
3.6250000000000004e-02 1.0000000000000000e+01 -2.9729625058475132e-17 1.3333333333333341e+01 2.0000000000000009e+00
3.8750000000000000e-02 1.0000000000000000e+01 -2.9206374729801628e-17 1.3333333333333341e+01 2.0000000000000009e+00
4.1250000000000002e-02 1.0000000000000000e+01 -2.9512044081455236e-17 1.3333333333333341e+01 2.0000000000000009e+00
4.3749999999999997e-02 1.0000000000000000e+01 -2.9612937377523493e-17 1.3333333333333341e+01 2.0000000000000009e+00
4.6249999999999999e-02 1.0000000000000000e+01 -2.9616819457638117e-17 1.3333333333333341e+01 2.0000000000000009e+00
4.8750000000000002e-02 1.0000000000000000e+01 -2.9265941816077165e-17 1.3333333333333341e+01 2.0000000000000009e+00
5.1250000000000004e-02 1.0000000000000000e+01 -2.9579153008047947e-17 1.3333333333333341e+01 2.0000000000000009e+00
5.3749999999999999e-02 1.0000000000000000e+01 -2.9492304145128931e-17 1.3333333333333341e+01 2.0000000000000009e+00
5.6250000000000001e-02 1.0000000000000000e+01 -2.9143281890561937e-17 1.3333333333333341e+01 2.0000000000000009e+00
5.8749999999999997e-02 1.0000000000000000e+01 -2.9186864169362756e-17 1.3333333333333341e+01 2.0000000000000009e+00
6.1249999999999999e-02 1.0000000000000000e+01 -2.9103470271897019e-17 1.3333333333333341e+01 2.0000000000000009e+00
6.3750000000000001e-02 1.0000000000000000e+01 -2.9200428820924267e-17 1.3333333333333341e+01 2.0000000000000009e+00
6.6250000000000003e-02 1.0000000000000000e+01 -2.9223790055267206e-17 1.3333333333333341e+01 2.0000000000000009e+00
6.8750000000000006e-02 1.0000000000000000e+01 -2.9319122972999981e-17 1.3333333333333341e+01 2.0000000000000009e+00
7.1250000000000008e-02 1.0000000000000000e+01 -2.9394465598884715e-17 1.3333333333333341e+01 2.0000000000000009e+00
7.3749999999999996e-02 1.0000000000000000e+01 -2.9538704380601123e-17 1.3333333333333341e+01 2.0000000000000009e+00
7.6249999999999998e-02 1.0000000000000000e+01 -2.9681366717773467e-17 1.3333333333333341e+01 2.0000000000000009e+00
7.8750000000000001e-02 1.0000000000000000e+01 -2.9027476734642809e-17 1.3333333333333341e+01 2.0000000000000009e+00
8.1250000000000003e-02 1.0000000000000000e+01 -2.9197781761583474e-17 1.3333333333333341e+01 2.0000000000000009e+00
8.3750000000000005e-02 1.0000000000000000e+01 -2.9407277908030917e-17 1.3333333333333341e+01 2.0000000000000009e+00
8.6250000000000007e-02 1.0000000000000000e+01 -2.9590430716539444e-17 1.3333333333333341e+01 2.0000000000000009e+00
8.8749999999999996e-02 1.0000000000000000e+01 -2.9798785200204370e-17 1.3333333333333341e+01 2.0000000000000009e+00
9.1249999999999998e-02 1.0000000000000000e+01 -2.9095140083258229e-17 1.3333333333333341e+01 2.0000000000000009e+00
9.3750000000000000e-02 1.0000000000000000e+01 -2.9277493549017204e-17 1.3333333333333341e+01 2.0000000000000009e+00
9.6250000000000002e-02 1.0000000000000000e+01 -2.9436674368779633e-17 1.3333333333333341e+01 2.0000000000000009e+00
9.8750000000000004e-02 1.0000000000000000e+01 -2.9596693728852772e-17 1.3333333333333341e+01 2.0000000000000009e+00
1.0125000000000001e-01 1.0000000000000000e+01 -2.9743200644432677e-17 1.3333333333333341e+01 2.0000000000000009e+00
1.0375000000000001e-01 1.0000000000000000e+01 -2.9876503039857866e-17 1.3333333333333341e+01 2.0000000000000009e+00
1.0625000000000000e-01 1.0000000000000000e+01 -2.9094161357993263e-17 1.3333333333333341e+01 2.0000000000000009e+00
1.0875000000000000e-01 1.0000000000000000e+01 -2.9192102849636129e-17 1.3333333333333341e+01 2.0000000000000009e+00
1.1125000000000000e-01 1.0000000000000000e+01 -2.9293958276906852e-17 1.3333333333333341e+01 2.0000000000000009e+00
1.1375000000000000e-01 1.0000000000000000e+01 -2.9367260361280727e-17 1.3333333333333341e+01 2.0000000000000009e+00
1.1625000000000001e-01 1.0000000000000000e+01 -2.9448661852345736e-17 1.3333333333333341e+01 2.0000000000000009e+00
1.1874999999999999e-01 1.0000000000000000e+01 -2.9501254232214951e-17 1.3333333333333341e+01 2.0000000000000009e+00
1.2125000000000000e-01 1.0000000000000000e+01 -2.9557153264687928e-17 1.3333333333333341e+01 2.0000000000000009e+00
1.2375000000000000e-01 1.0000000000000000e+01 -2.9597591262882436e-17 1.3333333333333341e+01 2.0000000000000009e+00
1.2625000000000000e-01 1.0000000000000000e+01 -2.9634088491659650e-17 1.3333333333333341e+01 2.0000000000000009e+00
1.2875000000000000e-01 1.0000000000000000e+01 -2.9662107128020369e-17 1.3333333333333341e+01 2.0000000000000009e+00
1.3125000000000001e-01 1.0000000000000000e+01 -2.9680596276233662e-17 1.3333333333333341e+01 2.0000000000000009e+00
1.3375000000000001e-01 1.0000000000000000e+01 -2.9697535674649729e-17 1.3333333333333341e+01 2.0000000000000009e+00
1.3625000000000001e-01 1.0000000000000000e+01 -2.9706223826463932e-17 1.3333333333333341e+01 2.0000000000000009e+00
1.3875000000628115e-01 9.9999999497508618e+00 3.5984126911559965e-09 1.3333333221668605e+01 1.9999999933001180e+00
1.4125000004053090e-01 9.9999997762510873e+00 1.6023003928760028e-08 1.3333332836113351e+01 1.9999999701667845e+00
1.4375000012282180e-01 9.9999995654217422e+00 3.1120788602961452e-08 1.3333332367604086e+01 1.9999999420562620e+00
1.4625000028769569e-01 9.9999991155871886e+00 6.3334121051971538e-08 1.3333331367971658e+01 1.9999998820783003e+00
1.4875000061233462e-01 9.9999982873015671e+00 1.2264888145104589e-07 1.3333329527337268e+01 1.9999997716402376e+00
1.5125000124616511e-01 9.9999966420555779e+00 2.4046741360683878e-07 1.3333325871235958e+01 1.9999995522741276e+00
1.5375000246673209e-01 9.9999935934124426e+00 4.5878540538461527e-07 1.3333319096475353e+01 1.9999991457882671e+00
1.5625000478817433e-01 9.9999878350637292e+00 8.7114962196459627e-07 1.3333306300155067e+01 1.9999983780085409e+00
1.5875000915292331e-01 9.9999772469940478e+00 1.6293782614469747e-06 1.3333282771142651e+01 1.9999969662656853e+00
1.6125001725196958e-01 9.9999579608054976e+00 3.0104947173002482e-06 1.3333239913057522e+01 1.9999943947739647e+00
1.6375003207648178e-01 9.9999234436642279e+00 5.4823313651223371e-06 1.3333163208655902e+01 1.9999897924873946e+00
1.6625005884182378e-01 9.9998624354427754e+00 9.8512619583943594e-06 1.3333027635960516e+01 1.9999816580532019e+00
1.6875010648669433e-01 9.9997564114121822e+00 1.7443928242189472e-05 1.3332792030472680e+01 1.9999675214973260e+00
1.7125019006128467e-01 9.9995750097083533e+00 3.0434759124819995e-05 1.3332388925911660e+01 1.9999433345368509e+00
1.7375033447935029e-01 9.9992696988579901e+00 5.2299648397858966e-05 1.3331710487174288e+01 1.9999026261933248e+00
1.7625058019785228e-01 9.9987647062645379e+00 8.8466099491545119e-05 1.3330588364662079e+01 1.9998352931002641e+00
1.7875099164038474e-01 9.9979441812682293e+00 1.4723380393942494e-04 1.3328765200479967e+01 1.9997258874657808e+00
1.8125166930482975e-01 9.9966356593352703e+00 2.4096192259068488e-04 1.3325857959342654e+01 1.9995514111137607e+00
1.8375276658363601e-01 9.9945891299207066e+00 3.8757519716537694e-04 1.3321311586550950e+01 1.9992785216159208e+00
1.8625451231636342e-01 9.9914526218040454e+00 6.1232778534147173e-04 1.3314345123967840e+01 1.9988602700640863e+00
1.8875723973572192e-01 9.9867465323848776e+00 9.4967320203990450e-04 1.3303895412478470e+01 1.9982326630605056e+00
1.9126142185142522e-01 9.9798398789138432e+00 1.4450259183617668e-03 1.3288565735859590e+01 1.9973114644759988e+00
1.9376771221371941e-01 9.9699348389461200e+00 2.1559778438525602e-03 1.3266593979029867e+01 1.9959900731556171e+00
1.9627698854349807e-01 9.9560658361798957e+00 3.1525460757015535e-03 1.3235854719704056e+01 1.9941392921899261e+00
1.9879039502202328e-01 9.9371215565980222e+00 4.5158745061739782e-03 1.3193914351460808e+01 1.9916100869321178e+00
2.0130937747255304e-01 9.9118948021843920e+00 6.3350474329481798e-03 1.3138150290351975e+01 1.9882399711490950e+00
2.0383570487023064e-01 9.8791615200806184e+00 8.7018976722184321e-03 1.3065936677718909e+01 1.9838632030401733e+00
2.0637147088669971e-01 9.8377837017509950e+00 1.1704118896843226e-02 1.2974883221056249e+01 1.9783241247843593e+00
2.0891907116093034e-01 9.7868216733668572e+00 1.5417601160430882e-02 1.2863092430664596e+01 1.9714917968214252e+00
2.1148115547752178e-01 9.7256367362226079e+00 1.9899210005103796e-02 1.2729389929129804e+01 1.9632735019373917e+00
2.1406055848990974e-01 9.6539618339016542e+00 2.5181495388030994e-02 1.2573475954973585e+01 1.9536242484644266e+00
2.1666021723426446e-01 9.5719223791418635e+00 3.1270591922900839e-02 1.2395958097794320e+01 1.9425499299084841e+00
2.1928308727203299e-01 9.4799978788016688e+00 3.8148099316935767e-02 1.2198247166950138e+01 1.9301028317042312e+00
2.2193207132908521e-01 9.3789251100554694e+00 4.5777146465739250e-02 1.1982323394594708e+01 1.9163694006493417e+00
2.2460997477930228e-01 9.2695515319472701e+00 5.4112362661314729e-02 1.1750399809586719e+01 1.9014511817140132e+00
2.2731950194417755e-01 9.1526504227771497e+00 6.3113315714963661e-02 1.1504516411259939e+01 1.8854401533729459e+00
2.3006329296198752e-01 9.0288037605648608e+00 7.2753621204432406e-02 1.1246292856075216e+01 1.8684024740678864e+00
2.3284345515490928e-01 8.9019792387293162e+00 8.2691662717840203e-02 1.0984275636843593e+01 1.8508708022573708e+00
2.3566094439231783e-01 8.7765787080380520e+00 9.2672181541871859e-02 1.0727634680532766e+01 1.8334538498540156e+00
2.3851608907574956e-01 8.6525516472856019e+00 1.0265466293859665e-01 1.0476198163124920e+01 1.8161460208812648e+00
2.4140921464796822e-01 8.5299677243546874e+00 1.1263093137137667e-01 1.0230037204557734e+01 1.7989582496336454e+00
2.4434062505481813e-01 8.4088658591444041e+00 1.2259368863173606e-01 9.9891571529255430e+00 1.7818973426831306e+00
2.4731060781409098e-01 8.2892744548563204e+00 1.3253731887460996e-01 9.7535402549217824e+00 1.7649687511325456e+00
2.5031943654611810e-01 8.1712091312118567e+00 1.4245708550306380e-01 9.5231422727848294e+00 1.7481762098847058e+00
2.5336737376842933e-01 8.0546761820228916e+00 1.5234896404753923e-01 9.2979003745350397e+00 1.7315221924042483e+00
2.5645467303763003e-01 7.9396748308571210e+00 1.6220949511176269e-01 9.0777382903991430e+00 1.7150081994137214e+00
2.5958158067662906e-01 7.8261988281776649e+00 1.7203567049519997e-01 8.8625700056734846e+00 1.6986349695904299e+00
2.6274833718223523e-01 7.7142377803460294e+00 1.8182485740482610e-01 8.6523027271187463e+00 1.6824026508158731e+00
2.6595517839858773e-01 7.6037780046756822e+00 1.9157472866297587e-01 8.4468388377759069e+00 1.6663109113486374e+00
2.6920233651151076e-01 7.4948033420687805e+00 2.0128322237813356e-01 8.2460776685238883e+00 1.6503590472290632e+00
2.7249004091369289e-01 7.3872956045677221e+00 2.1094849463882059e-01 8.0499165105465025e+00 1.6345460385196446e+00
2.7581851897136805e-01 7.2812351041486334e+00 2.2056889807195901e-01 7.8582517260150464e+00 1.6188706202202521e+00
2.7918799670197608e-01 7.1766009476072394e+00 2.3014295401842577e-01 7.6709793847822976e+00 1.6033313209381987e+00
2.8259869940472471e-01 7.0733713074092472e+00 2.3966933257411174e-01 7.4879958110137981e+00 1.5879264962034945e+00
2.8605085222828264e-01 6.9715237038266231e+00 2.4914684332455320e-01 7.3091981454242232e+00 1.5726543699648294e+00
2.8954468071998118e-01 6.8710350590425451e+00 2.5857441058239888e-01 7.1344844570977575e+00 1.5575130375099389e+00
2.9308041133264906e-01 6.7718820144877450e+00 2.6795107847003452e-01 6.9637543133327799e+00 1.5425005113278429e+00
2.9665827191576333e-01 6.6740408625217338e+00 2.7727598443024981e-01 6.7969086603382420e+00 1.5276147090677423e+00
3.0027849219754033e-01 6.5774878050132113e+00 2.8654836630131469e-01 6.6338502600442188e+00 1.5128534913408844e+00
3.0394130424392085e-01 6.4821989160959115e+00 2.9576754415722356e-01 6.4744836050700769e+00 1.4982146542109320e+00
3.0764694291882183e-01 6.3881502960596590e+00 3.0493292239427633e-01 6.3187151552779843e+00 1.4836959516690211e+00
3.1139564633316053e-01 6.2953180621089109e+00 3.1404397858866079e-01 6.1664533019085948e+00 1.4692950954354607e+00
3.1518765629772438e-01 6.2036784418412028e+00 3.2310026228269123e-01 6.0176084765305751e+00 1.4550097654830887e+00
3.1902321876911427e-01 6.1132077868123664e+00 3.3210138884750928e-01 5.8720931506299587e+00 1.4408376147374176e+00
3.2290258430472818e-01 6.0238826108340344e+00 3.4104703547487231e-01 5.7298218525515390e+00 1.4267762727264246e+00
3.2682600851755200e-01 5.9356796235749876e+00 3.4993693840427503e-01 5.5907111883284530e+00 1.4128233520531306e+00
3.3079375252733345e-01 5.8485757681645936e+00 3.5877089101153836e-01 5.4546798624931325e+00 1.3989764547937775e+00
3.3480608344496304e-01 5.7625481645959411e+00 3.6754873203467214e-01 5.3216485340194977e+00 1.3852331595373244e+00
3.3886327482773587e-01 5.6775742883654692e+00 3.7627036003045133e-01 5.1915400724564424e+00 1.3715910551170563e+00
3.4296560717319691e-01 5.5936317566703924e+00 3.8493570676507005e-01 5.0642791739796547e+00 1.3580477034282370e+00
3.4711336841462981e-01 5.5106985848696022e+00 3.9354475910586079e-01 4.9397927116757021e+00 1.3446006805485418e+00
3.5130685440777348e-01 5.4287530008884666e+00 4.0209753676092636e-01 4.8180094168837480e+00 1.3312475487727755e+00
3.5554636947454488e-01 5.3477735511653428e+00 4.1059409924874973e-01 4.6988599944455807e+00 1.3179858728559037e+00
3.5983222691683259e-01 5.2677391068112875e+00 4.1903454291703973e-01 4.5822770874670411e+00 1.3048132209723717e+00
3.6416474957027645e-01 5.1886288203728173e+00 4.2741899349157136e-01 4.4681951797534536e+00 1.2917271598450171e+00
3.6854427033348425e-01 5.1104222584436672e+00 4.3574761533870110e-01 4.3565507320723071e+00 1.2787252731046499e+00
3.7297113277519367e-01 5.0330991700748973e+00 4.4402058538306910e-01 4.2472818323435595e+00 1.2658051298481634e+00
3.7744569175004217e-01 4.9566397485087590e+00 4.5223811542032910e-01 4.1403285091161806e+00 1.2529643223602729e+00
3.8196831393911723e-01 4.8810245548075857e+00 4.6040044014814935e-01 4.0356325796844192e+00 1.2402004541370844e+00
3.8653937851970310e-01 4.8062344135746047e+00 4.6850780255974750e-01 3.9331374734332996e+00 1.2275111246107702e+00
3.9115927778298432e-01 4.7322506515863836e+00 4.7656047510352761e-01 3.8327885224563643e+00 1.2148939705375197e+00
3.9582841778281891e-01 4.6590548630218800e+00 4.8455872960214941e-01 3.7345325961358427e+00 1.2023466258498652e+00
4.0054721900942303e-01 4.5866291509225023e+00 4.9250285777168973e-01 3.6383183865928150e+00 1.1898667627818933e+00
4.0531611710663251e-01 4.5149558799932192e+00 5.0039314093376475e-01 3.5440960644634258e+00 1.1774520588899136e+00
4.1013556360393860e-01 4.4440179656160010e+00 5.0822986946737680e-01 3.4518175616816418e+00 1.1651002274480586e+00
4.1500602650103924e-01 4.3737988612368435e+00 5.1601333700783947e-01 3.3614365558522481e+00 1.1528090325471729e+00
4.1992799106399020e-01 4.3042823335673761e+00 5.2374380492240513e-01 3.2729081291554891e+00 1.1405762478560204e+00
4.2490196052747042e-01 4.2354528984814452e+00 5.3142153571911033e-01 3.1861892754711527e+00 1.1283997314479084e+00
4.2992845676831160e-01 4.1672955212985983e+00 5.3904674539024489e-01 3.1012385095803068e+00 1.1162773891593039e+00
4.3500802093972812e-01 4.0997960821236603e+00 5.4661962119503960e-01 3.0180163091679253e+00 1.1042072271572410e+00
4.4014121398140665e-01 4.0329412226376116e+00 5.5414027558694012e-01 2.9364849382604898e+00 1.0921873551407644e+00
4.4532861707290500e-01 3.9667187445540000e+00 5.6160873685613621e-01 2.8566088404578318e+00 1.0802160517605650e+00
4.5057083168468454e-01 3.9011179362787698e+00 5.6902491680641365e-01 2.7783549911923382e+00 1.0682918473271963e+00
4.5586847959719567e-01 3.8361296547135204e+00 5.7638850742057268e-01 2.7016927857284849e+00 1.0564135061528226e+00
4.6122220187013496e-01 3.7717478621701432e+00 5.8369901489154163e-01 2.6265957973455656e+00 1.0445803484200713e+00
4.6663265756194339e-01 3.7079690061120547e+00 5.9095549059354036e-01 2.5530408545712588e+00 1.0327921499733157e+00
4.7210052099926886e-01 3.6447949678101987e+00 5.9815659053364456e-01 2.4810112296740634e+00 1.0210497098954761e+00
4.7762647724706220e-01 3.5822330979709172e+00 6.0530020871120305e-01 2.4104962490632604e+00 1.0093548562328216e+00
4.8321121571196191e-01 3.5202993986134112e+00 6.1238336885453803e-01 2.3414945490124621e+00 9.9771111085099973e-01
4.8885542031816964e-01 3.4590203995131592e+00 6.1940183472545096e-01 2.2740156265266460e+00 9.8612411776179587e-01
4.9455975604702096e-01 3.3984368390430597e+00 6.2634975433987583e-01 2.2080829931089943e+00 9.7460233823151687e-01
5.0032484967776547e-01 3.3386077563300054e+00 6.3321922376055206e-01 2.1437378154200686e+00 9.6315798614955805e-01
5.0615126432362434e-01 3.2796146415887524e+00 6.3999968941564456e-01 2.0810422105520114e+00 9.5180795824104203e-01
5.1203946583371307e-01 3.2215672936332629e+00 6.4667738079320713e-01 2.0200838299553552e+00 9.4057502723020137e-01
5.1798977897881460e-01 3.1646094233271289e+00 6.5323465650350365e-01 1.9609802048659866e+00 9.2948920824688985e-01
5.2400233359147763e-01 3.1089238332252744e+00 6.5964924014086568e-01 1.9038820366876723e+00 9.1858894209987996e-01
5.3007699723937030e-01 3.0547397441133963e+00 6.6589377521174420e-01 1.8489784636054867e+00 9.0792274554741070e-01
5.3621329668401507e-01 3.0023347517911469e+00 6.7193503187689008e-01 1.7964969554523198e+00 8.9754995893473766e-01
5.4241032724552918e-01 2.9520405308860109e+00 6.7773394282199007e-01 1.7467066001510501e+00 8.8754198081426849e-01
5.4866665341308729e-01 2.9042392325849327e+00 6.8324545761714417e-01 1.6999130710852637e+00 8.7798194378028938e-01
5.5498020888455768e-01 2.8593587444251463e+00 6.8841949525902280e-01 1.6564527048765041e+00 8.6896373606813127e-01
5.6134820464014279e-01 2.8178567075163996e+00 6.9320265715609464e-01 1.6166775801080837e+00 8.6058895886848852e-01
5.6776706395644894e-01 2.7801941547648488e+00 6.9754138323410075e-01 1.5809318972867066e+00 8.5296123720921735e-01
5.7423240835534806e-01 2.7467930757790868e+00 7.0138657781286851e-01 1.5495160902927849e+00 8.4617736804944121e-01
5.8073911574795944e-01 2.7179853571598116e+00 7.0470016624377874e-01 1.5226445213763413e+00 8.4031607309730605e-01
5.8728147895875227e-01 2.6939463605443890e+00 7.0746141223945136e-01 1.5003911105203791e+00 8.3542371100728707e-01
5.9385345900722353e-01 2.6746504761584697e+00 7.0967397442415636e-01 1.4826554942756294e+00 8.3150425120507421e-01
6.0044902231534780e-01 2.6598314099073459e+00 7.1136755637693438e-01 1.4691318377278622e+00 8.2851031399338126e-01
6.0706249131631584e-01 2.6490148774703441e+00 7.1259842616385993e-01 1.4593417619457267e+00 8.2634969759360888e-01
6.1368887241349879e-01 2.6415459241413690e+00 7.1343919358694208e-01 1.4526582567321149e+00 8.2489097205699702e-01
6.2032404021526188e-01 2.6367273727838532e+00 7.1397484879592654e-01 1.4484291101734497e+00 8.2399253244232840e-01
6.2696485933967927e-01 2.6338171562547950e+00 7.1428228185552811e-01 1.4459701974843417e+00 8.2350260764141214e-01
6.3360906006266093e-01 2.6322529615423043e+00 7.1444139616673763e-01 1.4447673381708266e+00 8.2330651305885527e-01
6.4025528621380201e-01 2.6313856860594296e+00 7.1449749408065877e-01 1.4442298085857366e+00 8.2327145137084168e-01
6.4690264812300791e-01 2.6310400085814587e+00 7.1452303045612553e-01 1.4442020371140079e+00 8.2336378337286753e-01
6.5355094539128422e-01 2.6305909799003828e+00 7.1451164745248774e-01 1.4441182662001484e+00 8.2345656008531309e-01
6.6020013649298526e-01 2.6304622946948886e+00 7.1448927087264102e-01 1.4443735847460288e+00 8.2364243786674218e-01
6.6684964146487602e-01 2.6307218798585037e+00 7.1441286516280866e-01 1.4450399069967517e+00 8.2394109278161776e-01
6.7349936093158569e-01 2.6309726469801000e+00 7.1431209468419665e-01 1.4457658290609119e+00 8.2427643103040238e-01
6.8014954123969407e-01 2.6309965916225497e+00 7.1424625595134794e-01 1.4463671803577656e+00 8.2461177541802688e-01
6.8680067623190499e-01 2.6306801767632169e+00 7.1419144886689756e-01 1.4467600619108962e+00 8.2493497766668067e-01
6.9345337215868263e-01 2.6301214279904128e+00 7.1415253902683584e-01 1.4470607266910314e+00 8.2528170256193156e-01
7.0010803506032304e-01 2.6293530846254272e+00 7.1413200551898603e-01 1.4473365719121816e+00 8.2568022931676732e-01
7.0676536806820023e-01 2.6281917189212955e+00 7.1410566001547726e-01 1.4474684966055014e+00 8.2612038127849807e-01
7.1342623934514071e-01 2.6267118700704315e+00 7.1409244905008173e-01 1.4476003696098219e+00 8.2666111161880484e-01
7.2009154640940354e-01 2.6247718573362215e+00 7.1408553442844147e-01 1.4477044265415970e+00 8.2733157693035586e-01
7.2676271669266712e-01 2.6221543026011598e+00 7.1407745669115885e-01 1.4477523840064597e+00 8.2818489127640127e-01
7.3344170336475445e-01 2.6186728795671299e+00 7.1407493273529132e-01 1.4478192132958758e+00 8.2932421108771837e-01
7.4013141192629206e-01 2.6137692105493988e+00 7.1407422233678386e-01 1.4478618259635601e+00 8.3090455353892623e-01
7.4683654411587064e-01 2.6066500728743907e+00 7.1407280150634844e-01 1.4478793504348517e+00 8.3318395831220315e-01
7.5356520212880862e-01 2.5955348367082811e+00 7.1407315723290665e-01 1.4479088851644122e+00 8.3676909168401936e-01
7.6033221397979089e-01 2.5771961861559669e+00 7.1407558581637898e-01 1.4479358016582655e+00 8.4273898671521574e-01
7.6716996745107391e-01 2.5421772177703179e+00 7.1407773431692523e-01 1.4479772357950687e+00 8.5437232247623607e-01
7.7415884935041102e-01 2.4673599431629714e+00 7.1408030892936003e-01 1.4480227842360234e+00 8.8030697846608019e-01
7.8170823378748389e-01 2.1861816451042433e+00 7.1408309090621569e-01 1.4480815681141148e+00 9.9356901885780824e-01
7.8601341553147663e-01 2.8935696167751348e+00 7.1408292258407446e-01 1.4481179255477030e+00 7.5069107573172267e-01
7.8648101660480152e-01 5.2977147207791671e+00 7.1408280410842540e-01 1.4481247770080710e+00 4.1002343085635790e-01
7.8678000726317632e-01 6.5396626248672529e+00 7.1408284084890261e-01 1.4481299150868769e+00 3.3215702357037230e-01
7.8704586172304380e-01 6.6271675314272862e+00 7.1408289306215533e-01 1.4481342774680184e+00 3.2777222031901804e-01
7.8731485853045635e-01 6.3896110790496099e+00 7.1408293206071449e-01 1.4481381979113601e+00 3.3995923538903933e-01
7.8759520060918109e-01 6.1028102291712756e+00 7.1408296971046359e-01 1.4481419940149429e+00 3.5593651276247984e-01
7.8789002452025669e-01 5.7785669398877682e+00 7.1408300207955644e-01 1.4481462221204695e+00 3.7590969452763545e-01
7.8820103488638327e-01 5.4837747555667011e+00 7.1408301186085921e-01 1.4481511405149690e+00 3.9611887934809464e-01
7.8852655350096068e-01 5.2733521817302096e+00 7.1408300812081715e-01 1.4481567963786355e+00 4.1192681992561953e-01
7.8886286721324383e-01 5.1363097211624362e+00 7.1408297550998678e-01 1.4481623650086284e+00 4.2291911224958723e-01
7.8920671743270498e-01 5.0442613232257285e+00 7.1408295382839704e-01 1.4481666858105380e+00 4.3063788521699464e-01
7.8955594832946752e-01 4.9790600195931418e+00 7.1408298805884529e-01 1.4481695110601458e+00 4.3627798380460608e-01
7.8990912305932359e-01 4.9321342095256515e+00 7.1408315082175078e-01 1.4481704564918376e+00 4.4042915144976830e-01
7.9026519988643973e-01 4.8981753721585601e+00 7.1408345977880017e-01 1.4481699742803800e+00 4.4348247997974116e-01
7.9062340436477618e-01 4.8736834498901453e+00 7.1408396263799667e-01 1.4481685984442609e+00 4.4571070731221879e-01
7.9098314781626700e-01 4.8563336474466157e+00 7.1408455746611199e-01 1.4481672709554063e+00 4.4730264930937047e-01
7.9134397959877356e-01 4.8443112801482213e+00 7.1408520989419111e-01 1.4481669085561910e+00 4.4841263024035521e-01
7.9170555522373487e-01 4.8363603929034547e+00 7.1408576378009114e-01 1.4481683894749269e+00 4.4915027163811144e-01
7.9206762774657502e-01 4.8310150127252811e+00 7.1408623627025825e-01 1.4481716177094881e+00 4.4964824593637814e-01
7.9243004008893392e-01 4.8272880937272005e+00 7.1408662714621340e-01 1.4481758176206945e+00 4.4999670296326016e-01
7.9279267955862931e-01 4.8249597667626309e+00 7.1408697709263669e-01 1.4481798076408463e+00 4.5021509327916776e-01
7.9315545056779646e-01 4.8237830668065724e+00 7.1408730126266384e-01 1.4481830605170145e+00 4.5032592898370222e-01
7.9351827588048029e-01 4.8235109224566806e+00 7.1408763099749883e-01 1.4481857442664003e+00 4.5035217113040743e-01
7.9388107945492592e-01 4.8243567451090987e+00 7.1408793137091120e-01 1.4481884770382873e+00 4.5027406353389532e-01
7.9424380151820650e-01 4.8256757019605967e+00 7.1408811494854885e-01 1.4481920755881834e+00 4.5015211289472029e-01
7.9460639016262613e-01 4.8279063088982355e+00 7.1408816127197239e-01 1.4481965283854048e+00 4.4994551542443689e-01
7.9496876828139174e-01 4.8312850742842199e+00 7.1408805776018069e-01 1.4482020920622942e+00 4.4963257284404384e-01
7.9533086280324294e-01 4.8354754095710524e+00 7.1408769701793240e-01 1.4482100224004446e+00 4.4924538946075820e-01
7.9569262124069517e-01 4.8402731078081320e+00 7.1408709817260885e-01 1.4482203580169024e+00 4.4880329862400492e-01
7.9605398566644214e-01 4.8460352184940678e+00 7.1408644087336248e-01 1.4482316497156913e+00 4.4827315044743021e-01
7.9641489074970040e-01 4.8526104910484049e+00 7.1408595271709674e-01 1.4482421902429694e+00 4.4766899988610370e-01
7.9677529127923852e-01 4.8596189676614623e+00 7.1408570036300933e-01 1.4482515439912653e+00 4.4702626490740810e-01
7.9713515587656647e-01 4.8670764403693401e+00 7.1408577588865774e-01 1.4482596853392617e+00 4.4634382768067637e-01
7.9749445326447110e-01 4.8749702427459187e+00 7.1408634419711492e-01 1.4482638524384814e+00 4.4562236700630176e-01
7.9785316550756347e-01 4.8829572048652734e+00 7.1408731747131227e-01 1.4482650543876374e+00 4.4489384003139038e-01
7.9821128840010047e-01 4.8910130607525248e+00 7.1408852955253976e-01 1.4482646901929597e+00 4.4416095567636804e-01
7.9856881654671341e-01 4.8991989916540453e+00 7.1408974966327032e-01 1.4482653040788833e+00 4.4341900784578858e-01
7.9892573805845268e-01 4.9076379369305965e+00 7.1409066761607709e-01 1.4482690011026449e+00 4.4265765518404609e-01
7.9928205029676791e-01 4.9159578391618499e+00 7.1409115370343845e-01 1.4482764979660723e+00 4.4191077670419887e-01
7.9963776454904800e-01 4.9241477592043337e+00 7.1409125863716083e-01 1.4482871261577668e+00 4.4117902131914932e-01
7.9999288854846906e-01 4.9323131671403022e+00 7.1409113723949458e-01 1.4482996086046738e+00 4.4045244883884194e-01
8.0034742603252140e-01 4.9404575871961942e+00 7.1409067023037454e-01 1.4483156770585013e+00 4.3973123485929427e-01
8.0070139207336732e-01 4.9482578964295945e+00 7.1409020828993763e-01 1.4483317878776774e+00 4.3904293739097089e-01
8.0105480552266695e-01 4.9559240243268343e+00 7.1409000099202091e-01 1.4483458624948571e+00 4.3836805872692525e-01
8.0140767968084259e-01 4.9633934158656183e+00 7.1409028371611005e-01 1.4483568724821041e+00 4.3771168768902929e-01
8.0176004080644492e-01 4.9703572632666564e+00 7.1409116056974786e-01 1.4483619870252487e+00 4.3709996393901418e-01
8.0211190564251389e-01 4.9773884482038309e+00 7.1409251343912572e-01 1.4483630767943383e+00 4.3648283387958281e-01
8.0246328177625648e-01 4.9841711461626552e+00 7.1409409847893524e-01 1.4483622777013654e+00 4.3588860671943475e-01
8.0281420299941653e-01 4.9902770841823818e+00 7.1409581199454186e-01 1.4483608623593522e+00 4.3535484240450395e-01
8.0316468766487970e-01 4.9965713275086783e+00 7.1409740308839453e-01 1.4483609799289137e+00 4.3480645576546051e-01
8.0351474732402006e-01 5.0023805656044082e+00 7.1409868379316965e-01 1.4483639854563979e+00 4.3430241855701368e-01
8.0386441468743230e-01 5.0077720310166507e+00 7.1409970058538763e-01 1.4483697114002236e+00 4.3383655518745229e-01
8.0421371178707557e-01 5.0129773310233530e+00 7.1410060768300998e-01 1.4483773826405830e+00 4.3338836992453844e-01
8.0456266077438576e-01 5.0177550985864032e+00 7.1410151011142731e-01 1.4483864677923275e+00 4.3297842541190346e-01
8.0491128420507330e-01 5.0223297177756914e+00 7.1410258513583935e-01 1.4483956673484202e+00 4.3258679200871675e-01
8.0525960816018227e-01 5.0263694584054823e+00 7.1410386733303699e-01 1.4484044454625835e+00 4.3224173753496664e-01
8.0560765113838795e-01 5.0304228787007181e+00 7.1410520746327832e-01 1.4484141347712700e+00 4.3189633447239323e-01
8.0595543387512536e-01 5.0338757345080936e+00 7.1410640992405272e-01 1.4484258426150791e+00 4.3160357515955389e-01
8.0630297977873377e-01 5.0372653722846445e+00 7.1410734960456723e-01 1.4484398899807942e+00 4.3131732684271595e-01
8.0665031788219932e-01 5.0398893844907491e+00 7.1410792161225189e-01 1.4484564375367295e+00 4.3109768698318979e-01
8.0699746684468243e-01 5.0427500922352992e+00 7.1410814651856502e-01 1.4484751469097064e+00 4.3085869428866763e-01
8.0734443762489871e-01 5.0450651631172789e+00 7.1410815924719062e-01 1.4484951014246332e+00 4.3066691546842989e-01
8.0769124596107578e-01 5.0474758589494515e+00 7.1410806239185209e-01 1.4485161449261532e+00 4.3046748079771036e-01
8.0803790802309283e-01 5.0493240317893706e+00 7.1410808372975809e-01 1.4485368793708024e+00 4.3031607901903823e-01
8.0838444091575656e-01 5.0512364119943518e+00 7.1410847417857237e-01 1.4485547133611330e+00 4.3015845880470521e-01
8.0873086135142269e-01 5.0525936325991445e+00 7.1410932279974904e-01 1.4485687614570868e+00 4.3004708080350318e-01
8.0907718750396351e-01 5.0539710218570786e+00 7.1411065269026408e-01 1.4485786197243731e+00 4.2993280337174161e-01
8.0942342471987383e-01 5.0551669325187740e+00 7.1411240311036017e-01 1.4485847206138001e+00 4.2983290362639875e-01
8.0976958246966868e-01 5.0562636648380144e+00 7.1411446011003255e-01 1.4485880435923815e+00 4.2974065622785984e-01
8.1011566976479954e-01 5.0571937462026284e+00 7.1411668940663275e-01 1.4485900449081361e+00 4.2966221513537839e-01
8.1046169975521420e-01 5.0579061528694114e+00 7.1411884635026346e-01 1.4485941276730634e+00 4.2960290796951373e-01
8.1080767416621791e-01 5.0587903368613780e+00 7.1412054033238748e-01 1.4486038199134748e+00 4.2953069512233361e-01
8.1115359957288014e-01 5.0593183671537849e+00 7.1412167883676447e-01 1.4486205150728813e+00 4.2949081574238718e-01
8.1149948276961581e-01 5.0600115964753520e+00 7.1412237470874185e-01 1.4486439643516551e+00 4.2943892619556512e-01
8.1184532577105828e-01 5.0604858100770453e+00 7.1412285069646553e-01 1.4486727601150997e+00 4.2940721933168818e-01
8.1219113428857370e-01 5.0610135261611191e+00 7.1412336300493084e-01 1.4487050851850125e+00 4.2937202529585544e-01
8.1253690885302710e-01 5.0614675415948254e+00 7.1412449582845516e-01 1.4487356616177425e+00 4.2934257200469711e-01
8.1288265895257839e-01 5.0617072823984648e+00 7.1412641122903919e-01 1.4487614134174462e+00 4.2932986814212548e-01
8.1322838621711102e-01 5.0621018076251589e+00 7.1412915524147902e-01 1.4487808842681591e+00 4.2930217703815066e-01
8.1357409250976531e-01 5.0622765488446708e+00 7.1413249334316919e-01 1.4487937053765338e+00 4.2929115726812139e-01
8.1391977771289570e-01 5.0626695472280998e+00 7.1413592411162585e-01 1.4488027495400113e+00 4.2926051247012237e-01
8.1426544257690536e-01 5.0628239045158194e+00 7.1413905145735979e-01 1.4488105301832117e+00 4.2924973024173391e-01
8.1461109348496696e-01 5.0630360075203500e+00 7.1414166587949335e-01 1.4488194020518794e+00 4.2923437634056444e-01
8.1495673115090983e-01 5.0631784497883974e+00 7.1414357713058774e-01 1.4488315012206761e+00 4.2922588515951660e-01
8.1530235966040088e-01 5.0632804218827863e+00 7.1414489787617952e-01 1.4488467966628982e+00 4.2922177203572975e-01
8.1564797533588718e-01 5.0635372922355053e+00 7.1414590738698647e-01 1.4488636937764996e+00 4.2920500338712009e-01
8.1599358083691154e-01 5.0635636502096819e+00 7.1414691602996083e-01 1.4488805422631665e+00 4.2920776029047297e-01
8.1633917626460784e-01 5.0638162208568351e+00 7.1414811059698990e-01 1.4488957605244102e+00 4.2919086040979376e-01
8.1668476066911966e-01 5.0638679507202298e+00 7.1414945364894145e-01 1.4489097398379835e+00 4.2919061691722415e-01
8.1703033595312158e-01 5.0640634227093253e+00 7.1415083316003491e-01 1.4489241701792412e+00 4.2917832456886529e-01
8.1737590028219564e-01 5.0641696483612861e+00 7.1415207810808046e-01 1.4489405184000073e+00 4.2917416447596779e-01
8.1772145675643992e-01 5.0642759776117829e+00 7.1415322705837803e-01 1.4489582558665417e+00 4.2917040726219752e-01
8.1806700134757637e-01 5.0645007155285118e+00 7.1415441495005438e-01 1.4489763508029441e+00 4.2915672211087869e-01
8.1841253538186687e-01 5.0645668149173666e+00 7.1415574887332789e-01 1.4489934590027267e+00 4.2915618806769606e-01
8.1875805575508953e-01 5.0648808141856509e+00 7.1415717717892169e-01 1.4490096783559450e+00 4.2913438583714875e-01
8.1910356178081345e-01 5.0649663067647346e+00 7.1415861179138285e-01 1.4490257960774939e+00 4.2913191568782549e-01
8.1944905474811180e-01 5.0652432011446376e+00 7.1415995302316138e-01 1.4490425418476247e+00 4.2911341597186442e-01
8.1979453177706996e-01 5.0654152839279796e+00 7.1416109971391761e-01 1.4490605487535759e+00 4.2910417039782200e-01
8.2013999425198458e-01 5.0656548041526079e+00 7.1416201117231404e-01 1.4490799633004590e+00 4.2908962986756366e-01
8.2048543712877287e-01 5.0659774904984189e+00 7.1416280176662639e-01 1.4490997508206331e+00 4.2906815719331071e-01
8.2083086183884002e-01 5.0661751271180009e+00 7.1416370637978188e-01 1.4491181642728939e+00 4.2905687069011411e-01
8.2117626569760127e-01 5.0665730093660457e+00 7.1416498874538037e-01 1.4491321856125341e+00 4.2902732762372342e-01
8.2152165059903859e-01 5.0667083226217047e+00 7.1416681429360918e-01 1.4491397382669657e+00 4.2901810583714234e-01
8.2186701856925537e-01 5.0670398679992594e+00 7.1416904022262362e-01 1.4491416706951403e+00 4.2899060648224369e-01
8.2221236864180103e-01 5.0672006090573918e+00 7.1417126654995100e-01 1.4491420573396032e+00 4.2897711255480803e-01
8.2255770448271626e-01 5.0674278895746081e+00 7.1417305082258931e-01 1.4491457277609372e+00 4.2895895886618751e-01
8.2290302196179677e-01 5.0677199542472051e+00 7.1417391383784878e-01 1.4491556636954082e+00 4.2893717789621105e-01
8.2324832279391669e-01 5.0679090353520317e+00 7.1417406136488804e-01 1.4491694595550821e+00 4.2892525776789669e-01
8.2359360480614863e-01 5.0682741074233375e+00 7.1417368471133047e-01 1.4491865195849223e+00 4.2889941098361634e-01
8.2393887139910604e-01 5.0683708095194779e+00 7.1417282767621448e-01 1.4492071660137471e+00 4.2889733816194781e-01
8.2428412506834614e-01 5.0686638729060904e+00 7.1417228815323819e-01 1.4492235446725392e+00 4.2887738692415051e-01
8.2462936521676133e-01 5.0687710611703753e+00 7.1417238687715179e-01 1.4492339951171387e+00 4.2887141013896318e-01
8.2497459697403730e-01 5.0689012809611906e+00 7.1417350507832167e-01 1.4492329394238488e+00 4.2886008005339510e-01
8.2531981912684460e-01 5.0690134198879830e+00 7.1417775757956892e-01 1.4492034668416467e+00 4.2884187122757850e-01
8.2566503731714258e-01 5.0689570572911800e+00 7.1418170500804923e-01 1.4491777359145797e+00 4.2883902532674384e-01
8.2601024467056106e-01 5.0692937985145390e+00 7.1418288506730043e-01 1.4491826288397645e+00 4.2881198637503115e-01
8.2635543304444758e-01 5.0695441423701659e+00 7.1417769139333798e-01 1.4492436029534130e+00 4.2880885211382558e-01
8.2670060515834098e-01 5.0698296352220753e+00 7.1417500601411932e-01 1.4492854396928661e+00 4.2879708312803566e-01
8.2704576912812877e-01 5.0697556523691514e+00 7.1418144240044479e-01 1.4492416149831426e+00 4.2879037404077741e-01
8.2739093433651212e-01 5.0696456143404944e+00 7.1419498342631904e-01 1.4491373214325651e+00 4.2876882281477247e-01
8.2773609142522597e-01 5.0699056820687671e+00 7.1419341766869893e-01 1.4491816028960736e+00 4.2875992980151567e-01
8.2808122235848391e-01 5.0707420117669733e+00 7.1415061042435013e-01 1.4496085630010422e+00 4.2881551446626598e-01
8.2842631528102428e-01 5.0714946220522448e+00 7.1412956006066108e-01 1.4498380477851260e+00 4.2881975310024995e-01
8.2877142012242255e-01 5.0698637206423669e+00 7.1422206015694056e-01 1.4490129962971317e+00 4.2871359354217625e-01
8.2911660369050122e-01 5.0675232092867546e+00 7.1435397216379259e-01 1.4478268175610487e+00 4.2856048934549268e-01
8.2946181586741285e-01 5.0683104574186668e+00 7.1431851231598753e-01 1.4482022910779127e+00 4.2860504597487525e-01
8.2980680678722007e-01 5.0776803156270089e+00 7.1386006252055689e-01 1.4526219836774412e+00 4.2911976337114077e-01
8.3015146586073785e-01 5.0833729437053607e+00 7.1360232666319767e-01 1.4552304812822403e+00 4.2940892712314849e-01
8.3049648005957022e-01 5.0638293213486412e+00 7.1432241556571818e-01 1.4459113833982453e+00 4.2830572230261049e-01
8.3084361084219482e-01 5.0071086110581131e+00 7.1559128887530765e-01 1.4188135212641937e+00 4.2503976790041115e-01
8.3119665043801505e-01 4.9602823968451464e+00 7.0525455918231306e-01 1.3962200622186463e+00 4.2221993140148861e-01
8.3159881297222960e-01 4.2526522205875450e+00 6.4946601296765760e-01 1.0667115996497805e+00 3.7625164637930486e-01
8.3236370736181708e-01 2.1396414685296894e+00 3.7579294126409496e-01 2.2399516441680833e-01 1.5703226524960684e-01
8.3396831415987460e-01 1.1739314122717963e+00 5.4472266335002996e-02 6.8006787907065082e-03 8.6896202618164144e-03
8.3626599348220310e-01 1.0125865331910473e+00 7.0429830856000492e-04 1.1543511846968030e-05 1.7100037579884668e-05
8.3875022782022302e-01 1.0001822362958184e+00 4.4769650756385729e-07 1.0004798108861337e-06 1.5004462805569574e-06
8.4125000003317907e-01 1.0000000265432574e+00 3.4782550074869326e-11 1.0000000444376766e-06 1.5000000268416282e-06
8.4375000000000000e-01 1.0000000000000000e+00 5.7124523195194894e-15 9.9999999997324451e-07 1.4999999999598666e-06
8.4624999999999995e-01 1.0000000000000000e+00 2.2391937120893791e-19 9.9999999997324451e-07 1.4999999999598666e-06
8.4875000000000000e-01 1.0000000000000000e+00 1.0852754089125670e-23 9.9999999997324451e-07 1.4999999999598666e-06
8.5125000000000006e-01 1.0000000000000000e+00 0.0000000000000000e+00 9.9999999997324451e-07 1.4999999999598666e-06
8.5375000000000001e-01 1.0000000000000000e+00 0.0000000000000000e+00 9.9999999997324451e-07 1.4999999999598666e-06
8.5624999999999996e-01 1.0000000000000000e+00 0.0000000000000000e+00 9.9999999997324451e-07 1.4999999999598666e-06
8.5875000000000001e-01 1.0000000000000000e+00 0.0000000000000000e+00 9.9999999997324451e-07 1.4999999999598666e-06
8.6125000000000007e-01 1.0000000000000000e+00 0.0000000000000000e+00 9.9999999997324451e-07 1.4999999999598666e-06
8.6375000000000002e-01 1.0000000000000000e+00 0.0000000000000000e+00 9.9999999997324451e-07 1.4999999999598666e-06
8.6624999999999996e-01 1.0000000000000000e+00 0.0000000000000000e+00 9.9999999997324451e-07 1.4999999999598666e-06
8.6875000000000002e-01 1.0000000000000000e+00 0.0000000000000000e+00 9.9999999997324451e-07 1.4999999999598666e-06
8.7125000000000008e-01 1.0000000000000000e+00 0.0000000000000000e+00 9.9999999997324451e-07 1.4999999999598666e-06
8.7375000000000003e-01 1.0000000000000000e+00 0.0000000000000000e+00 9.9999999997324451e-07 1.4999999999598666e-06
8.7624999999999997e-01 1.0000000000000000e+00 0.0000000000000000e+00 9.9999999997324451e-07 1.4999999999598666e-06
8.7875000000000003e-01 1.0000000000000000e+00 0.0000000000000000e+00 9.9999999997324451e-07 1.4999999999598666e-06
8.8125000000000009e-01 1.0000000000000000e+00 0.0000000000000000e+00 9.9999999997324451e-07 1.4999999999598666e-06
8.8375000000000004e-01 1.0000000000000000e+00 0.0000000000000000e+00 9.9999999997324451e-07 1.4999999999598666e-06
8.8624999999999998e-01 1.0000000000000000e+00 0.0000000000000000e+00 9.9999999997324451e-07 1.4999999999598666e-06
8.8875000000000004e-01 1.0000000000000000e+00 0.0000000000000000e+00 9.9999999997324451e-07 1.4999999999598666e-06
8.9125000000000010e-01 1.0000000000000000e+00 0.0000000000000000e+00 9.9999999997324451e-07 1.4999999999598666e-06
8.9375000000000004e-01 1.0000000000000000e+00 0.0000000000000000e+00 9.9999999997324451e-07 1.4999999999598666e-06
8.9624999999999999e-01 1.0000000000000000e+00 0.0000000000000000e+00 9.9999999997324451e-07 1.4999999999598666e-06
8.9874999999999994e-01 1.0000000000000000e+00 0.0000000000000000e+00 9.9999999997324451e-07 1.4999999999598666e-06
9.0125000000000000e-01 1.0000000000000000e+00 0.0000000000000000e+00 9.9999999997324451e-07 1.4999999999598666e-06
9.0375000000000005e-01 1.0000000000000000e+00 0.0000000000000000e+00 9.9999999997324451e-07 1.4999999999598666e-06
9.0625000000000000e-01 1.0000000000000000e+00 0.0000000000000000e+00 9.9999999997324451e-07 1.4999999999598666e-06
9.0874999999999995e-01 1.0000000000000000e+00 0.0000000000000000e+00 9.9999999997324451e-07 1.4999999999598666e-06
9.1125000000000000e-01 1.0000000000000000e+00 0.0000000000000000e+00 9.9999999997324451e-07 1.4999999999598666e-06
9.1375000000000006e-01 1.0000000000000000e+00 0.0000000000000000e+00 9.9999999997324451e-07 1.4999999999598666e-06
9.1625000000000001e-01 1.0000000000000000e+00 0.0000000000000000e+00 9.9999999997324451e-07 1.4999999999598666e-06
9.1874999999999996e-01 1.0000000000000000e+00 0.0000000000000000e+00 9.9999999997324451e-07 1.4999999999598666e-06
9.2125000000000001e-01 1.0000000000000000e+00 0.0000000000000000e+00 9.9999999997324451e-07 1.4999999999598666e-06
9.2375000000000007e-01 1.0000000000000000e+00 0.0000000000000000e+00 9.9999999997324451e-07 1.4999999999598666e-06
9.2625000000000002e-01 1.0000000000000000e+00 0.0000000000000000e+00 9.9999999997324451e-07 1.4999999999598666e-06
9.2874999999999996e-01 1.0000000000000000e+00 0.0000000000000000e+00 9.9999999997324451e-07 1.4999999999598666e-06
9.3125000000000002e-01 1.0000000000000000e+00 0.0000000000000000e+00 9.9999999997324451e-07 1.4999999999598666e-06
9.3375000000000008e-01 1.0000000000000000e+00 0.0000000000000000e+00 9.9999999997324451e-07 1.4999999999598666e-06
9.3625000000000003e-01 1.0000000000000000e+00 0.0000000000000000e+00 9.9999999997324451e-07 1.4999999999598666e-06
9.3874999999999997e-01 1.0000000000000000e+00 0.0000000000000000e+00 9.9999999997324451e-07 1.4999999999598666e-06
9.4125000000000003e-01 1.0000000000000000e+00 0.0000000000000000e+00 9.9999999997324451e-07 1.4999999999598666e-06
9.4375000000000009e-01 1.0000000000000000e+00 0.0000000000000000e+00 9.9999999997324451e-07 1.4999999999598666e-06
9.4625000000000004e-01 1.0000000000000000e+00 0.0000000000000000e+00 9.9999999997324451e-07 1.4999999999598666e-06
9.4874999999999998e-01 1.0000000000000000e+00 0.0000000000000000e+00 9.9999999997324451e-07 1.4999999999598666e-06
9.5125000000000004e-01 1.0000000000000000e+00 0.0000000000000000e+00 9.9999999997324451e-07 1.4999999999598666e-06
9.5375000000000010e-01 1.0000000000000000e+00 0.0000000000000000e+00 9.9999999997324451e-07 1.4999999999598666e-06
9.5625000000000004e-01 1.0000000000000000e+00 0.0000000000000000e+00 9.9999999997324451e-07 1.4999999999598666e-06
9.5874999999999999e-01 1.0000000000000000e+00 0.0000000000000000e+00 9.9999999997324451e-07 1.4999999999598666e-06
9.6124999999999994e-01 1.0000000000000000e+00 0.0000000000000000e+00 9.9999999997324451e-07 1.4999999999598666e-06
9.6375000000000000e-01 1.0000000000000000e+00 0.0000000000000000e+00 9.9999999997324451e-07 1.4999999999598666e-06
9.6625000000000005e-01 1.0000000000000000e+00 0.0000000000000000e+00 9.9999999997324451e-07 1.4999999999598666e-06
9.6875000000000000e-01 1.0000000000000000e+00 0.0000000000000000e+00 9.9999999997324451e-07 1.4999999999598666e-06
9.7124999999999995e-01 1.0000000000000000e+00 0.0000000000000000e+00 9.9999999997324451e-07 1.4999999999598666e-06
9.7375000000000000e-01 1.0000000000000000e+00 0.0000000000000000e+00 9.9999999997324451e-07 1.4999999999598666e-06
9.7625000000000006e-01 1.0000000000000000e+00 0.0000000000000000e+00 9.9999999997324451e-07 1.4999999999598666e-06
9.7875000000000001e-01 1.0000000000000000e+00 0.0000000000000000e+00 9.9999999997324451e-07 1.4999999999598666e-06
9.8124999999999996e-01 1.0000000000000000e+00 0.0000000000000000e+00 9.9999999997324451e-07 1.4999999999598666e-06
9.8375000000000001e-01 1.0000000000000000e+00 0.0000000000000000e+00 9.9999999997324451e-07 1.4999999999598666e-06
9.8625000000000007e-01 1.0000000000000000e+00 0.0000000000000000e+00 9.9999999997324451e-07 1.4999999999598666e-06
9.8875000000000002e-01 1.0000000000000000e+00 0.0000000000000000e+00 9.9999999997324451e-07 1.4999999999598666e-06
9.9124999999999996e-01 1.0000000000000000e+00 0.0000000000000000e+00 9.9999999997324451e-07 1.4999999999598666e-06
9.9375000000000002e-01 1.0000000000000000e+00 0.0000000000000000e+00 9.9999999997324451e-07 1.4999999999598666e-06
9.9625000000000008e-01 1.0000000000000000e+00 0.0000000000000000e+00 9.9999999997324451e-07 1.4999999999598666e-06
9.9875000000000003e-01 1.0000000000000000e+00 0.0000000000000000e+00 9.9999999997324451e-07 1.4999999999598666e-06
