1.2500000000000000e-03 1.0000000000000000e+01 0.0000000000000000e+00 1.3333333333333339e+01 2.0000000000000004e+00
3.7499999999999999e-03 1.0000000000000000e+01 0.0000000000000000e+00 1.3333333333333339e+01 2.0000000000000004e+00
6.2500000000000003e-03 1.0000000000000000e+01 0.0000000000000000e+00 1.3333333333333339e+01 2.0000000000000004e+00
8.7500000000000008e-03 1.0000000000000000e+01 0.0000000000000000e+00 1.3333333333333339e+01 2.0000000000000004e+00
1.1250000000000000e-02 1.0000000000000000e+01 -2.8831830199859903e-17 1.3333333333333339e+01 2.0000000000000004e+00
1.3750000000000000e-02 1.0000000000000000e+01 -3.2359784893452778e-17 1.3333333333333341e+01 2.0000000000000009e+00
1.6250000000000001e-02 1.0000000000000000e+01 -3.0043134295233294e-17 1.3333333333333341e+01 2.0000000000000009e+00
1.8750000000000003e-02 1.0000000000000000e+01 -2.8707086135630628e-17 1.3333333333333341e+01 2.0000000000000009e+00
2.1249999999999998e-02 1.0000000000000000e+01 -3.0273396336053023e-17 1.3333333333333341e+01 2.0000000000000009e+00
2.3750000000000000e-02 1.0000000000000000e+01 -3.1771253260067155e-17 1.3333333333333341e+01 2.0000000000000009e+00
2.6250000000000002e-02 1.0000000000000000e+01 -3.1957753403435104e-17 1.3333333333333341e+01 2.0000000000000009e+00
2.8749999999999998e-02 1.0000000000000000e+01 -2.9254571678587659e-17 1.3333333333333341e+01 2.0000000000000009e+00
3.1250000000000000e-02 1.0000000000000000e+01 -2.9575818567422105e-17 1.3333333333333341e+01 2.0000000000000009e+00
3.3750000000000002e-02 1.0000000000000000e+01 -3.0629927531722604e-17 1.3333333333333341e+01 2.0000000000000009e+00
3.6250000000000004e-02 1.0000000000000000e+01 -2.9416287825996586e-17 1.3333333333333341e+01 2.0000000000000009e+00
3.8750000000000000e-02 1.0000000000000000e+01 -3.0676920927587063e-17 1.3333333333333341e+01 2.0000000000000009e+00
4.1250000000000002e-02 1.0000000000000000e+01 -2.9775152261903029e-17 1.3333333333333341e+01 2.0000000000000009e+00
4.3749999999999997e-02 1.0000000000000000e+01 -2.9267571289423994e-17 1.3333333333333341e+01 2.0000000000000009e+00
4.6249999999999999e-02 1.0000000000000000e+01 -2.8956351900304597e-17 1.3333333333333341e+01 2.0000000000000009e+00
4.8750000000000002e-02 1.0000000000000000e+01 -2.8649277358537902e-17 1.3333333333333341e+01 2.0000000000000009e+00
5.1250000000000004e-02 1.0000000000000000e+01 -3.0784482896174154e-17 1.3333333333333341e+01 2.0000000000000009e+00
5.3749999999999999e-02 1.0000000000000000e+01 -3.0627739058794047e-17 1.3333333333333341e+01 2.0000000000000009e+00
5.6250000003337908e-02 9.9999999732967773e+00 1.9122575752455641e-09 1.3333333273992844e+01 1.9999999964395712e+00
5.8750000016100423e-02 9.9999999246030615e+00 5.3992861362929881e-09 1.3333333165784609e+01 1.9999999899470788e+00
6.1250000033584218e-02 9.9999999355265761e+00 4.6170335843777743e-09 1.3333333190059161e+01 1.9999999914035589e+00
6.3750000059429573e-02 9.9999998577106002e+00 1.0189549082652118e-08 1.3333333017134727e+01 1.9999999810280886e+00
6.6250000103283996e-02 9.9999997914540995e+00 1.4934286582192964e-08 1.3333332869897871e+01 1.9999999721938599e+00
6.8750000170563097e-02 9.9999996703129970e+00 2.3609379987481546e-08 1.3333332600695504e+01 1.9999999560417248e+00
7.1250000275607489e-02 9.9999994893319464e+00 3.6569708974507431e-08 1.3333332198515322e+01 1.9999999319109054e+00
7.3750000438281477e-02 9.9999992092761261e+00 5.6624904485605492e-08 1.3333331576169531e+01 1.9999998945701958e+00
7.6250000688306951e-02 9.9999987905201824e+00 8.6612646818125919e-08 1.3333330645600794e+01 1.9999998387360629e+00
7.8750001069682635e-02 9.9999981584747832e+00 1.3187438171451386e-07 1.3333329241054951e+01 1.9999997544632409e+00
8.1250001648324396e-02 9.9999972123919871e+00 1.9962476734330446e-07 1.3333327138649768e+01 1.9999996283189641e+00
8.3750002521463807e-02 9.9999958024946309e+00 3.0058964102430565e-07 1.3333324005545631e+01 1.9999994403326833e+00
8.6250003831289085e-02 9.9999937189073407e+00 4.4979847332685925e-07 1.3333319375353925e+01 1.9999991625210944e+00
8.8750005784057132e-02 9.9999906589577190e+00 6.6892611650806607e-07 1.3333312575471387e+01 1.9999987545280009e+00
9.1250008677298586e-02 9.9999861951312727e+00 9.8858761323383150e-07 1.3333302655867824e+01 1.9999981593513778e+00
9.3750012936940852e-02 9.9999797277753046e+00 1.4517251068081986e-06 1.3333288283988843e+01 1.9999972970377857e+00
9.6250019168420908e-02 9.9999704204798796e+00 2.1182354278994649e-06 1.3333267601159815e+01 1.9999960560663301e+00
9.8750028226208708e-02 9.9999571174196333e+00 3.0708895731742218e-06 1.3333238038905955e+01 1.9999942823274477e+00
1.0125004130741450e-01 9.9999382333544684e+00 4.4232101978331059e-06 1.3333196074522835e+01 1.9999917644566632e+00
1.0375006007687064e-01 9.9999116118609592e+00 6.3296243023955464e-06 1.3333136916066099e+01 1.9999882149335571e+00
1.0625008683265522e-01 9.9998743436173712e+00 8.9984775649151469e-06 1.3333054098572719e+01 1.9999832458519069e+00
1.0875012472313215e-01 9.9998225360831512e+00 1.2708529605163634e-05 1.3332938972335462e+01 1.9999763382137776e+00
1.1125017802882060e-01 9.9997510253605721e+00 1.7829592153723911e-05 1.3332780062737680e+01 1.9999668035120288e+00
1.1375025252483308e-01 9.9996530201017855e+00 2.4848036083021628e-05 1.3332562279209412e+01 1.9999537362557958e+00
1.1625035594222158e-01 9.9995196668996709e+00 3.4397926736049956e-05 1.3332265949900576e+01 1.9999359560289081e+00
1.1875049854911279e-01 9.9993395275660610e+00 4.7298478263711173e-05 1.3331865660888456e+01 1.9999119378037906e+00
1.2125069387485890e-01 9.9990979594122127e+00 6.4598469391455901e-05 1.3331328880395064e+01 1.9998797293279142e+00
1.2375095960236920e-01 9.9987763923554667e+00 8.7628073285170625e-05 1.3330614354631313e+01 1.9998368547610275e+00
1.2625131865499653e-01 9.9983515000674377e+00 1.1805831578965518e-04 1.3329670269616296e+01 1.9997802041956196e+00
1.2875180050452711e-01 9.9977942676235649e+00 1.5796801053967203e-04 1.3328432185226685e+01 1.9997059093907719e+00
1.3125244272556524e-01 9.9970689648643898e+00 2.0991754653778365e-04 1.3326820763099040e+01 1.9996092069491616e+00
1.3375329281856238e-01 9.9961320429316487e+00 2.7702832997175540e-04 1.3324739328841943e+01 1.9994842912660371e+00
1.3625441031855395e-01 9.9949309813312066e+00 3.6306599533876218e-04 1.3322071331617378e+01 1.9993241608922596e+00
1.3875586919905442e-01 9.9934031236596610e+00 4.7252475585350196e-04 1.3318677788937343e+01 1.9991204633892432e+00
1.4125776057036940e-01 9.9914745515429750e+00 6.1070948359385493e-04 1.3314394830691407e+01 1.9988633452459641e+00
1.4376019565883774e-01 9.9890590571851252e+00 7.8381136852923028e-04 1.3309031481696451e+01 1.9985413148783924e+00
1.4626330903847462e-01 9.9860572844646995e+00 9.9897236914591684e-04 1.3302367844184728e+01 1.9981411279623653e+00
1.4876726206966306e-01 9.9823561152722800e+00 1.2643332296061321e-03 1.3294153857484499e+01 1.9976477052064001e+00
1.5127224648176893e-01 9.9778283804370993e+00 1.5890596789910998e-03 1.3284108818815049e+01 1.9970440930103137e+00
1.5377848801890773e-01 9.9723329721463365e+00 1.9833416327794894e-03 1.3271921843487359e+01 1.9963114770471089e+00
1.5628625005187818e-01 9.9657154259827525e+00 2.4583608401921946e-03 1.3257253422634372e+01 1.9954292576030028e+00
1.5879583704593475e-01 9.9578090252415272e+00 3.0262234908708763e-03 1.3239738200380424e+01 1.9943751934014360e+00
1.6130759776502163e-01 9.9484364581605789e+00 3.6998557907908947e-03 1.3218989040345482e+01 1.9931256176696150e+00
1.6382192808959456e-01 9.9374120308756293e+00 4.4928623734436799e-03 1.3194602385279358e+01 1.9916557265035819e+00
1.6633927332815657e-01 9.9245444070558477e+00 5.4193495091490124e-03 1.3166164837293380e+01 1.9899399353686558e+00
1.6886012991260474e-01 9.9096398113896740e+00 6.4937172534277315e-03 1.3133260805026101e+01 1.9879522951880673e+00
1.7138504638431906e-01 9.8925056015687929e+00 7.7304267481773051e-03 1.3095480985008653e+01 1.9856669552350699e+00
1.7391462360092325e-01 9.8729540846320649e+00 9.1437506650109603e-03 1.3052431374833592e+01 1.9830586564487220e+00
1.7644951412151477e-01 9.8508064319702324e+00 1.0747516084756907e-02 1.3003742462725119e+01 1.9801032360947950e+00
1.7899042075914617e-01 9.8258965346016964e+00 1.2554849809739433e-02 1.2949078207556646e+01 1.9767781232923725e+00
1.8153809432138429e-01 9.7980746386080426e+00 1.4577936133243560e-02 1.2888144419241883e+01 1.9730628048786985e+00
1.8409333059072186e-01 9.7672106096746170e+00 1.6827796440550154e-02 1.2820696172802357e+01 1.9689392425054091e+00
1.8665696662446610e-01 9.7331966951835476e+00 1.9314098754044728e-02 1.2746543938771614e+01 1.9643922245626477e+00
1.8922987647675066e-01 9.6959496803512000e+00 2.2045003585935471e-02 1.2665558183406775e+01 1.9594096402552716e+00
1.9181296646231441e-01 9.6554123687034696e+00 2.5027050391736257e-02 1.2577672278109874e+01 1.9539826676194263e+00
1.9440717009197611e-01 9.6115543541653548e+00 2.8265086711694542e-02 1.2482883650708169e+01 1.9481058719652042e+00
1.9701344281320138e-01 9.5643720886527781e+00 3.1762239926668746e-02 1.2381253203844290e+01 1.9417772158613746e+00
1.9963275668624419e-01 9.5138882826930509e+00 3.5519929598484240e-02 1.2272903110330654e+01 1.9349979859428128e+00
2.0226609511787458e-01 9.4601507050564937e+00 3.9537916733147646e-02 1.2158013166055470e+01 1.9277726452428958e+00
2.0491444776181422e-01 9.4032304688867558e+00 4.3814385074409733e-02 1.2036815933923176e+01 1.9201086223107655e+00
2.0757880567897313e-01 9.3432199059426964e+00 4.8346048735215454e-02 1.1909590945530686e+01 1.9120160499415728e+00
2.1026015683271770e-01 9.2802301370340405e+00 5.3128280094528024e-02 1.1776658240957438e+01 1.9035074670122223e+00
2.1295948197590747e-01 9.2143884465742492e+00 5.8155251884037036e-02 1.1638371523052674e+01 1.8945974967084689e+00
2.1567775096836944e-01 9.1458355629543089e+00 6.3420087697740379e-02 1.1495111183881539e+01 1.8853025136013424e+00
2.1841591954665757e-01 9.0747229362628126e+00 6.8915015701587964e-02 1.1347277431323906e+01 1.8756403106225827e+00
2.2117492655296045e-01 9.0012100913264756e+00 7.4631521021614827e-02 1.1195283706978918e+01 1.8656297753398692e+00
2.2395569161725259e-01 8.9254621193615140e+00 8.0560493074453066e-02 1.1039550546271338e+01 1.8552905830484419e+00
2.2675911327638260e-01 8.8476473561162852e+00 8.6692364911330672e-02 1.0880499991061516e+01 1.8446429123681007e+00
2.2958606750576971e-01 8.7679352798999997e+00 9.3017242425902077e-02 1.0718550626686318e+01 1.8337071872424733e+00
2.3243740663359358e-01 8.6864946494630981e+00 9.9525021991177520e-02 1.0554113280931176e+01 1.8225038476683189e+00
2.3531395860360113e-01 8.6034918902229691e+00 1.0620549571893605e-01 1.0387587393108682e+01 1.8110531501017331e+00
2.3821652655064271e-01 8.5190897277022888e+00 1.1304844406369662e-01 1.0219358037580134e+01 1.7993749973689552e+00
2.4114588865249742e-01 8.4334460595299223e+00 1.2004371592013202e-01 1.0049793567874326e+01 1.7874887970353306e+00
2.4410279822215436e-01 8.3467130517496333e+00 1.2718129669133582e-01 9.8792438344756981e+00 1.7754133465277357e+00
2.4708798400621151e-01 8.2590364413160753e+00 1.3445136504435087e-01 9.7080389210238422e+00 1.7631667428767639e+00
2.5010215065717817e-01 8.1705550243682818e+00 1.4184433922967302e-01 9.5364883391707167e+00 1.7507663146619670e+00
2.5314597935001659e-01 8.0814003087119524e+00 1.4935091393557837e-01 9.3648806211174911e+00 1.7382285736461873e+00
2.5622012851604692e-01 7.9916963089316670e+00 1.5696208868886757e-01 9.1934832500259045e+00 1.7255691835570186e+00
2.5932523467021529e-01 7.9015594631861514e+00 1.6466918881200143e-01 9.0225428715388460e+00 1.7128029435661576e+00
2.6246191331059615e-01 7.8110986519084209e+00 1.7246387991434509e-01 8.8522857338474132e+00 1.6999437841598519e+00
2.6563075987175233e-01 7.7204153003029381e+00 1.8033817684048331e-01 8.6829183087427602e+00 1.6870047732539830e+00
2.6883235071619621e-01 7.6296035480629660e+00 1.8828444792919621e-01 8.5146280514013917e+00 1.6739981306557765e+00
2.7206724415059491e-01 7.5387504719015039e+00 1.9629541535975578e-01 8.3475842620779250e+00 1.6609352491220752e+00
2.7533598145555482e-01 7.4479363479733012e+00 2.0436415228090193e-01 8.1819390180826481e+00 1.6478267205470438e+00
2.7863908791979153e-01 7.3572349433570432e+00 2.1248407733757332e-01 8.0178281493839787e+00 1.6346823659525906e+00
2.8197707387123039e-01 7.2667138271578144e+00 2.2064894713225039e-01 7.8553722356867874e+00 1.6215112682012436e+00
2.8535043569911400e-01 7.1764346935271464e+00 2.2885284708450626e-01 7.6946776069430829e+00 1.6083218064849187e+00
2.8875965686250649e-01 7.0864536901349959e+00 2.3709018108469762e-01 7.5358373328257455e+00 1.5951216918237257e+00
2.9220520888172696e-01 6.9968217468766642e+00 2.4535566027607894e-01 7.3789321898748650e+00 1.5819180029494331e+00
2.9568755231020927e-01 6.9075849006768699e+00 2.5364429124446169e-01 7.2240315976978531e+00 1.5687172220619339e+00
2.9920713768508272e-01 6.8187846131830572e+00 2.6195136384614653e-01 7.0711945179068820e+00 1.5555252700538076e+00
3.0276440645545477e-01 6.7304580788182902e+00 2.7027243886179431e-01 6.9204703113814778e+00 1.5423475409113347e+00
3.0635979188792550e-01 6.6426385214829056e+00 2.7860333562691914e-01 6.7718995510115230e+00 1.5291889350392713e+00
3.0999371994930680e-01 6.5553554785937020e+00 2.8694011975799733e-01 6.6255147883906602e+00 1.5160538913624273e+00
3.1366661016688124e-01 6.4686350717030949e+00 2.9527909106587813e-01 6.4813412739167386e+00 1.5029464180788059e+00
3.1737887646681523e-01 6.3825002632313206e+00 3.0361677172480894e-01 6.3393976306092865e+00 1.4898701220107244e+00
3.2113092799153908e-01 6.2969710992639394e+00 3.1194989474642093e-01 6.1996964825587311e+00 1.4768282365032819e+00
3.2492316989707287e-01 6.2120649383985747e+00 3.2027539279111455e-01 6.0622450394091922e+00 1.4638236478992752e+00
3.2875600413136613e-01 6.1277966670877273e+00 3.2859038733605550e-01 5.9270456386267112e+00 1.4508589205792566e+00
3.3262983019477088e-01 6.0441789017972560e+00 3.3689217820718814e-01 5.7940962475481008e+00 1.4379363206370033e+00
3.3654504588380030e-01 5.9612221785866355e+00 3.4517823347327292e-01 5.6633909273688667e+00 1.4250578382346797e+00
3.4050204801928130e-01 5.8789351307742734e+00 3.5344617969191339e-01 5.5349202613329584e+00 1.4122252087013569e+00
3.4450123315996950e-01 5.7973246553115798e+00 3.6169379249069067e-01 5.4086717494242222e+00 1.3994399324700741e+00
3.4854299830261065e-01 5.7163960686682040e+00 3.6991898746060309e-01 5.2846301718672635e+00 1.3867032939247859e+00
3.5262774156929577e-01 5.6361532529948146e+00 3.7811981133387834e-01 5.1627779237279512e+00 1.3740163792524629e+00
3.5675586288282457e-01 5.5565987933015233e+00 3.8629443341331432e-01 5.0430953228481066e+00 1.3613800934109785e+00
3.6092776463059306e-01 5.4777341065497236e+00 3.9444113721587853e-01 4.9255608933034987e+00 1.3487951762976249e+00
3.6514385231728258e-01 5.3995595634168652e+00 4.0255831228872230e-01 4.8101516264978148e+00 1.3362622182430179e+00
3.6940453520636396e-01 5.3220746036072200e+00 4.1064444615099244e-01 4.6968432219437535e+00 1.3237816749394038e+00
3.7371022695009071e-01 5.2452778455579390e+00 4.1869811630968273e-01 4.5856103097088603e+00 1.3113538819279906e+00
3.7806134620725307e-01 5.1691671914448021e+00 4.2671798229188751e-01 4.4764266564453532e+00 1.2989790687716682e+00
3.8245831724749013e-01 5.0937399283786178e+00 4.3470277762935372e-01 4.3692653568695015e+00 1.2866573730611359e+00
3.8690157054039620e-01 5.0189928267509600e+00 4.4265130172313394e-01 4.2640990125040688e+00 1.2743888544062021e+00
3.9139154332695469e-01 4.9449222367838432e+00 4.5056241150708803e-01 4.1608998994826587e+00 1.2621735085733796e+00
3.9592868017001781e-01 4.8715241843024373e+00 4.5843501281778409e-01 4.0596401271881861e+00 1.2500112819729827e+00
4.0051343347955359e-01 4.7987944669753038e+00 4.6626805136530192e-01 3.9602917895133127e+00 1.2379020866910031e+00
4.0514626400717119e-01 4.7267287522660464e+00 4.7406050318313697e-01 3.8628271105593961e+00 1.2258458163187955e+00
4.0982764130298943e-01 4.6553226785569004e+00 4.8181136441658490e-01 3.7672185866500305e+00 1.2138423628513633e+00
4.1455804412612962e-01 4.5845719610753957e+00 4.8951964028560735e-01 3.6734391266213797e+00 1.2018916349694639e+00
4.1933796079796659e-01 4.5144725044397678e+00 4.9718433303026482e-01 3.5814621924842642e+00 1.1899935780853912e+00
4.2416788948464768e-01 4.4450205239788136e+00 5.0480442861317754e-01 3.4912619427170521e+00 1.1781481965774920e+00
4.2904833839218554e-01 4.3762126782445616e+00 5.1237888191282821e-01 3.4028133806778600e+00 1.1663555787385211e+00
4.3397982585352946e-01 4.3080462156088171e+00 5.1990660009230183e-01 3.3160925108888932e+00 1.1546159250360757e+00
4.3896288028222019e-01 4.2405191383054976e+00 5.2738642376944100e-01 3.2310765063188249e+00 1.1429295804133393e+00
4.4399803996140341e-01 4.1736303878454954e+00 5.3481710554306816e-01 3.1477438901933641e+00 1.1312970714992878e+00
4.4908585262978840e-01 4.1073800565583722e+00 5.4219728534487532e-01 3.0660747364083751e+00 1.1197191497458403e+00
4.5422687481737334e-01 4.0417696307377344e+00 5.4952546198484753e-01 2.9860508932419396e+00 1.1081968417495764e+00
4.5942167087300395e-01 3.9768022720620286e+00 5.5679996013696154e-01 2.9076562358181657e+00 1.0967315082189781e+00
4.6467081161267332e-01 3.9124831450612665e+00 5.6401889186849941e-01 2.8308769536674516e+00 1.0853249133766385e+00
4.6997487250142078e-01 3.8488197999131013e+00 5.7118011164902327e-01 2.7557018807638638e+00 1.0739793069135433e+00
4.7533443126210051e-01 3.7858226215074251e+00 5.7828116358113957e-01 2.6821228765992871e+00 1.0626975210204097e+00
4.8075006478054433e-01 3.7235053575696706e+00 5.8531921937577303e-01 2.6101352681772396e+00 1.0514830855034165e+00
4.8622234514797757e-01 3.6618857407571261e+00 5.9229100535334644e-01 2.5397383642183797e+00 1.0403403645084515e+00
4.9175183464721878e-01 3.6009862217755026e+00 5.9919271649745143e-01 2.4709360542870664e+00 1.0292747189693825e+00
4.9733907944857325e-01 3.5408348326969388e+00 6.0601991534029653e-01 2.4037375068305322e+00 1.0182926994929964e+00
5.0298460173395776e-01 3.4814662014216502e+00 6.1276741325233430e-01 2.3381579809779285e+00 1.0074022749480431e+00
5.0868888991388772e-01 3.4229227389936874e+00 6.1942913160301882e-01 2.2742197669499005e+00 9.9661310247036272e-01
5.1445238654267822e-01 3.3652560206244280e+00 6.2599794035206657e-01 2.2119532683761673e+00 9.8593684469468812e-01
5.2027547347544156e-01 3.3085283772922964e+00 6.3246547207295489e-01 2.1513982356105168e+00 9.7538753953709023e-01
5.2615845375221504e-01 3.2528147055725078e+00 6.3882191043580816e-01 2.0926051506835615e+00 9.6498202638102071e-01
5.3210152965029356e-01 3.1982044861834078e+00 6.4505575412599692e-01 2.0356367494444672e+00 9.5474042931212177e-01
5.3810477633296538e-01 3.1448039721726615e+00 6.5115356052929219e-01 1.9805696415170266e+00 9.4468669225924928e-01
5.4416811056878733e-01 3.0927384601855632e+00 6.5709967892005361e-01 1.9274959495871375e+00 9.3484915119761935e-01
5.5029125414101054e-01 3.0421544860269947e+00 6.6287599114130202e-01 1.8765248310471758e+00 9.2526111329961769e-01
5.5647369186873341e-01 2.9932216813364652e+00 6.6846168972627529e-01 1.8277836616805943e+00 9.1596139023580136e-01
5.6271462469369493e-01 2.9461338860346773e+00 6.7383313976272530e-01 1.7814185488483016e+00 9.0699470106872115e-01
5.6901291913435603e-01 2.9011089319095249e+00 6.7896389152973691e-01 1.7375937014495453e+00 8.9841181884155519e-01
5.7536705565047463e-01 2.8583863110806620e+00 6.8382493443638281e-01 1.6964890278581100e+00 8.9026928652799364e-01
5.8177508013041723e-01 2.8182217599254833e+00 6.8838530449412738e-01 1.6582951933334278e+00 8.8262848061534804e-01
5.8823456473376012e-01 2.7808777046096051e+00 6.9261316833261810e-01 1.6232053083596316e+00 8.7555377156769243e-01
5.9474258641696265e-01 2.7466086568529429e+00 6.9647749186664931e-01 1.5914025404364431e+00 8.6910954886081282e-01
6.0129573307396567e-01 2.7156411814555903e+00 6.9995034197078188e-01 1.5630433754164117e+00 8.6335598352795806e-01
6.0789014745473779e-01 2.6881491253966097e+00 7.0300974740387090e-01 1.5382371210882113e+00 8.5834363124921109e-01
6.1452161682693385e-01 2.6642264142938585e+00 7.0564285787195735e-01 1.5170235661335303e+00 8.5410734500333962e-01
6.2118571089264663e-01 2.6438616136493720e+00 7.0784891732602073e-01 1.4993522774002961e+00 8.5066041448215879e-01
6.2787796181287359e-01 2.6269199609622729e+00 7.0964138479091909e-01 1.4850683123870185e+00 8.4799023254767514e-01
6.3459406987038569e-01 2.6131387596875739e+00 7.1104850374302087e-01 1.4739093585167446e+00 8.4605688449527539e-01
6.4133010943101065e-01 2.6021400935065260e+00 7.1211183596299799e-01 1.4655177787892435e+00 8.4479566402651551e-01
6.4808270619922204e-01 2.5934607605090489e+00 7.1288274476051483e-01 1.4594676563451316e+00 8.4412361962553728e-01
6.5484916088755740e-01 2.5865943299887637e+00 7.1341740055389669e-01 1.4553026225866768e+00 8.4394909111607697e-01
6.6162750600350084e-01 2.5810363498115776e+00 7.1377134620798133e-01 1.4525767842231900e+00 8.4418228999132361e-01
6.6841649791935187e-01 2.5763228161488332e+00 7.1399477801355649e-01 1.4508901104608050e+00 8.4474474706724068e-01
6.7521556045704623e-01 2.5720545062882603e+00 7.1412941158303822e-01 1.4499117316904182e+00 8.4557601412350525e-01
6.8202470464347542e-01 2.5679043457724546e+00 7.1420724904090438e-01 1.4493886738146549e+00 8.4663706975736019e-01
6.8884445056326316e-01 2.5636096029482340e+00 7.1425101730571705e-01 1.4491418392400217e+00 8.4791099095595213e-01
6.9567577306075168e-01 2.5589533882782018e+00 7.1427569717723827e-01 1.4490537292333365e+00 8.4940218286371505e-01
7.0252008739137017e-01 2.5537400126946213e+00 7.1429047555412906e-01 1.4490528595992571e+00 8.5113569846344572e-01
7.0937928712866316e-01 2.5477671303167524e+00 7.1430061991533622e-01 1.4490989575026338e+00 8.5315820680350429e-01
7.1625584788695695e-01 2.5407943120965042e+00 7.1430898401213794e-01 1.4491711156915332e+00 8.5554216773401537e-01
7.2315302017107563e-01 2.5325036275870234e+00 7.1431706724093358e-01 1.4492595129907737e+00 8.5839532303353439e-01
7.3007515834387693e-01 2.5224415437077963e+00 7.1432568229638482e-01 1.4493602768920872e+00 8.6187940440532773e-01
7.3702828581346691e-01 2.5099184498291618e+00 7.1433533992301868e-01 1.4494726527498980e+00 8.6624686123680028e-01
7.4402112469830883e-01 2.4938084425224933e+00 7.1434646047526418e-01 1.4495976657862830e+00 8.7191801166573035e-01
7.5106716277838637e-01 2.4720950513305469e+00 7.1435950058436626e-01 1.4497376980972334e+00 8.7966138113314818e-01
7.5818939173667388e-01 2.4406892920948549e+00 7.1437506671159445e-01 1.4498967266244005e+00 8.9107822817951610e-01
7.6543352573625101e-01 2.3896419818644032e+00 7.1439411404799935e-01 1.4500814881301209e+00 9.1022933506472248e-01
7.7292109421167976e-01 2.2853035548351630e+00 7.1441861839988585e-01 1.4503059793270703e+00 9.5193435654876024e-01
7.8129575394410811e-01 1.9232976664767965e+00 7.1445814365973381e-01 1.4506355153245456e+00 1.1313658363517127e+00
7.8609895949402109e-01 3.4188097409321636e+00 7.1445822179428364e-01 1.4506742542260869e+00 6.3648215204447867e-01
7.8656775589714356e-01 4.1065222186876840e+00 7.1446022942879572e-01 1.4506937292514721e+00 5.2989865340911324e-01
7.8696417901966731e-01 4.7675755924550405e+00 7.1446190761916650e-01 1.4507124931041866e+00 4.5643088346622801e-01
7.8732026172666647e-01 5.0660786493282188e+00 7.1446352089012477e-01 1.4507307376223626e+00 4.2954250359340596e-01
7.8766320787989708e-01 5.1352908946783780e+00 7.1446512291723807e-01 1.4507491397144674e+00 4.2375860573483459e-01
7.8800459294363279e-01 5.1122833030354622e+00 7.1446674468466653e-01 1.4507678562207378e+00 4.2567120312737705e-01
7.8834789054590515e-01 5.0782388531729152e+00 7.1446839540521834e-01 1.4507868621852225e+00 4.2853051150166804e-01
7.8869310076099786e-01 5.0557356804039388e+00 7.1447007548625074e-01 1.4508061045074652e+00 4.3044361776985240e-01
7.8903953436833341e-01 5.0423947176652542e+00 7.1447178252262999e-01 1.4508255701013875e+00 4.3158825855658717e-01
7.8938668086903219e-01 5.0349609617474194e+00 7.1447351505804091e-01 1.4508452517914641e+00 4.3223133093208854e-01
7.8973426077852626e-01 5.0298004683041420e+00 7.1447527282654877e-01 1.4508651498055041e+00 4.3268072728181622e-01
7.9008215709132101e-01 5.0257802856128730e+00 7.1447705592549504e-01 1.4508852663657856e+00 4.3303283786176977e-01
7.9043029909699336e-01 5.0226769984498318e+00 7.1447886451873199e-01 1.4509056040327208e+00 4.3330646321090899e-01
7.9077863556461070e-01 5.0201436271148872e+00 7.1448069889492460e-01 1.4509261661829074e+00 4.3353127140012671e-01
7.9112713051806693e-01 5.0180825196966161e+00 7.1448255938048433e-01 1.4509469564347868e+00 4.3371555292473790e-01
7.9147575152647409e-01 5.0164863777294890e+00 7.1448444630786501e-01 1.4509679784741636e+00 4.3385983810770928e-01
7.9182446747668678e-01 5.0153225531053449e+00 7.1448636002620547e-01 1.4509892361368459e+00 4.3396687474420803e-01
7.9217325030675212e-01 5.0145344695006919e+00 7.1448830091156967e-01 1.4510107334657467e+00 4.3404150742937064e-01
7.9252207604609648e-01 5.0140601226766748e+00 7.1449026937090554e-01 1.4510324747410168e+00 4.3408907329767116e-01
7.9287092483155441e-01 5.0138429124707553e+00 7.1449226584146830e-01 1.4510544644653625e+00 4.3411445765169637e-01
7.9321978041075369e-01 5.0138354009478485e+00 7.1449429078876869e-01 1.4510767073539677e+00 4.3412176247737805e-01
7.9356862951592277e-01 5.0139991601632019e+00 7.1449634470667145e-01 1.4510992083369358e+00 4.3411431533517753e-01
7.9391746129341279e-01 5.0143032439994739e+00 7.1449842810468922e-01 1.4511219726051310e+00 4.3409479901569448e-01
7.9426626684106472e-01 5.0147225683195851e+00 7.1450054153314591e-01 1.4511450053765267e+00 4.3406539014065532e-01
7.9461503885165596e-01 5.0152364535871188e+00 7.1450268555698693e-01 1.4511683121305770e+00 4.3402788449564639e-01
7.9496377134189511e-01 5.0158276071727625e+00 7.1450486076244502e-01 1.4511918985358245e+00 4.3398378458838460e-01
7.9531245943674578e-01 5.0164815414596244e+00 7.1450706775758865e-01 1.4512157704489896e+00 4.3393434973949951e-01
7.9566109940758556e-01 5.0171798463666484e+00 7.1450930717473415e-01 1.4512399339259985e+00 4.3388117778266216e-01
7.9600968833404129e-01 5.0179177441095026e+00 7.1451157966369661e-01 1.4512643952177251e+00 4.3382468662066664e-01
7.9635822359085950e-01 5.0186915774254333e+00 7.1451388589390274e-01 1.4512891607475960e+00 4.3376519707117589e-01
7.9670670296326351e-01 5.0194932377842933e+00 7.1451622655636304e-01 1.4513142371361474e+00 4.3370341438395488e-01
7.9705512480344853e-01 5.0203145466170458e+00 7.1451860236410292e-01 1.4513396312213038e+00 4.3364004916762439e-01
7.9740348790665305e-01 5.0211509483428278e+00 7.1452101405130786e-01 1.4513653500390966e+00 4.3357549841777887e-01
7.9775179146251873e-01 5.0219956495141407e+00 7.1452346237659636e-01 1.4513914008438944e+00 4.3351035190093529e-01
7.9810003534760121e-01 5.0228356413438169e+00 7.1452594812692816e-01 1.4514177911146742e+00 4.3344573506481276e-01
7.9844821937242783e-01 5.0236858345167379e+00 7.1452847210236070e-01 1.4514445285154227e+00 4.3338036344037628e-01
7.9879634295239943e-01 5.0245427137711012e+00 7.1453103513173066e-01 1.4514716208888376e+00 4.3331454330481411e-01
7.9914440584853852e-01 5.0253998194177774e+00 7.1453363807062942e-01 1.4514990763247066e+00 4.3324883446573353e-01
7.9949240826582457e-01 5.0262507823197344e+00 7.1453628180300777e-01 1.4515269031545370e+00 4.3318378828024456e-01
7.9984035089999872e-01 5.0270877721577927e+00 7.1453896724290011e-01 1.4515551099641675e+00 4.3312008137301083e-01
8.0018823415481832e-01 5.0279270286008302e+00 7.1454169532021894e-01 1.4515837055512879e+00 4.3305631643839732e-01
8.0053605799390370e-01 5.0287650086469595e+00 7.1454446699630036e-01 1.4516126989543541e+00 4.3299280135131785e-01
8.0088382267470837e-01 5.0295967432327906e+00 7.1454728326012751e-01 1.4516420995118640e+00 4.3292996644264248e-01
8.0123152925878438e-01 5.0304039123005246e+00 7.1455014513926918e-01 1.4516719169068772e+00 4.3286939047494677e-01
8.0157917857501126e-01 5.0312115313571990e+00 7.1455305367105537e-01 1.4517021610686660e+00 4.3280892246953306e-01
8.0192677067808948e-01 5.0320169547650027e+00 7.1455600992905555e-01 1.4517328421927338e+00 4.3274879295210872e-01
8.0227430598963090e-01 5.0328121836444843e+00 7.1455901502002661e-01 1.4517639708216346e+00 4.3268969251610750e-01
8.0262178568429010e-01 5.0335833720335268e+00 7.1456207009208572e-01 1.4517955578651716e+00 4.3263281361285699e-01
8.0296921059590953e-01 5.0343541987228111e+00 7.1456517631047600e-01 1.4518276144854789e+00 4.3257612312631871e-01
8.0331658085606406e-01 5.0351212976474757e+00 7.1456833488458549e-01 1.4518601521217391e+00 4.3251991351233621e-01
8.0366389719616160e-01 5.0358706182739930e+00 7.1457154706955284e-01 1.4518931825968509e+00 4.3246539456204586e-01
8.0401116074516854e-01 5.0366046440606569e+00 7.1457481415726443e-01 1.4519267180731255e+00 4.3241235535092742e-01
8.0435837204549387e-01 5.0373378627376226e+00 7.1457813747188270e-01 1.4519607709917719e+00 4.3235955495429490e-01
8.0470553132449218e-01 5.0380648932411756e+00 7.1458151838511852e-01 1.4519953541481434e+00 4.3230745879119281e-01
8.0505263975691554e-01 5.0387635838625418e+00 7.1458495832482327e-01 1.4520304808172602e+00 4.3225797062625343e-01
8.0539969832103431e-01 5.0394617482952135e+00 7.1458845873575305e-01 1.4520661646264517e+00 4.3220870714546072e-01
8.0574670709121388e-01 5.0401577785020182e+00 7.1459202111223330e-01 1.4521024195848731e+00 4.3215981028766065e-01
8.0609366678073657e-01 5.0408346920312628e+00 7.1459564700029954e-01 1.4521392602453347e+00 4.3211273994193755e-01
8.0644057847674300e-01 5.0414985685421252e+00 7.1459933798108244e-01 1.4521767016597755e+00 4.3206697827538260e-01
8.0678744260178115e-01 5.0421626000379005e+00 7.1460309567200997e-01 1.4522147592943730e+00 4.3202139870007084e-01
8.0713425948244266e-01 5.0428163471661742e+00 7.1460692174829643e-01 1.4522534491399639e+00 4.3197690015701107e-01
8.0748103023029771e-01 5.0434473839699265e+00 7.1461081794346992e-01 1.4522927877538463e+00 4.3193455106812689e-01
8.0782775552835862e-01 5.0440805581908768e+00 7.1461478602359785e-01 1.4523327921091136e+00 4.3189222753908924e-01
8.0817443536994960e-01 5.0447110468154435e+00 7.1461882782444053e-01 1.4523734796149546e+00 4.3185034766216857e-01
8.0852107077221747e-01 5.0453138405055604e+00 7.1462294526354575e-01 1.4524148682948494e+00 4.3181105701522970e-01
8.0886766261245024e-01 5.0459179763463808e+00 7.1462714029393137e-01 1.4524569765978630e+00 4.3177187483224294e-01
8.0921421081789791e-01 5.0465220325764717e+00 7.1463141494612714e-01 1.4524998233994950e+00 4.3173292834845595e-01
8.0956071611620328e-01 5.0471040838083008e+00 7.1463577133523293e-01 1.4525434282556418e+00 4.3169609863473113e-01
8.0990717940319890e-01 5.0476811123963046e+00 7.1464021162277536e-01 1.4525878112955743e+00 4.3165993818277726e-01
8.1025360075970387e-01 5.0482598357931900e+00 7.1464473803497830e-01 1.4526329932115301e+00 4.3162387846364392e-01
8.1059998066952110e-01 5.0488217510100419e+00 7.1464935287900677e-01 1.4526789954987980e+00 4.3158950755436615e-01
8.1094632001008649e-01 5.0493738422024039e+00 7.1465405851274744e-01 1.4527258404375174e+00 4.3155623424900041e-01
8.1129261896153038e-01 5.0499294086946067e+00 7.1465885734759349e-01 1.4527735510185222e+00 4.3152292837516915e-01
8.1163887778543709e-01 5.0504727316532536e+00 7.1466375187945530e-01 1.4528221511051069e+00 4.3149094004598182e-01
8.1198509733247581e-01 5.0510023011573644e+00 7.1466874467224151e-01 1.4528716654516320e+00 4.3146040493351012e-01
8.1233127785794279e-01 5.0515369488838839e+00 7.1467383834980647e-01 1.4529221195086099e+00 4.3142972155126780e-01
8.1267741942906579e-01 5.0520632843328368e+00 7.1467903564314705e-01 1.4529735395149068e+00 4.3140004125268477e-01
8.1302352286516744e-01 5.0525726979557017e+00 7.1468433938451392e-01 1.4530259525608158e+00 4.3137210667410619e-01
8.1336958848439500e-01 5.0530883795907098e+00 7.1468975248420030e-01 1.4530793863369658e+00 4.3134394567664242e-01
8.1371561616503651e-01 5.0535999327845840e+00 7.1469527798286125e-01 1.4531338692366356e+00 4.3131645418039971e-01
8.1406160669106242e-01 5.0540912508466764e+00 7.1470091904861466e-01 1.4531894305529440e+00 4.3129101506907930e-01
8.1440756044347185e-01 5.0545901575751371e+00 7.1470667892609885e-01 1.4532461002830930e+00 4.3126526235915402e-01
8.1475347712869794e-01 5.0550884838780688e+00 7.1471256098909730e-01 1.4533039092849960e+00 4.3123990230436393e-01
8.1509935748995721e-01 5.0555640444401497e+00 7.1471856873289819e-01 1.4533628896919173e+00 4.3121683661299415e-01
8.1544520194927927e-01 5.0560483548214581e+00 7.1472470571494051e-01 1.4534230745702559e+00 4.3119338638769206e-01
8.1579101006456201e-01 5.0565351044408109e+00 7.1473097559208731e-01 1.4534844983147173e+00 4.3117010016549295e-01
8.1613678253604449e-01 5.0569971414707169e+00 7.1473738214242022e-01 1.4535471969128249e+00 4.3114930350447828e-01
8.1648251980991893e-01 5.0574689868878604e+00 7.1474392919835272e-01 1.4536112074939176e+00 4.3112806364090173e-01
8.1682822133152311e-01 5.0579453355579229e+00 7.1475062069950512e-01 1.4536765686511617e+00 4.3110684444283692e-01
8.1717388772999588e-01 5.0583967942778383e+00 7.1475746074263291e-01 1.4537433205471311e+00 4.3108816281226742e-01
8.1751951944298551e-01 5.0588582950448728e+00 7.1476445352148377e-01 1.4538115042831725e+00 4.3106905337924972e-01
8.1786511586674382e-01 5.0593253201394104e+00 7.1477160339117585e-01 1.4538811621450685e+00 4.3104991381687030e-01
8.1821067753537480e-01 5.0597690085588178e+00 7.1477891492340184e-01 1.4539523377287575e+00 4.3103321572664705e-01
8.1855620484468949e-01 5.0602221991213776e+00 7.1478639283949885e-01 1.4540250753328177e+00 4.3101617422608968e-01
8.1890169717281402e-01 5.0606817830316544e+00 7.1479404206341635e-01 1.4540994203117896e+00 4.3099906771080237e-01
8.1924715497020806e-01 5.0611193825011664e+00 7.1480186776391619e-01 1.4541754193821015e+00 4.3098432663234049e-01
8.1959257858476797e-01 5.0615663006739924e+00 7.1480987525453454e-01 1.4542531202942250e+00 4.3096929899957398e-01
8.1993796736379387e-01 5.0620204730145941e+00 7.1481807000074615e-01 1.4543325726139931e+00 4.3095417542273146e-01
8.2028332168097395e-01 5.0624537995592931e+00 7.1482645763051811e-01 1.4544138284053043e+00 4.3094136341508438e-01
8.2062864183379891e-01 5.0628965289460472e+00 7.1483504385005636e-01 1.4544969416969826e+00 4.3092830360482443e-01
8.2097392713150019e-01 5.0633473007391254e+00 7.1484383454039002e-01 1.4545819684457166e+00 4.3091512848626329e-01
8.2131917787759567e-01 5.0637782291006435e+00 7.1485283584908232e-01 1.4546689665291803e+00 4.3090422824091701e-01
8.2166439431573846e-01 5.0642188637140739e+00 7.1486205401885128e-01 1.4547579959645938e+00 4.3089310566378669e-01
8.2200957570936728e-01 5.0646683180125311e+00 7.1487149522768534e-01 1.4548491213233050e+00 4.3088185542648161e-01
8.2235472229653150e-01 5.0650987919751893e+00 7.1488116558644399e-01 1.4549424126748756e+00 4.3087286322430401e-01
8.2269983426333582e-01 5.0655395178351634e+00 7.1489107151558240e-01 1.4550379405881879e+00 4.3086366283349636e-01
8.2304491081964737e-01 5.0659898144347233e+00 7.1490122067313688e-01 1.4551357683664645e+00 4.3085433103920451e-01
8.2338995214270838e-01 5.0664218400310936e+00 7.1491162219784021e-01 1.4552359507711907e+00 4.3084725178418803e-01
8.2373495836141508e-01 5.0668647249916754e+00 7.1492228481818321e-01 1.4553385502173628e+00 4.3083996589816803e-01
8.2407992862747492e-01 5.0673179341880079e+00 7.1493321399977017e-01 1.4554436646251379e+00 4.3083254796554205e-01
8.2442486305630702e-01 5.0677536373645484e+00 7.1494441226138761e-01 1.4555514255541695e+00 4.3082740294113403e-01
8.2476976170674698e-01 5.0682012605948463e+00 7.1495588639951113e-01 1.4556619285506620e+00 4.3082205708810389e-01
8.2511462366154809e-01 5.0686598588960727e+00 7.1496765717776101e-01 1.4557751430126771e+00 4.3081658176104282e-01
8.2545944899439816e-01 5.0691008752341480e+00 7.1497975510581113e-01 1.4558909525658681e+00 4.3081336958951877e-01
8.2580423772543865e-01 5.0695541386108260e+00 7.1499219082164156e-01 1.4560094303175726e+00 4.3080990670213626e-01
8.2614898886813304e-01 5.0700196447267478e+00 7.1500492370600510e-01 1.4561311309122480e+00 4.3080635765191216e-01
8.2649370237930553e-01 5.0704704462540571e+00 7.1501788830541413e-01 1.4562568292476048e+00 4.3080524125432562e-01
8.2683837812044447e-01 5.0709366316337396e+00 7.1503110542466219e-01 1.4563864281780856e+00 4.3080397192092429e-01
8.2718301506649639e-01 5.0714126042882075e+00 7.1504476931338357e-01 1.4565179963229622e+00 4.3080245386405219e-01
8.2752761345340375e-01 5.0718639093834650e+00 7.1505908286873676e-01 1.4566488683226479e+00 4.3080282545467130e-01
8.2787217366002475e-01 5.0723214507564398e+00 7.1507375454854827e-01 1.4567789511240314e+00 4.3080243393489404e-01
8.2821669529309871e-01 5.0727887666472045e+00 7.1508749719067222e-01 1.4569109324503768e+00 4.3080177377855916e-01
8.2856118031899051e-01 5.0732200365886682e+00 7.1509793262356525e-01 1.4570369005614143e+00 4.3080239671838305e-01
8.2890563681489526e-01 5.0735306589012135e+00 7.1510075720861999e-01 1.4571009899069496e+00 4.3079496938208622e-01
8.2925009307844921e-01 5.0733395919861586e+00 7.1508275121765352e-01 1.4569221293104877e+00 4.3075831103791279e-01
8.2959464289070983e-01 5.0715623972333645e+00 7.1499481069496640e-01 1.4559955207345621e+00 4.3063519878869155e-01
8.2993957608780811e-01 5.0651247359072427e+00 7.1467035300878778e-01 1.4528340577563157e+00 4.3024628222588790e-01
8.3028579811403902e-01 5.0442700014057884e+00 7.1358527086268908e-01 1.4427718235407059e+00 4.2903288973586445e-01
8.3063617364181919e-01 4.9787138567046236e+00 7.1012868115683625e-01 1.4113512497107974e+00 4.2521561501577065e-01
8.3099971475020906e-01 4.7832704437626870e+00 6.9943179890471296e-01 1.3180508657264907e+00 4.1333148979017348e-01
8.3140408696806056e-01 4.2760704059663555e+00 6.6775185589141328e-01 1.0786877520226448e+00 3.7839218591357726e-01
8.3192876610821942e-01 3.3080281977198429e+00 5.8274255592247881e-01 6.4311691296932816e-01 2.9161642881971905e-01
8.3276904998461754e-01 2.1533875459224951e+00 3.9528163503745267e-01 2.0869999171753223e-01 1.4537559120236762e-01
8.3422140792997257e-01 1.3480666479914949e+00 1.3190727205236610e-01 2.4112222633099988e-02 2.6829781749691483e-02
8.3632454502643738e-01 1.0557119655836531e+00 9.1486195154394882e-03 4.2533761912555342e-04 6.0433759347949280e-04
8.3875428335514490e-01 1.0034093410471143e+00 6.0930135236886232e-05 1.2841068647787672e-06 1.9196156726606644e-06
8.4125001808035882e-01 1.0000144612532200e+00 2.0044057148532222e-08 1.0000248260033651e-06 1.5000155469003898e-06
8.4375000000202682e-01 1.0000000016214585e+00 3.3050013650120479e-12 1.0000000027488021e-06 1.5000000016910153e-06
8.4624999999999995e-01 1.0000000000000000e+00 6.8255126829599683e-16 9.9999999997324451e-07 1.4999999999598666e-06
8.4875000000000000e-01 1.0000000000000000e+00 3.8027658908775588e-20 9.9999999997324451e-07 1.4999999999598666e-06
8.5125000000000006e-01 1.0000000000000000e+00 0.0000000000000000e+00 9.9999999997324451e-07 1.4999999999598666e-06
8.5375000000000001e-01 1.0000000000000000e+00 0.0000000000000000e+00 9.9999999997324451e-07 1.4999999999598666e-06
8.5624999999999996e-01 1.0000000000000000e+00 0.0000000000000000e+00 9.9999999997324451e-07 1.4999999999598666e-06
8.5875000000000001e-01 1.0000000000000000e+00 0.0000000000000000e+00 9.9999999997324451e-07 1.4999999999598666e-06
8.6125000000000007e-01 1.0000000000000000e+00 0.0000000000000000e+00 9.9999999997324451e-07 1.4999999999598666e-06
8.6375000000000002e-01 1.0000000000000000e+00 0.0000000000000000e+00 9.9999999997324451e-07 1.4999999999598666e-06
8.6624999999999996e-01 1.0000000000000000e+00 0.0000000000000000e+00 9.9999999997324451e-07 1.4999999999598666e-06
8.6875000000000002e-01 1.0000000000000000e+00 0.0000000000000000e+00 9.9999999997324451e-07 1.4999999999598666e-06
8.7125000000000008e-01 1.0000000000000000e+00 0.0000000000000000e+00 9.9999999997324451e-07 1.4999999999598666e-06
8.7375000000000003e-01 1.0000000000000000e+00 0.0000000000000000e+00 9.9999999997324451e-07 1.4999999999598666e-06
8.7624999999999997e-01 1.0000000000000000e+00 0.0000000000000000e+00 9.9999999997324451e-07 1.4999999999598666e-06
8.7875000000000003e-01 1.0000000000000000e+00 0.0000000000000000e+00 9.9999999997324451e-07 1.4999999999598666e-06
8.8125000000000009e-01 1.0000000000000000e+00 0.0000000000000000e+00 9.9999999997324451e-07 1.4999999999598666e-06
8.8375000000000004e-01 1.0000000000000000e+00 0.0000000000000000e+00 9.9999999997324451e-07 1.4999999999598666e-06
8.8624999999999998e-01 1.0000000000000000e+00 0.0000000000000000e+00 9.9999999997324451e-07 1.4999999999598666e-06
8.8875000000000004e-01 1.0000000000000000e+00 0.0000000000000000e+00 9.9999999997324451e-07 1.4999999999598666e-06
8.9125000000000010e-01 1.0000000000000000e+00 0.0000000000000000e+00 9.9999999997324451e-07 1.4999999999598666e-06
8.9375000000000004e-01 1.0000000000000000e+00 0.0000000000000000e+00 9.9999999997324451e-07 1.4999999999598666e-06
8.9624999999999999e-01 1.0000000000000000e+00 0.0000000000000000e+00 9.9999999997324451e-07 1.4999999999598666e-06
8.9874999999999994e-01 1.0000000000000000e+00 0.0000000000000000e+00 9.9999999997324451e-07 1.4999999999598666e-06
9.0125000000000000e-01 1.0000000000000000e+00 0.0000000000000000e+00 9.9999999997324451e-07 1.4999999999598666e-06
9.0375000000000005e-01 1.0000000000000000e+00 0.0000000000000000e+00 9.9999999997324451e-07 1.4999999999598666e-06
9.0625000000000000e-01 1.0000000000000000e+00 0.0000000000000000e+00 9.9999999997324451e-07 1.4999999999598666e-06
9.0874999999999995e-01 1.0000000000000000e+00 0.0000000000000000e+00 9.9999999997324451e-07 1.4999999999598666e-06
9.1125000000000000e-01 1.0000000000000000e+00 0.0000000000000000e+00 9.9999999997324451e-07 1.4999999999598666e-06
9.1375000000000006e-01 1.0000000000000000e+00 0.0000000000000000e+00 9.9999999997324451e-07 1.4999999999598666e-06
9.1625000000000001e-01 1.0000000000000000e+00 0.0000000000000000e+00 9.9999999997324451e-07 1.4999999999598666e-06
9.1874999999999996e-01 1.0000000000000000e+00 0.0000000000000000e+00 9.9999999997324451e-07 1.4999999999598666e-06
9.2125000000000001e-01 1.0000000000000000e+00 0.0000000000000000e+00 9.9999999997324451e-07 1.4999999999598666e-06
9.2375000000000007e-01 1.0000000000000000e+00 0.0000000000000000e+00 9.9999999997324451e-07 1.4999999999598666e-06
9.2625000000000002e-01 1.0000000000000000e+00 0.0000000000000000e+00 9.9999999997324451e-07 1.4999999999598666e-06
9.2874999999999996e-01 1.0000000000000000e+00 0.0000000000000000e+00 9.9999999997324451e-07 1.4999999999598666e-06
9.3125000000000002e-01 1.0000000000000000e+00 0.0000000000000000e+00 9.9999999997324451e-07 1.4999999999598666e-06
9.3375000000000008e-01 1.0000000000000000e+00 0.0000000000000000e+00 9.9999999997324451e-07 1.4999999999598666e-06
9.3625000000000003e-01 1.0000000000000000e+00 0.0000000000000000e+00 9.9999999997324451e-07 1.4999999999598666e-06
9.3874999999999997e-01 1.0000000000000000e+00 0.0000000000000000e+00 9.9999999997324451e-07 1.4999999999598666e-06
9.4125000000000003e-01 1.0000000000000000e+00 0.0000000000000000e+00 9.9999999997324451e-07 1.4999999999598666e-06
9.4375000000000009e-01 1.0000000000000000e+00 0.0000000000000000e+00 9.9999999997324451e-07 1.4999999999598666e-06
9.4625000000000004e-01 1.0000000000000000e+00 0.0000000000000000e+00 9.9999999997324451e-07 1.4999999999598666e-06
9.4874999999999998e-01 1.0000000000000000e+00 0.0000000000000000e+00 9.9999999997324451e-07 1.4999999999598666e-06
9.5125000000000004e-01 1.0000000000000000e+00 0.0000000000000000e+00 9.9999999997324451e-07 1.4999999999598666e-06
9.5375000000000010e-01 1.0000000000000000e+00 0.0000000000000000e+00 9.9999999997324451e-07 1.4999999999598666e-06
9.5625000000000004e-01 1.0000000000000000e+00 0.0000000000000000e+00 9.9999999997324451e-07 1.4999999999598666e-06
9.5874999999999999e-01 1.0000000000000000e+00 0.0000000000000000e+00 9.9999999997324451e-07 1.4999999999598666e-06
9.6124999999999994e-01 1.0000000000000000e+00 0.0000000000000000e+00 9.9999999997324451e-07 1.4999999999598666e-06
9.6375000000000000e-01 1.0000000000000000e+00 0.0000000000000000e+00 9.9999999997324451e-07 1.4999999999598666e-06
9.6625000000000005e-01 1.0000000000000000e+00 0.0000000000000000e+00 9.9999999997324451e-07 1.4999999999598666e-06
9.6875000000000000e-01 1.0000000000000000e+00 0.0000000000000000e+00 9.9999999997324451e-07 1.4999999999598666e-06
9.7124999999999995e-01 1.0000000000000000e+00 0.0000000000000000e+00 9.9999999997324451e-07 1.4999999999598666e-06
9.7375000000000000e-01 1.0000000000000000e+00 0.0000000000000000e+00 9.9999999997324451e-07 1.4999999999598666e-06
9.7625000000000006e-01 1.0000000000000000e+00 0.0000000000000000e+00 9.9999999997324451e-07 1.4999999999598666e-06
9.7875000000000001e-01 1.0000000000000000e+00 0.0000000000000000e+00 9.9999999997324451e-07 1.4999999999598666e-06
9.8124999999999996e-01 1.0000000000000000e+00 0.0000000000000000e+00 9.9999999997324451e-07 1.4999999999598666e-06
9.8375000000000001e-01 1.0000000000000000e+00 0.0000000000000000e+00 9.9999999997324451e-07 1.4999999999598666e-06
9.8625000000000007e-01 1.0000000000000000e+00 0.0000000000000000e+00 9.9999999997324451e-07 1.4999999999598666e-06
9.8875000000000002e-01 1.0000000000000000e+00 0.0000000000000000e+00 9.9999999997324451e-07 1.4999999999598666e-06
9.9124999999999996e-01 1.0000000000000000e+00 0.0000000000000000e+00 9.9999999997324451e-07 1.4999999999598666e-06
9.9375000000000002e-01 1.0000000000000000e+00 0.0000000000000000e+00 9.9999999997324451e-07 1.4999999999598666e-06
9.9625000000000008e-01 1.0000000000000000e+00 0.0000000000000000e+00 9.9999999997324451e-07 1.4999999999598666e-06
9.9875000000000003e-01 1.0000000000000000e+00 0.0000000000000000e+00 9.9999999997324451e-07 1.4999999999598666e-06
