1.2500000000000000e-03 1.0000000000000000e+01 -7.5102303282859086e-17 1.3333333333333339e+01 2.0000000000000004e+00
3.7499999999999999e-03 1.0000000000000000e+01 -5.1648657762217272e-16 1.3333333333333339e+01 2.0000000000000004e+00
6.2500000000000003e-03 1.0000000000000000e+01 -1.4078229961777606e-15 1.3333333333333339e+01 2.0000000000000004e+00
8.7500000000000008e-03 1.0000000000000000e+01 -2.5095877995487217e-15 1.3333333333333339e+01 2.0000000000000004e+00
1.1250000000000000e-02 1.0000000000000002e+01 -3.0709903434373022e-15 1.3333333333333339e+01 2.0000000000000004e+00
1.3750000000000000e-02 1.0000000000000000e+01 -3.3026046972963666e-15 1.3333333333333341e+01 2.0000000000000009e+00
1.6250000000000001e-02 1.0000000000000000e+01 -2.6405424217533933e-15 1.3333333333333341e+01 2.0000000000000009e+00
1.8750000000000003e-02 1.0000000000000000e+01 -1.5522259304975562e-15 1.3333333333333341e+01 2.0000000000000009e+00
2.1249999999999998e-02 1.0000000000000000e+01 -7.1940954972703093e-16 1.3333333333333341e+01 2.0000000000000009e+00
2.3750000000000000e-02 1.0000000000000000e+01 -2.1911868036365804e-16 1.3333333333333341e+01 2.0000000000000009e+00
2.6250000000000002e-02 1.0000000000000000e+01 -2.2663133034370644e-17 1.3333333333333341e+01 2.0000000000000009e+00
2.8749999999999998e-02 1.0000000000000000e+01 -2.9752616054276017e-17 1.3333333333333341e+01 2.0000000000000009e+00
3.1250000000000000e-02 1.0000000000000000e+01 -2.2660196155935883e-17 1.3333333333333341e+01 2.0000000000000009e+00
3.3750000000000002e-02 1.0000000000000000e+01 -1.6642153762172557e-17 1.3333333333333341e+01 2.0000000000000009e+00
3.6250000000000004e-02 1.0000000000000000e+01 -1.6277113472691361e-17 1.3333333333333341e+01 2.0000000000000009e+00
3.8750000000000000e-02 1.0000000000000000e+01 -2.2454367476289016e-17 1.3333333333333341e+01 2.0000000000000009e+00
4.1250000000000002e-02 1.0000000000000000e+01 -2.7356456657733562e-17 1.3333333333333341e+01 2.0000000000000009e+00
4.3749999999999997e-02 1.0000000000000000e+01 -2.6985993589701078e-17 1.3333333333333341e+01 2.0000000000000009e+00
4.6249999999999999e-02 1.0000000000000000e+01 -2.9903237158748756e-17 1.3333333333333341e+01 2.0000000000000009e+00
4.8750000000000002e-02 1.0000000000000000e+01 -3.1019314911322238e-17 1.3333333333333341e+01 2.0000000000000009e+00
5.1250000000000004e-02 1.0000000000000000e+01 -3.1858529301980115e-17 1.3333333333333341e+01 2.0000000000000009e+00
5.3749999999999999e-02 1.0000000000000000e+01 -2.9945830151896490e-17 1.3333333333333341e+01 2.0000000000000009e+00
5.6250000000000001e-02 1.0000000000000000e+01 -2.8064196412003375e-17 1.3333333333333341e+01 2.0000000000000009e+00
5.8749999999999997e-02 1.0000000000000000e+01 -2.6432004874267924e-17 1.3333333333333341e+01 2.0000000000000009e+00
6.1249999999999999e-02 1.0000000000000000e+01 -2.7664793751397330e-17 1.3333333333333341e+01 2.0000000000000009e+00
6.3750000000000001e-02 1.0000000000000000e+01 -3.1545364395386260e-17 1.3333333333333341e+01 2.0000000000000009e+00
6.6250000000000003e-02 1.0000000000000000e+01 -3.1717644323061693e-17 1.3333333333333341e+01 2.0000000000000009e+00
6.8750000000000006e-02 1.0000000000000000e+01 -3.1906594476206645e-17 1.3333333333333341e+01 2.0000000000000009e+00
7.1250000000000008e-02 1.0000000000000000e+01 -2.8776938436169961e-17 1.3333333333333341e+01 2.0000000000000009e+00
7.3749999999999996e-02 1.0000000000000000e+01 -2.7920617450038776e-17 1.3333333333333341e+01 2.0000000000000009e+00
7.6249999999999998e-02 1.0000000000000000e+01 -2.9500047067069557e-17 1.3333333333333341e+01 2.0000000000000009e+00
7.8750000000000001e-02 1.0000000000000000e+01 -2.8891630384753116e-17 1.3333333333333341e+01 2.0000000000000009e+00
8.1250000000000003e-02 1.0000000000000000e+01 -2.8414844155975049e-17 1.3333333333333341e+01 2.0000000000000009e+00
8.3750000000000005e-02 1.0000000000000000e+01 -2.5674691307395439e-17 1.3333333333333341e+01 2.0000000000000009e+00
8.6250000000000007e-02 1.0000000000000000e+01 -2.5362700361016679e-17 1.3333333333333341e+01 2.0000000000000009e+00
8.8749999999999996e-02 1.0000000000000000e+01 -2.9771934547820409e-17 1.3333333333333341e+01 2.0000000000000009e+00
9.1249999999999998e-02 1.0000000000000000e+01 -3.1781148479018401e-17 1.3333333333333341e+01 2.0000000000000009e+00
9.3750000000000000e-02 1.0000000000000000e+01 -1.5168543087370865e-17 1.3333333333333341e+01 2.0000000000000009e+00
9.6250000000000002e-02 1.0000000000000000e+01 5.1535812592555068e-16 1.3333333333333341e+01 2.0000000000000009e+00
9.8750000000000004e-02 9.9999999999999911e+00 4.8134423479466660e-15 1.3333333333333252e+01 1.9999999999999893e+00
1.0125000000000001e-01 9.9999999999998295e+00 2.6900529064026845e-14 1.3333333333332774e+01 1.9999999999999500e+00
1.0375000000000018e-01 9.9999999999984936e+00 9.6901761334632828e-14 1.3333333333330135e+01 1.9999999999998213e+00
1.0625000000000070e-01 9.9999999999965272e+00 2.5334299292345767e-13 1.3333333333325578e+01 1.9999999999995310e+00
1.0875000000000204e-01 9.9999999999914166e+00 6.1618084428587237e-13 1.3333333333314235e+01 1.9999999999988516e+00
1.1125000000000522e-01 9.9999999999798685e+00 1.4570162949125966e-12 1.3333333333288371e+01 1.9999999999972820e+00
1.1375000000001273e-01 9.9999999999525446e+00 3.3875372628969271e-12 1.3333333333228007e+01 1.9999999999936917e+00
1.1625000000003002e-01 9.9999999998925251e+00 7.6979050926838483e-12 1.3333333333094391e+01 1.9999999999856535e+00
1.1875000000006899e-01 9.9999999997591065e+00 1.7270414351305738e-11 1.3333333332797721e+01 1.9999999999678368e+00
1.2125000000015608e-01 9.9999999994636148e+00 3.8410457170463912e-11 1.3333333332141299e+01 1.9999999999284717e+00
1.2375000000034883e-01 9.9999999988194386e+00 8.4552075742529531e-11 1.3333333330709621e+01 1.9999999998425553e+00
1.2625000000077119e-01 9.9999999974282900e+00 1.8417703701327844e-10 1.3333333327618210e+01 1.9999999996570734e+00
1.2875000000168690e-01 9.9999999944550773e+00 3.9708612545926187e-10 1.3333333321011159e+01 1.9999999992606581e+00
1.3125000000365181e-01 9.9999999881706589e+00 8.4711227358647146e-10 1.3333333307045837e+01 1.9999999984227437e+00
1.3375000000782294e-01 9.9999999750328392e+00 1.7879526160428413e-09 1.3333333277850455e+01 1.9999999966710003e+00
1.3625000001658347e-01 9.9999999478733113e+00 3.7328770015085978e-09 1.3333333217496085e+01 1.9999999930497503e+00
1.3875000003478138e-01 9.9999998923699263e+00 7.7075862317418093e-09 1.3333333094154868e+01 1.9999999856492447e+00
1.4125000007216518e-01 9.9999997802555640e+00 1.5736241468023850e-08 1.3333332845012247e+01 1.9999999707007234e+00
1.4375000014809397e-01 9.9999995564872854e+00 3.1760597916809036e-08 1.3333332347749645e+01 1.9999999408649869e+00
1.4625000030053287e-01 9.9999991152832362e+00 6.3355873261247226e-08 1.3333331367296241e+01 1.9999998820377785e+00
1.4875000060298330e-01 9.9999982561476699e+00 1.2487987426632943e-07 1.3333329458106210e+01 1.9999997674863568e+00
1.5125000119587556e-01 9.9999966044189303e+00 2.4316262243395086e-07 1.3333325787599131e+01 1.9999995472559298e+00
1.5375000234389458e-01 9.9999934701754185e+00 4.6761056839051706e-07 1.3333318822615945e+01 1.9999991293567396e+00
1.5625000453900079e-01 9.9999876020493410e+00 8.8783613767360931e-07 1.3333305782345258e+01 1.9999983469398710e+00
1.5875000868252365e-01 9.9999767657185554e+00 1.6638430296919575e-06 1.3333281701644962e+01 1.9999969020958352e+00
1.6125001640147374e-01 9.9999570363432149e+00 3.0766963430841130e-06 1.3333237858705496e+01 1.9999942715125696e+00
1.6375003058808979e-01 9.9999216357083771e+00 5.6118015846583953e-06 1.3333159191007034e+01 1.9999895514275001e+00
1.6625005630269998e-01 9.9998590637733678e+00 1.0092707723664635e-05 1.3333020143462415e+01 1.9999812084998481e+00
1.6875010225418308e-01 9.9997501694771262e+00 1.7890921806732772e-05 1.3332778159827395e+01 1.9999666892464796e+00
1.7125018317584423e-01 9.9995636784793529e+00 3.1246169669474710e-05 1.3332363746385663e+01 1.9999418237236228e+00
1.7375032355109510e-01 9.9992495670546173e+00 5.3741323691324659e-05 1.3331665752763996e+01 1.9998999419949937e+00
1.7625056331321742e-01 9.9987295540279550e+00 9.0983163111465652e-05 1.3330510257023354e+01 1.9998306062273483e+00
1.7875096633169271e-01 9.9978839903256915e+00 1.5154432096565397e-04 1.3328631466310231e+01 1.9997178621807605e+00
1.8125163268575400e-01 9.9965344857191862e+00 2.4820579540325507e-04 1.3325633192257060e+01 1.9995379215607787e+00
1.8375271583623476e-01 9.9944222651498045e+00 3.9952635827831444e-04 1.3320940939935303e+01 1.9992562731292058e+00
1.8625444582497919e-01 9.9911824873717450e+00 6.3166728540229092e-04 1.3313745236181253e+01 1.9988242512348804e+00
1.8875715930203701e-01 9.9863174414492839e+00 9.8041345897716993e-04 1.3302942869989426e+01 1.9981754457515235e+00
1.9126133673203996e-01 9.9791700475337226e+00 1.4929896872300440e-03 1.3287079537401292e+01 1.9972221348234904e+00
1.9376764583007761e-01 9.9689074985611175e+00 2.2296207255826659e-03 1.3264316209951710e+01 1.9958530378378334e+00
1.9627698932889484e-01 9.9545137538319803e+00 3.2637917478282913e-03 1.3232416975673798e+01 1.9939321954193883e+00
1.9879055282783434e-01 9.9348116179157024e+00 4.6817194879086371e-03 1.3188804960926303e+01 1.9913017178618551e+00
2.0130984794509665e-01 9.9084981044000457e+00 6.5791427271742085e-03 1.3130650555846367e+01 1.9877862039478211e+00
2.0383674385620623e-01 9.8742252624316578e+00 9.0576330652716551e-03 1.3055062923493510e+01 1.9832031237676861e+00
2.0637348222256677e-01 9.8306769063716857e+00 1.2217686841125111e-02 1.2959273920159202e+01 1.9773725721409483e+00
2.0892267081772287e-01 9.7766839809195805e+00 1.6153624456385521e-02 1.2840906502931089e+01 1.9701321830579346e+00
2.1148725705018634e-01 9.7112857338104366e+00 2.0946611061212195e-02 1.2698120375599821e+01 1.9613448811505776e+00
2.1407048649803739e-01 9.6337942154545058e+00 2.6663810274919854e-02 1.2529759498539418e+01 1.9509072778053342e+00
2.1667586083328039e-01 9.5437349895473673e+00 3.3358897275247774e-02 1.2335224326120915e+01 1.9387416466872063e+00
2.1930711631390090e-01 9.4407516010392367e+00 4.1083331513795597e-02 1.2114265909028850e+01 1.9247830714604299e+00
2.2196823187551012e-01 9.3246303039174556e+00 4.9880277792866225e-02 1.1867033798938547e+01 1.9089819240264640e+00
2.2466236938815926e-01 9.2034956155068848e+00 5.9158268408096321e-02 1.1611272568080809e+01 1.8924232247990236e+00
2.2739075717135226e-01 9.0828020349867540e+00 6.8503836715539099e-02 1.1358666877557283e+01 1.8758528756551027e+00
2.3015375899379503e-01 8.9626874245656669e+00 7.7906871034952946e-02 1.1109485462223509e+01 1.8592892292171856e+00
2.3295184837943742e-01 8.8432856579414647e+00 8.7355025650211082e-02 1.0863979856962805e+01 1.8427505811496734e+00
2.3578546860049959e-01 8.7247161058494616e+00 9.6838537870907529e-02 1.0622362495419896e+01 1.8262535479460751e+00
2.3865503617329348e-01 8.6070647263572244e+00 1.0634803840473137e-01 1.0384769984725905e+01 1.8098103676840349e+00
2.4156094473597295e-01 8.4904114309144987e+00 1.1587616395134805e-01 1.0151320779455173e+01 1.7934326614302443e+00
2.4450356806665036e-01 8.3748104710266364e+00 1.2541554374464259e-01 9.9220770381741517e+00 1.7771286417466543e+00
2.4748326292651351e-01 8.2603152703935905e+00 1.3496046900079009e-01 9.6970955413902065e+00 1.7609065557363688e+00
2.5050037146356491e-01 8.1469583800682326e+00 1.4450497424465089e-01 9.4763889539364374e+00 1.7447718237619871e+00
2.5355522275483955e-01 8.0347748341417038e+00 1.5404454823478617e-01 9.2599726537033309e+00 1.7287303337404298e+00
2.5664813458752711e-01 7.9237818694046229e+00 1.6357425303465475e-01 9.0478258748312115e+00 1.7127855152916480e+00
2.5977941485192768e-01 7.8140014657464070e+00 1.7309048020778509e-01 8.8399358767585365e+00 1.6969415571860524e+00
2.6294936285016268e-01 7.7054397974507314e+00 1.8258907107665567e-01 8.6362591025673936e+00 1.6812004239053193e+00
2.6615827022851829e-01 7.5981093949664311e+00 1.9206712260143399e-01 8.4367636785961064e+00 1.6655650583654265e+00
2.6940642242730412e-01 7.4920083148612404e+00 2.0152108465844906e-01 8.2413905348210506e+00 1.6500363163919596e+00
2.7269409944939627e-01 7.3871421858964705e+00 2.1094862438881706e-01 8.0500948627221796e+00 1.6346162007192884e+00
2.7602157656610760e-01 7.2835029860157325e+00 2.2034667824727883e-01 7.8628071772282002e+00 1.6193047203367787e+00
2.7938912511986530e-01 7.1810912718094517e+00 2.2971338459394780e-01 7.6794741843140599e+00 1.6041031704598487e+00
2.8279701340977476e-01 7.0798944499466447e+00 2.3904607651206944e-01 7.5000196042958676e+00 1.5890108935915821e+00
2.8624550724880182e-01 6.9799093468605635e+00 2.4834329231936075e-01 7.3243848314293434e+00 1.5740286443814024e+00
2.8973487056676439e-01 6.8811198830614968e+00 2.5760269270721731e-01 7.1524894076114647e+00 1.5591552383539999e+00
2.9326536617038923e-01 6.7835201738598849e+00 2.6682316162397063e-01 6.9842717433938573e+00 1.5443910162545611e+00
2.9683725667468580e-01 6.6870914919577213e+00 2.7600263508528505e-01 6.8196490665236098e+00 1.5297343564220651e+00
3.0045080453595652e-01 6.5918259926352079e+00 2.8514030189274159e-01 6.6585585012807478e+00 1.5151852860011998e+00
3.0410627292662007e-01 6.4977029035986700e+00 2.9423432870939931e-01 6.5009163582647966e+00 1.5007418286232386e+00
3.0780392610153540e-01 6.4047130310005258e+00 3.0328417643733446e-01 6.3466597441402532e+00 1.4864037733042963e+00
3.1154403019765042e-01 6.3128340172591901e+00 3.1228820682600406e-01 6.1957050366764177e+00 1.4721688435980074e+00
3.1532685351924417e-01 6.2220557907537248e+00 3.2124612760064031e-01 6.0479902612628624e+00 1.4580366517085399e+00
3.1915266737570541e-01 6.1323547565335277e+00 3.3015646499235562e-01 5.9034325741862412e+00 1.4440046626208174e+00
3.2302174606662504e-01 6.0437203288249197e+00 3.3901915267040805e-01 5.7619716215430268e+00 1.4300723663689099e+00
3.2693436812254245e-01 5.9561279430944509e+00 3.4783285421983473e-01 5.6235258435148454e+00 1.4162369992491786e+00
3.3089081660300146e-01 5.8695668262799323e+00 3.5659771448843675e-01 5.4880370019012155e+00 1.4024979604958703e+00
3.3489137961132104e-01 5.7840116129272374e+00 3.6531251066799003e-01 5.3554251560447081e+00 1.3888522830958774e+00
3.3893635059320570e-01 5.6994515888397004e+00 3.7397758453709706e-01 5.2256345881291280e+00 1.3752993178400610e+00
3.4302602934730186e-01 5.6158607366082487e+00 3.8259180439520107e-01 5.0985872012096518e+00 1.3618359073543347e+00
3.4716072213508742e-01 5.5332286142218843e+00 3.9115569921776278e-01 4.9742300764439582e+00 1.3484613839175694e+00
3.5134074276099148e-01 5.4515286435642940e+00 3.9966820714638207e-01 4.8524870855770432e+00 1.3351724083772982e+00
3.5556641263306626e-01 5.3707508436014475e+00 4.0813003648289575e-01 4.7333083235793350e+00 1.3219683228887233e+00
3.5983806194924700e-01 5.2908681327240066e+00 4.1654017446608588e-01 4.6166196867544560e+00 1.3088456102886048e+00
3.6415602970180017e-01 5.2118711634247656e+00 4.2489950287229244e-01 4.5023744500345062e+00 1.2958036496462308e+00
3.6852066499244118e-01 5.1337323780170188e+00 4.3320703705578478e-01 4.3905005342285337e+00 1.2828387450704326e+00
3.7293232697268686e-01 5.0564432270610746e+00 4.4146382806723866e-01 4.2809545278072383e+00 1.2699503392710187e+00
3.7739138621999158e-01 4.9799756778396116e+00 4.4966889736554005e-01 4.1736663358356907e+00 1.2571345542132113e+00
3.8189822463628620e-01 4.9043221412977562e+00 4.5782346239030003e-01 4.0685959827774978e+00 1.2443909266839739e+00
3.8645323728932668e-01 4.8294541029090166e+00 4.6592652758118497e-01 3.9656752802992026e+00 1.2317153851541363e+00
3.9105683201524949e-01 4.7553651167764661e+00 4.7397947570747978e-01 3.8648677994275324e+00 1.2191075883298594e+00
3.9570943117049701e-01 4.6820261433487644e+00 4.8198126764369020e-01 3.7661071693960682e+00 1.2065632658030410e+00
4.0041147132083027e-01 4.6094320803785092e+00 4.8993345002979244e-01 3.6693606466489159e+00 1.1940822370293831e+00
4.0516340534398709e-01 4.5375533307123872e+00 4.9783490989699969e-01 3.5745635713374346e+00 1.1816600194458435e+00
4.0996570185439107e-01 4.4663863748259258e+00 5.0568735671861109e-01 3.4816870490804446e+00 1.1692966383420447e+00
4.1481884759174825e-01 4.3959010240336536e+00 5.1348956706185156e-01 3.3906680299896368e+00 1.1569873882914607e+00
4.1972334659991817e-01 4.3260956462577580e+00 5.2124341027548926e-01 3.3014816933339244e+00 1.1447325590881821e+00
4.2467972294216694e-01 4.2569394488460146e+00 5.2894750605162821e-01 3.2140665211612456e+00 1.1325272157791175e+00
4.2968851953754583e-01 4.1884330947369799e+00 5.3660387602618653e-01 3.1284020878840653e+00 1.1203719925054163e+00
4.3475030123449809e-01 4.1205452325992740e+00 5.4421092128807180e-01 3.0444283901153493e+00 1.1082617293081740e+00
4.3986565315703319e-01 4.0532793959735791e+00 5.5177079794805184e-01 2.9621298785547610e+00 1.0961975190375215e+00
4.4503518414774046e-01 3.9866038449033634e+00 5.5928160131630711e-01 2.8814481734836712e+00 1.0841740058398699e+00
4.5025952438086925e-01 3.9205258448230569e+00 5.6674558270614950e-01 2.8023733542572518e+00 1.0721929143603426e+00
4.5553932911663064e-01 3.8550137012987595e+00 5.7416040023727088e-01 2.7248490359055473e+00 1.0602487748568343e+00
4.6087527516346161e-01 3.7900797895358536e+00 5.8152831644495162e-01 2.6488721685186531e+00 1.0483442231870703e+00
4.6626806472294613e-01 3.7256934536248822e+00 5.8884633853693180e-01 2.5743892770246832e+00 1.0364738708655508e+00
4.7171841992544772e-01 3.6618745487976749e+00 5.9611656090897491e-01 2.5014063616193805e+00 1.0246417490356197e+00
4.7722708614491571e-01 3.5985956580696077e+00 6.0333496324939551e-01 2.4298749296212470e+00 1.0128429923096873e+00
4.8279482307633581e-01 3.5358884993382547e+00 6.1050308500530992e-01 2.3598140977764617e+00 1.0010839276541539e+00
4.8842240595333486e-01 3.4737337337794552e+00 6.1761516590328702e-01 2.2911849136263323e+00 9.8936119859142224e-01
4.9411061001409190e-01 3.4121835046574516e+00 6.2467135336528523e-01 2.2240275394154012e+00 9.7768519910185958e-01
4.9986020594843361e-01 3.3512370338105963e+00 6.3166274088093499e-01 2.1583223072186475e+00 9.6605624375865784e-01
5.0567193131260668e-01 3.2909839201477307e+00 6.3858631298629565e-01 2.0941459764231265e+00 9.5449234662127480e-01
5.1154647203287540e-01 3.2314636012265350e+00 6.4542726033338349e-01 2.0315178262363434e+00 9.4300203109138836e-01
5.1748440855852218e-01 3.1728356515435432e+00 6.5217590897733402e-01 1.9705801240642913e+00 9.3161780524574100e-01
5.2348617049151636e-01 3.1152201394521768e+00 6.5880655594246817e-01 1.9114263453407867e+00 9.2036497893063096e-01
5.2955193774146481e-01 3.0589012421350930e+00 6.6529692549146657e-01 1.8543106798586610e+00 9.0930232773600317e-01
5.3568154832420800e-01 3.0041404447583711e+00 6.7160299487845876e-01 1.7994505625716271e+00 8.9848523845380346e-01
5.4187433884788461e-01 2.9514141977070447e+00 6.7768254557393537e-01 1.7472644867503926e+00 8.8801386540790006e-01
5.4812900378375151e-01 2.9011799244439933e+00 6.8346686424896375e-01 1.6981309638830255e+00 8.7798637525478695e-01
5.5444339824637501e-01 2.8541250136012066e+00 6.8889111916779433e-01 1.6526334973083359e+00 8.6854998787690652e-01
5.6081440648697500e-01 2.8107878699597881e+00 6.9386842517149772e-01 1.6112658424014770e+00 8.5986523189200748e-01
5.6723782619052798e-01 2.7720210753682020e+00 6.9832598345212316e-01 1.5746181988362102e+00 8.5205964674730517e-01
5.7370840032643333e-01 2.7383700349852078e+00 7.0219093844952918e-01 1.5430817839395232e+00 8.4525562518499719e-01
5.8021996109660023e-01 2.7102343363551524e+00 7.0542291389389900e-01 1.5169201241877035e+00 8.3955108816959012e-01
5.8676577260045104e-01 2.6876391802105126e+00 7.0801179613024712e-01 1.4960882965741200e+00 8.3498278391871250e-01
5.9333895362642142e-01 2.6703154461143077e+00 7.0998895799861172e-01 1.4802541918207206e+00 8.3150524068684628e-01
5.9993298972968112e-01 2.6576760548067306e+00 7.1142256646932245e-01 1.4688181330374739e+00 8.2900517373869020e-01
6.0654211828945703e-01 2.6489066664140806e+00 7.1240592883065779e-01 1.4609968201579902e+00 8.2732066705985152e-01
6.1316164115251515e-01 2.6431088058871270e+00 7.1304250608271080e-01 1.4559461086944308e+00 8.2626911089596256e-01
6.1978796595662700e-01 2.6394255423567072e+00 7.1343091062160635e-01 1.4528723118587623e+00 8.2567529669439677e-01
6.2641858594962374e-01 2.6371314530573193e+00 7.1365439763478977e-01 1.4511098625175023e+00 8.2539108592890553e-01
6.3305184080183130e-01 2.6356722140963433e+00 7.1377633704907173e-01 1.4501542947431094e+00 8.2530423566363531e-01
6.3968676850257866e-01 2.6346603514019442e+00 7.1384062434638462e-01 1.4496569562927768e+00 8.2533804908935871e-01
6.4632281905689970e-01 2.6338453086975311e+00 7.1387508989341097e-01 1.4493970904262579e+00 8.2544545363391286e-01
6.5295978324326931e-01 2.6330749380350622e+00 7.1389587315200898e-01 1.4492467820274033e+00 8.2560133083920506e-01
6.5959756526832547e-01 2.6322596119084323e+00 7.1391145361693986e-01 1.4491388985404468e+00 8.2579557805648773e-01
6.6623622892704248e-01 2.6313440150606109e+00 7.1392572008059507e-01 1.4490427525357039e+00 8.2602811200780579e-01
6.7287580886158949e-01 2.6302872928934065e+00 7.1393995345999473e-01 1.4489483669502548e+00 8.2630614393249124e-01
6.7951648556638444e-01 2.6290484667968377e+00 7.1395397877358313e-01 1.4488573258425734e+00 8.2664356180992493e-01
6.8615832471756155e-01 2.6275702190841601e+00 7.1396716925710269e-01 1.4487748201633570e+00 8.2706152416451539e-01
6.9280157889866212e-01 2.6257575529594916e+00 7.1397943331512026e-01 1.4487018474668274e+00 8.2759079137028191e-01
6.9944636301481711e-01 2.6234576768684250e+00 7.1399109691711782e-01 1.4486361572699837e+00 8.2827874642856536e-01
7.0609308881566468e-01 2.6204287557261847e+00 7.1400241183973390e-01 1.4485761611813073e+00 8.2920180028699431e-01
7.1274196757983055e-01 2.6162862594412726e+00 7.1401329798957947e-01 1.4485229911744908e+00 8.3048423272526384e-01
7.1939366646288128e-01 2.6104194990632941e+00 7.1402342275319974e-01 1.4484799091145897e+00 8.3232594012247041e-01
7.2604856544375218e-01 2.6018983104496525e+00 7.1403251156096303e-01 1.4484498884461523e+00 8.3503449152620923e-01
7.3270808665192777e-01 2.5917932590506672e+00 7.1404065547507267e-01 1.4484332608200814e+00 8.3828055484098651e-01
7.3937324523131576e-01 2.5840406354172978e+00 7.1404837444358871e-01 1.4484273101303575e+00 8.4079210497580870e-01
7.4604645390004254e-01 2.5806505786458946e+00 7.1405637487922602e-01 1.4484284058006169e+00 8.4189724353962814e-01
7.5272946742809543e-01 2.5801954379697101e+00 7.1406536710899005e-01 1.4484337456030132e+00 8.4204885662231954e-01
7.5944606851346685e-01 2.5840047206219023e+00 7.1407591478010446e-01 1.4484433354947084e+00 8.4081309368473556e-01
7.6617995657572990e-01 2.5975588397458766e+00 7.1408671854578432e-01 1.4484729257723443e+00 8.3644279983704850e-01
7.7291006934445572e-01 2.6274187351163567e+00 7.1409736877094954e-01 1.4485324925741951e+00 8.2697086300751721e-01
7.7975816738716441e-01 2.6818274477423554e+00 7.1410899157841812e-01 1.4486210108989857e+00 8.1024285070156865e-01
7.8468131562921106e-01 2.7430799228836893e+00 7.1411798260439330e-01 1.4486935324912500e+00 7.9218993242181768e-01
7.8651904377576076e-01 2.7875265596256584e+00 7.1412362390681583e-01 1.4487061104903280e+00 7.7956536709279478e-01
7.8714770435138282e-01 2.8302873711893253e+00 7.1412548651347751e-01 1.4487130139431545e+00 7.6779112362769664e-01
7.8757757795654004e-01 2.8911422517293492e+00 7.1412655539229619e-01 1.4487205689791078e+00 7.5163401322395107e-01
7.8795065392140184e-01 2.9770698590928171e+00 7.1412746095384538e-01 1.4487280189024625e+00 7.2994324325861992e-01
7.8830088470578097e-01 3.0912301267387612e+00 7.1412827535436041e-01 1.4487357972823685e+00 7.0298994472345233e-01
7.8864098708487052e-01 3.2352177316543318e+00 7.1412900677095215e-01 1.4487442470957013e+00 6.7170637369507935e-01
7.8897661328484414e-01 3.4094777820779321e+00 7.1412973062276541e-01 1.4487529567038724e+00 6.3737896943601091e-01
7.8931069882939064e-01 3.6135340646832010e+00 7.1413049336708256e-01 1.4487616589177856e+00 6.0138978890937833e-01
7.8964480758846656e-01 3.8269727490025205e+00 7.1413131223988813e-01 1.4487702623483956e+00 5.6785233030180682e-01
7.8997971890682639e-01 4.0219046040705200e+00 7.1413218976835591e-01 1.4487787648353678e+00 5.4033309120599604e-01
7.9031561940612105e-01 4.1916097688536675e+00 7.1413311268988422e-01 1.4487872908507688e+00 5.1845974604417444e-01
7.9065252692540189e-01 4.3385670114351473e+00 7.1413405865783541e-01 1.4487960486175411e+00 5.0090134996150359e-01
7.9099012809706459e-01 4.4650545733620781e+00 7.1413506441399777e-01 1.4488047043425467e+00 4.8671455652051471e-01
7.9132835723947881e-01 4.5733245172524608e+00 7.1413615262514296e-01 1.4488130580491640e+00 4.7519470330073188e-01
7.9166709916035649e-01 4.6655116226756306e+00 7.1413737426470525e-01 1.4488206454466768e+00 4.6580764210457287e-01
7.9200612357904554e-01 4.7435398411940684e+00 7.1413878272899134e-01 1.4488269669418985e+00 4.5814740113277685e-01
7.9234547213394535e-01 4.8092566870796487e+00 7.1414043587203779e-01 1.4488314888160085e+00 4.5188838413690191e-01
7.9268523276891523e-01 4.8643281257485711e+00 7.1414238664692609e-01 1.4488337185116764e+00 4.4677302221117599e-01
7.9302516877021201e-01 4.9102127486849207e+00 7.1414464718342829e-01 1.4488335143927553e+00 4.4259798563131181e-01
7.9336541085101997e-01 4.9482471322767649e+00 7.1414688419476291e-01 1.4488339630352067e+00 4.3919612065795577e-01
7.9370591239458799e-01 4.9796111935886671e+00 7.1414892198926960e-01 1.4488366976564582e+00 4.3643066938294089e-01
7.9404666500188104e-01 5.0053199056522253e+00 7.1415074931510825e-01 1.4488418310756517e+00 4.3419057873989919e-01
7.9438739977477690e-01 5.0262595702793114e+00 7.1415239198896407e-01 1.4488491080121235e+00 4.3238388937748701e-01
7.9472842345367112e-01 5.0432109188426777e+00 7.1415388835381033e-01 1.4488581951424326e+00 4.3093325416823480e-01
7.9506960318549635e-01 5.0568435176440207e+00 7.1415528016824692e-01 1.4488686943523430e+00 4.2977462797604110e-01
7.9541092563398574e-01 5.0677122044530201e+00 7.1415661090074778e-01 1.4488802030879395e+00 4.2885629983529910e-01
7.9575245483882373e-01 5.0763069604773747e+00 7.1415792456393401e-01 1.4488923149869655e+00 4.2813377705513456e-01
7.9609412870099716e-01 5.0830240989086937e+00 7.1415921583291464e-01 1.4489050781320407e+00 4.2757177123450446e-01
7.9643583834636889e-01 5.0882088020393761e+00 7.1416044725912442e-01 1.4489188326588662e+00 4.2714014568686720e-01
7.9677768256509007e-01 5.0921438699188410e+00 7.1416165629212303e-01 1.4489332345227994e+00 4.2681430597891551e-01
7.9711970774503138e-01 5.0950739942378691e+00 7.1416293358749106e-01 1.4489474324729013e+00 4.2657302939414055e-01
7.9746187298205440e-01 5.0971994385795938e+00 7.1416429170931450e-01 1.4489613032197239e+00 4.2639923766358373e-01
7.9780413052915899e-01 5.0986945132761097e+00 7.1416571297499132e-01 1.4489750054496586e+00 4.2627823701050754e-01
7.9814652920686213e-01 5.0997013442046670e+00 7.1416717839804089e-01 1.4489887262886887e+00 4.2619811293518056e-01
7.9848900603085560e-01 5.1003396711247690e+00 7.1416871054713593e-01 1.4490022583013835e+00 4.2614875235804756e-01
7.9883159769181922e-01 5.1007059513265558e+00 7.1417034328703022e-01 1.4490153082348936e+00 4.2612198842536014e-01
7.9917429590696598e-01 5.1008842202215172e+00 7.1417204130025080e-01 1.4490282313880984e+00 4.2611089631588550e-01
7.9951709636200108e-01 5.1009463227960419e+00 7.1417371682732056e-01 1.4490418856058100e+00 4.2610972373794642e-01
7.9985999500549765e-01 5.1009449965614682e+00 7.1417535853071490e-01 1.4490564125245289e+00 4.2611410635715535e-01
8.0020298758846586e-01 5.1008665126141475e+00 7.1417699429763526e-01 1.4490715923209851e+00 4.2612512660471946e-01
8.0054608519491910e-01 5.1006509331511003e+00 7.1417860699314073e-01 1.4490876215704875e+00 4.2614785070439948e-01
8.0088926492084955e-01 5.1002489096641188e+00 7.1418012827436317e-01 1.4491051751716626e+00 4.2618660407706288e-01
8.0123252256361899e-01 5.0996256901261212e+00 7.1418148426547090e-01 1.4491249708021905e+00 4.2624451053573842e-01
8.0157587025162724e-01 5.0987603942994717e+00 7.1418260897811781e-01 1.4491476546100808e+00 4.2632352058460921e-01
8.0191929720592880e-01 5.0976504762730910e+00 7.1418346866454696e-01 1.4491735580609584e+00 4.2642396672921379e-01
8.0226279709169934e-01 5.0963036663241121e+00 7.1418418735688505e-01 1.4492015388704953e+00 4.2654489422795205e-01
8.0260637064488605e-01 5.0947399731733132e+00 7.1418503643914955e-01 1.4492290683527411e+00 4.2668391595559874e-01
8.0295001582729442e-01 5.0931451036902011e+00 7.1418605750771391e-01 1.4492557781645923e+00 4.2682539432693894e-01
8.0329372570527835e-01 5.0917013553172916e+00 7.1418723769004122e-01 1.4492818044077449e+00 4.2695408762365405e-01
8.0363749921921346e-01 5.0904055003549233e+00 7.1418858800434815e-01 1.4493070680168771e+00 4.2707022100179215e-01
8.0398133244299563e-01 5.0892324814342906e+00 7.1419013000605147e-01 1.4493313833576444e+00 4.2717582326358416e-01
8.0432524587688992e-01 5.0881642831810350e+00 7.1419188249562970e-01 1.4493545984670455e+00 4.2727234749216858e-01
8.0466920725731383e-01 5.0871867578466343e+00 7.1419384132937946e-01 1.4493767579454560e+00 4.2736098366446607e-01
8.0501319992376363e-01 5.0862899556527958e+00 7.1419597275390689e-01 1.4493981870283188e+00 4.2744265456715302e-01
8.0535727025619064e-01 5.0854654180257164e+00 7.1419821948397055e-01 1.4494194241291469e+00 4.2751822251851290e-01
8.0570129801749302e-01 5.0847046985186681e+00 7.1420063529931743e-01 1.4494399486741907e+00 4.2758823804353596e-01
8.0604547685314931e-01 5.0839975253072760e+00 7.1420334266125496e-01 1.4494586252363402e+00 4.2765322505209180e-01
8.0638968844319570e-01 5.0833347721616740e+00 7.1420647832042949e-01 1.4494741499613468e+00 4.2771356253159826e-01
8.0673394469849713e-01 5.0827127097542721e+00 7.1420988898348292e-01 1.4494879471811069e+00 4.2776998129346860e-01
8.0707824758820512e-01 5.0821339564055599e+00 7.1421312865229947e-01 1.4495041901857204e+00 4.2782348988226321e-01
8.0742256305251825e-01 5.0815944414415535e+00 7.1421610517048995e-01 1.4495237366882121e+00 4.2787468187160443e-01
8.0776692507457093e-01 5.0810877628176536e+00 7.1421888576419490e-01 1.4495459754655993e+00 4.2792391407005681e-01
8.0811128736144933e-01 5.0806079108535354e+00 7.1422156172664297e-01 1.4495700610174376e+00 4.2797144154366901e-01
8.0845570472258854e-01 5.0801502500117266e+00 7.1422421171486472e-01 1.4495952924564910e+00 4.2801744666503061e-01
8.0880016330115301e-01 5.0797141263042365e+00 7.1422676553383646e-01 1.4496223490987856e+00 4.2806218412731717e-01
8.0914468220412672e-01 5.0792959406446716e+00 7.1422935728894466e-01 1.4496500087849178e+00 4.2810559545805649e-01
8.0948908070932024e-01 5.0788935948731924e+00 7.1423208317454556e-01 1.4496773627254294e+00 4.2814758834151878e-01
8.0983369399091121e-01 5.0785071022261725e+00 7.1423492889632101e-01 1.4497046179353426e+00 4.2818822207608859e-01
8.1017828997379016e-01 5.0781372750824785e+00 7.1423785428933240e-01 1.4497321181982035e+00 4.2822752901298544e-01
8.1052280905983964e-01 5.0777839905225228e+00 7.1424084834449220e-01 1.4497599646952637e+00 4.2826554873184292e-01
8.1086745552030537e-01 5.0774461563514768e+00 7.1424390187993680e-01 1.4497882679967493e+00 4.2830240538834091e-01
8.1121211659048731e-01 5.0771226075217593e+00 7.1424701021254844e-01 1.4498170523651113e+00 4.2833820387276250e-01
8.1155674142252887e-01 5.0768112308094091e+00 7.1425020087429070e-01 1.4498460409283340e+00 4.2837304018604838e-01
8.1190136893869835e-01 5.0765089438326321e+00 7.1425356995749745e-01 1.4498743435552159e+00 4.2840691100819722e-01
8.1224606366865137e-01 5.0762109918147891e+00 7.1425732903710837e-01 1.4498999903460843e+00 4.2843963519759032e-01
8.1259081640550290e-01 5.0759110948181796e+00 7.1426182651468484e-01 1.4499197352537174e+00 4.2847078332416705e-01
8.1293551723082391e-01 5.0756032259392638e+00 7.1426744394762443e-01 1.4499300019221741e+00 4.2849980703146601e-01
8.1328021623444524e-01 5.0753099340385681e+00 7.1427314559926780e-01 1.4499405286407487e+00 4.2852768032443778e-01
8.1362499844625691e-01 5.0750512846890237e+00 7.1427801707445826e-01 1.4499599206714697e+00 4.2855525176047066e-01
8.1396977752131561e-01 5.0748288868739406e+00 7.1428206937480521e-01 1.4499881038069509e+00 4.2858236291198382e-01
8.1431459392632088e-01 5.0746354856322888e+00 7.1428569679653120e-01 1.4500214315232787e+00 4.2860854803129045e-01
8.1465941451696500e-01 5.0744776288222564e+00 7.1428853396459613e-01 1.4500633657521527e+00 4.2863427681186766e-01
8.1500412600968231e-01 5.0743565694733084e+00 7.1429041155246775e-01 1.4501155043718472e+00 4.2865991515916319e-01
8.1534892350194599e-01 5.0742401110156967e+00 7.1429282377482572e-01 1.4501639694587387e+00 4.2868408009819131e-01
8.1569377086979611e-01 5.0741164045665705e+00 7.1429614845031297e-01 1.4502046889640439e+00 4.2870656879064639e-01
8.1603859191792438e-01 5.0739874985868285e+00 7.1429997270446244e-01 1.4502399844112979e+00 4.2872789442678222e-01
8.1638342698801802e-01 5.0738388293562524e+00 7.1430483929077837e-01 1.4502638866075461e+00 4.2874752294552565e-01
8.1672824924444942e-01 5.0736792706822671e+00 7.1431025439349605e-01 1.4502809566668051e+00 4.2876605298459758e-01
8.1707309422498264e-01 5.0735380791166786e+00 7.1431475160123414e-01 1.4503048725021992e+00 4.2878505587801830e-01
8.1741787675720357e-01 5.0734157891577416e+00 7.1431838286836680e-01 1.4503350309380520e+00 4.2880430794895324e-01
8.1776275790885644e-01 5.0733217292563735e+00 7.1432078669761323e-01 1.4503747474485389e+00 4.2882400077782828e-01
8.1810763313468249e-01 5.0732732200654960e+00 7.1432121410962812e-01 1.4504309032339231e+00 4.2884470448898809e-01
8.1845250644675904e-01 5.0732282963075521e+00 7.1432192160847208e-01 1.4504823124184580e+00 4.2886370207531238e-01
8.1879735129065889e-01 5.0731660300442272e+00 7.1432407275784449e-01 1.4505180787814571e+00 4.2887954095861064e-01
8.1914216447106813e-01 5.0730946889410955e+00 7.1432729834130504e-01 1.4505417859454830e+00 4.2889258181230216e-01
8.1948706619009393e-01 5.0729740623638495e+00 7.1433364672073274e-01 1.4505344823390156e+00 4.2890062057495854e-01
8.1983197995827028e-01 5.0728108026275383e+00 7.1434271384274961e-01 1.4505002086394867e+00 4.2890428947838294e-01
8.2017690813519151e-01 5.0727009382694570e+00 7.1434948799969700e-01 1.4504861040425960e+00 4.2890940793488608e-01
8.2052171398659746e-01 5.0726566430694344e+00 7.1435317042487634e-01 1.4504997045050747e+00 4.2891717493441045e-01
8.2086659744103174e-01 5.0726697430080270e+00 7.1435398062936351e-01 1.4505388567402502e+00 4.2892764468048122e-01
8.2121151707201800e-01 5.0728254369540613e+00 7.1434741400856960e-01 1.4506454867982359e+00 4.2894600991905946e-01
8.2155636298070200e-01 5.0730770324911010e+00 7.1433573032928488e-01 1.4507981246877895e+00 4.2896986840412255e-01
8.2190125657440483e-01 5.0732259431509998e+00 7.1432909284773061e-01 1.4509014608292596e+00 4.2898783055030831e-01
8.2224605736984202e-01 5.0732510406893434e+00 7.1432878993870941e-01 1.4509435136379980e+00 4.2899814202004671e-01
8.2259092068705097e-01 5.0731879859017894e+00 7.1433323468703436e-01 1.4509395845411028e+00 4.2900231232507424e-01
8.2293582510081564e-01 5.0728948717526414e+00 7.1434984348739272e-01 1.4508208130450295e+00 4.2899198082842882e-01
8.2328073363017729e-01 5.0724590670874372e+00 7.1437426613180366e-01 1.4506285281915356e+00 4.2897197661108205e-01
8.2362562854932597e-01 5.0722055348539064e+00 7.1438995458898458e-01 1.4505181425152405e+00 4.2896077432625745e-01
8.2397048740699108e-01 5.0721660786415645e+00 7.1439522002502043e-01 1.4505060302732171e+00 4.2896052922473327e-01
8.2431541882481640e-01 5.0722918722426193e+00 7.1439252285134625e-01 1.4505704049994650e+00 4.2896892811043685e-01
8.2466036779565721e-01 5.0728291482995287e+00 7.1436905082885593e-01 1.4508299884577236e+00 4.2900025194345209e-01
8.2500514717976081e-01 5.0735321596078151e+00 7.1433659181985121e-01 1.4511684764919548e+00 4.2904088241872801e-01
8.2535000513821521e-01 5.0739105442939998e+00 7.1431958721187361e-01 1.4513529506050595e+00 4.2906342295605210e-01
8.2569485326901559e-01 5.0739796628349998e+00 7.1431691111359186e-01 1.4513923840625205e+00 4.2906923574017031e-01
8.2603967617033414e-01 5.0737118019492842e+00 7.1432980172363270e-01 1.4512762252989295e+00 4.2905754660957268e-01
8.2638457150122668e-01 5.0727249729074693e+00 7.1437757595071860e-01 1.4508261799706261e+00 4.2900793588827496e-01
8.2672938826831088e-01 5.0716890260243837e+00 7.1442544337045466e-01 1.4503664987508500e+00 4.2895961029212659e-01
8.2707433281389364e-01 5.0711051560760660e+00 7.1444560072801544e-01 1.4501426252814373e+00 4.2894277893564703e-01
8.2741931997049589e-01 5.0707832243980606e+00 7.1444389856217061e-01 1.4500725567412047e+00 4.2894928433269958e-01
8.2776429703001753e-01 5.0710092949590484e+00 7.1440131005265628e-01 1.4502790131997945e+00 4.2899123098871372e-01
8.2810924499623373e-01 5.0721586891383259e+00 7.1429078214098607e-01 1.4509009028669777e+00 4.2907793065721134e-01
8.2845430211295412e-01 5.0727391941461004e+00 7.1416422982882066e-01 1.4512104517776574e+00 4.2912036167333684e-01
8.2879955667262983e-01 5.0715163985016201e+00 7.1402945703699028e-01 1.4506356565100571e+00 4.2905382015682153e-01
8.2914509156868366e-01 5.0676385763369867e+00 7.1381731869113119e-01 1.4487699057211385e+00 4.2882988315881776e-01
8.2949169655118449e-01 5.0581485334014680e+00 7.1344317738089280e-01 1.4442027330913276e+00 4.2828004858532898e-01
8.2984042895328147e-01 5.0368517472097230e+00 7.1271460572983925e-01 1.4340225084228579e+00 4.2705917715880759e-01
8.3019346623682910e-01 4.9961903752981058e+00 7.1093114842621341e-01 1.4145769404004858e+00 4.2469666910443221e-01
8.3055604185112442e-01 4.9157386439245840e+00 7.0667693395184716e-01 1.3756739686938968e+00 4.1977637594528366e-01
8.3094007841536843e-01 4.7469730862112058e+00 6.9654041345994222e-01 1.2929292069712937e+00 4.0855378263896297e-01
8.3138289301950374e-01 4.3266837829969802e+00 6.6912807684269893e-01 1.0996048559072515e+00 3.8121743270047254e-01
8.3198142941207598e-01 3.6308034743660480e+00 6.0085953970365091e-01 7.5157963215019952e-01 3.1050136868731021e-01
8.3290032395455804e-01 2.5779897749318645e+00 4.6910878181390570e-01 3.7142566554503131e-01 2.1611354076540973e-01
8.3434740021211828e-01 1.5997201060008277e+00 2.4331139007203198e-01 1.0575693820165730e-01 9.9164476777791929e-02
8.3638037365762574e-01 1.1437388958958556e+00 5.7470893925410722e-02 1.3702898412199190e-02 1.7971188784481437e-02
8.3876661902423377e-01 1.0222074549146960e+00 6.8263315824348691e-03 1.0466222789796654e-03 1.5358266180914423e-03
8.4125156903894194e-01 1.0026501199689350e+00 6.1446389129592085e-04 6.9935009441260830e-05 1.0462524471162624e-04
8.4375013146720867e-01 1.0002740825765619e+00 5.0229193392193396e-05 5.4469072217107633e-06 8.1681220926173259e-06
8.4625001039751668e-01 1.0000259151101236e+00 3.9133650606100674e-06 1.2861718663108934e-06 1.9292078038336521e-06
8.4875000079346297e-01 1.0000023042740642e+00 2.9557954121045294e-07 1.0184118039619306e-06 1.5276141859011472e-06
8.5125000005905704e-01 1.0000001959319080e+00 2.1834347947833223e-08 1.0011845661406227e-06 1.5017765549649880e-06
8.5375000000431434e-01 1.0000000161028795e+00 1.5860145828396057e-09 1.0000762116213480e-06 1.5001142932758622e-06
8.5625000000031037e-01 1.0000000012887553e+00 1.1369869124055421e-10 1.0000049033287439e-06 1.5000073530599732e-06
8.5875000000002166e-01 1.0000000001002909e+00 8.0682715532222401e-12 1.0000003148880054e-06 1.5000004721815717e-06
8.6125000000000118e-01 1.0000000000108695e+00 5.6505233706094737e-13 1.0000000197907255e-06 1.5000000296697837e-06
8.6375000000000002e-01 1.0000000000061613e+00 4.1841588674146361e-14 1.0000000002508003e-06 1.5000000003669582e-06
8.6624999999999996e-01 9.9999999999654310e-01 1.4710476660656759e-15 9.9999999964017761e-07 1.4999999994654517e-06
8.6875000000000002e-01 9.9999999999864886e-01 -6.2082746558898637e-16 1.0000000000287557e-06 1.5000000000451602e-06
8.7125000000000008e-01 9.9999999999188183e-01 -9.5108860812001814e-16 9.9999999997324451e-07 1.4999999999720439e-06
8.7375000000000003e-01 1.0000000000072151e+00 -1.0737395067364239e-15 1.0000000004728449e-06 1.5000000006984446e-06
8.7624999999999997e-01 9.9999999999879718e-01 3.8624002239152206e-15 1.0000000001397780e-06 1.5000000002114709e-06
8.7875000000000003e-01 1.0000000000006017e+00 1.0410172932675900e-16 9.9999999969568876e-07 1.4999999995426302e-06
8.8125000000000009e-01 1.0000000000000000e+00 1.8976358515732600e-16 9.9999999997324451e-07 1.4999999999598666e-06
8.8375000000000004e-01 9.9999999999969924e-01 4.6526383964956510e-16 1.0000000000842668e-06 1.5000000001268511e-06
8.8624999999999998e-01 1.0000000000000000e+00 3.9158009268251739e-16 9.9999999997324451e-07 1.4999999999598666e-06
8.8875000000000004e-01 1.0000000000000000e+00 0.0000000000000000e+00 9.9999999997324451e-07 1.4999999999598666e-06
8.9125000000000010e-01 1.0000000000000000e+00 0.0000000000000000e+00 9.9999999997324451e-07 1.4999999999598666e-06
8.9375000000000004e-01 1.0000000000000000e+00 0.0000000000000000e+00 9.9999999997324451e-07 1.4999999999598666e-06
8.9624999999999999e-01 1.0000000000000000e+00 0.0000000000000000e+00 9.9999999997324451e-07 1.4999999999598666e-06
8.9874999999999994e-01 1.0000000000000000e+00 0.0000000000000000e+00 9.9999999997324451e-07 1.4999999999598666e-06
9.0125000000000000e-01 1.0000000000000000e+00 0.0000000000000000e+00 9.9999999997324451e-07 1.4999999999598666e-06
9.0375000000000005e-01 1.0000000000000000e+00 0.0000000000000000e+00 9.9999999997324451e-07 1.4999999999598666e-06
9.0625000000000000e-01 1.0000000000000000e+00 0.0000000000000000e+00 9.9999999997324451e-07 1.4999999999598666e-06
9.0874999999999995e-01 1.0000000000000000e+00 0.0000000000000000e+00 9.9999999997324451e-07 1.4999999999598666e-06
9.1125000000000000e-01 1.0000000000000000e+00 0.0000000000000000e+00 9.9999999997324451e-07 1.4999999999598666e-06
9.1375000000000006e-01 1.0000000000000000e+00 0.0000000000000000e+00 9.9999999997324451e-07 1.4999999999598666e-06
9.1625000000000001e-01 1.0000000000000000e+00 0.0000000000000000e+00 9.9999999997324451e-07 1.4999999999598666e-06
9.1874999999999996e-01 1.0000000000000000e+00 0.0000000000000000e+00 9.9999999997324451e-07 1.4999999999598666e-06
9.2125000000000001e-01 1.0000000000000000e+00 0.0000000000000000e+00 9.9999999997324451e-07 1.4999999999598666e-06
9.2375000000000007e-01 1.0000000000000000e+00 0.0000000000000000e+00 9.9999999997324451e-07 1.4999999999598666e-06
9.2625000000000002e-01 1.0000000000000000e+00 0.0000000000000000e+00 9.9999999997324451e-07 1.4999999999598666e-06
9.2874999999999996e-01 1.0000000000000000e+00 0.0000000000000000e+00 9.9999999997324451e-07 1.4999999999598666e-06
9.3125000000000002e-01 1.0000000000000000e+00 0.0000000000000000e+00 9.9999999997324451e-07 1.4999999999598666e-06
9.3375000000000008e-01 1.0000000000000000e+00 0.0000000000000000e+00 9.9999999997324451e-07 1.4999999999598666e-06
9.3625000000000003e-01 1.0000000000000000e+00 0.0000000000000000e+00 9.9999999997324451e-07 1.4999999999598666e-06
9.3874999999999997e-01 1.0000000000000000e+00 0.0000000000000000e+00 9.9999999997324451e-07 1.4999999999598666e-06
9.4125000000000003e-01 1.0000000000000000e+00 0.0000000000000000e+00 9.9999999997324451e-07 1.4999999999598666e-06
9.4375000000000009e-01 1.0000000000000000e+00 0.0000000000000000e+00 9.9999999997324451e-07 1.4999999999598666e-06
9.4625000000000004e-01 1.0000000000000000e+00 0.0000000000000000e+00 9.9999999997324451e-07 1.4999999999598666e-06
9.4874999999999998e-01 1.0000000000000000e+00 0.0000000000000000e+00 9.9999999997324451e-07 1.4999999999598666e-06
9.5125000000000004e-01 1.0000000000000000e+00 0.0000000000000000e+00 9.9999999997324451e-07 1.4999999999598666e-06
9.5375000000000010e-01 1.0000000000000000e+00 0.0000000000000000e+00 9.9999999997324451e-07 1.4999999999598666e-06
9.5625000000000004e-01 1.0000000000000000e+00 0.0000000000000000e+00 9.9999999997324451e-07 1.4999999999598666e-06
9.5874999999999999e-01 1.0000000000000000e+00 0.0000000000000000e+00 9.9999999997324451e-07 1.4999999999598666e-06
9.6124999999999994e-01 1.0000000000000000e+00 0.0000000000000000e+00 9.9999999997324451e-07 1.4999999999598666e-06
9.6375000000000000e-01 1.0000000000000000e+00 0.0000000000000000e+00 9.9999999997324451e-07 1.4999999999598666e-06
9.6625000000000005e-01 1.0000000000000000e+00 0.0000000000000000e+00 9.9999999997324451e-07 1.4999999999598666e-06
9.6875000000000000e-01 1.0000000000000000e+00 0.0000000000000000e+00 9.9999999997324451e-07 1.4999999999598666e-06
9.7124999999999995e-01 1.0000000000000000e+00 0.0000000000000000e+00 9.9999999997324451e-07 1.4999999999598666e-06
9.7375000000000000e-01 1.0000000000000000e+00 0.0000000000000000e+00 9.9999999997324451e-07 1.4999999999598666e-06
9.7625000000000006e-01 1.0000000000000000e+00 0.0000000000000000e+00 9.9999999997324451e-07 1.4999999999598666e-06
9.7875000000000001e-01 1.0000000000000000e+00 0.0000000000000000e+00 9.9999999997324451e-07 1.4999999999598666e-06
9.8124999999999996e-01 1.0000000000000000e+00 0.0000000000000000e+00 9.9999999997324451e-07 1.4999999999598666e-06
9.8375000000000001e-01 1.0000000000000000e+00 0.0000000000000000e+00 9.9999999997324451e-07 1.4999999999598666e-06
9.8625000000000007e-01 1.0000000000000000e+00 0.0000000000000000e+00 9.9999999997324451e-07 1.4999999999598666e-06
9.8875000000000002e-01 1.0000000000000000e+00 0.0000000000000000e+00 9.9999999997324451e-07 1.4999999999598666e-06
9.9124999999999996e-01 1.0000000000000000e+00 0.0000000000000000e+00 9.9999999997324451e-07 1.4999999999598666e-06
9.9375000000000002e-01 1.0000000000000000e+00 0.0000000000000000e+00 9.9999999997324451e-07 1.4999999999598666e-06
9.9625000000000008e-01 1.0000000000000000e+00 0.0000000000000000e+00 9.9999999997324451e-07 1.4999999999598666e-06
9.9875000000000003e-01 1.0000000000000000e+00 0.0000000000000000e+00 9.9999999997324451e-07 1.4999999999598666e-06
