1.2500000000000237e-03 9.9999999999997620e+00 9.9395580283575779e-15 1.3333333333332867e+01 1.9999999999999774e+00
3.7500000000000749e-03 9.9999999999996856e+00 2.0306278779575083e-14 1.3333333333332632e+01 1.9999999999999574e+00
6.2500000000001573e-03 9.9999999999994387e+00 3.9701683722611045e-14 1.3333333333332055e+01 1.9999999999999205e+00
8.7500000000003096e-03 9.9999999999989715e+00 7.3786749708835187e-14 1.3333333333331035e+01 1.9999999999998608e+00
1.1250000000000589e-02 9.9999999999981295e+00 1.3415931521052873e-13 1.3333333333329165e+01 1.9999999999997486e+00
1.3750000000001103e-02 9.9999999999966409e+00 2.4003764164675769e-13 1.3333333333325868e+01 1.9999999999995517e+00
1.6250000000002013e-02 9.9999999999940599e+00 4.2537767168789423e-13 1.3333333333320118e+01 1.9999999999992057e+00
1.8750000000003614e-02 9.9999999999895799e+00 7.4930886442208836e-13 1.3333333333310101e+01 1.9999999999985989e+00
2.1250000000006437e-02 9.9999999999817071e+00 1.3110589442853329e-12 1.3333333333292632e+01 1.9999999999975533e+00
2.3750000000011366e-02 9.9999999999681535e+00 2.2811614292745014e-12 1.3333333333262527e+01 1.9999999999957481e+00
2.6250000000019945e-02 9.9999999999448921e+00 3.9463321544376049e-12 1.3333333333210842e+01 1.9999999999926477e+00
2.8750000000034751e-02 9.9999999999052402e+00 6.7871808594763510e-12 1.3333333333122727e+01 1.9999999999873608e+00
3.1250000000060153e-02 9.9999999998379501e+00 1.1606451747860849e-11 1.3333333332973190e+01 1.9999999999783884e+00
3.3750000000103586e-02 9.9999999997243840e+00 1.9732921409971942e-11 1.3333333332720890e+01 1.9999999999632565e+00
3.6250000000177272e-02 9.9999999995341859e+00 3.3361757748653327e-11 1.3333333332298121e+01 1.9999999999378808e+00
3.8750000000301654e-02 9.9999999992168469e+00 5.6081876482264901e-11 1.3333333331592987e+01 1.9999999998955786e+00
4.1250000000510476e-02 9.9999999986910950e+00 9.3732667037990419e-11 1.3333333330424626e+01 1.9999999998254747e+00
4.3750000000858998e-02 9.9999999978249576e+00 1.5575959392368137e-10 1.3333333328499862e+01 1.9999999997099878e+00
4.6250000001437294e-02 9.9999999964065189e+00 2.5733317012992018e-10 1.3333333325347787e+01 1.9999999995208644e+00
4.8750000002391297e-02 9.9999999940977080e+00 4.2267290238896590e-10 1.3333333320217060e+01 1.9999999992130173e+00
5.1250000003956048e-02 9.9999999903620846e+00 6.9018743667745261e-10 1.3333333311915656e+01 1.9999999987149313e+00
5.3750000006507523e-02 9.9999999843545844e+00 1.1203959348928083e-09 1.3333333298565647e+01 1.9999999979139300e+00
5.6250000010643564e-02 9.9999999747523081e+00 1.8080298528140268e-09 1.3333333277227254e+01 1.9999999966336262e+00
5.8750000017308700e-02 9.9999999594982345e+00 2.9003934058760384e-09 1.3333333243329362e+01 1.9999999945997571e+00
6.1250000027985953e-02 9.9999999354152695e+00 4.6250104121552868e-09 1.3333333189811643e+01 1.9999999913886923e+00
6.3750000044988639e-02 9.9999998976288289e+00 7.3309498247089050e-09 1.3333333105841790e+01 1.9999999863505025e+00
6.6250000071902071e-02 9.9999998387114353e+00 1.1550124291095835e-08 1.3333332974914146e+01 1.9999999784948344e+00
6.8750000114247506e-02 9.9999997474218443e+00 1.8087497008846059e-08 1.3333332772048557e+01 1.9999999663229135e+00
7.1250000180471174e-02 9.9999996068667922e+00 2.8152863697090983e-08 1.3333332459703875e+01 1.9999999475822205e+00
7.3750000283409389e-02 9.9999993918327821e+00 4.3551760536194786e-08 1.3333331981850691e+01 1.9999999189110422e+00
7.6250000442441346e-02 9.9999990649567270e+00 6.6959836676740189e-08 1.3333331255459550e+01 1.9999998753275754e+00
7.8750000686628324e-02 9.9999985712629407e+00 1.0231399407512775e-07 1.3333330158362239e+01 1.9999998095017202e+00
8.1250001059258059e-02 9.9999978304421564e+00 1.5536527034431796e-07 1.3333328512094209e+01 1.9999997107256373e+00
8.3750001624372017e-02 9.9999967260310534e+00 2.3445379665259848e-07 1.3333326057848129e+01 1.9999995634708656e+00
8.6250002476067344e-02 9.9999950903750765e+00 3.5158559459112703e-07 1.3333322423058569e+01 1.9999993453834484e+00
8.8750003751649167e-02 9.9999926839188529e+00 5.2391553801713146e-07 1.3333317075381871e+01 1.9999990245227961e+00
9.1250005650077987e-02 9.9999891669459053e+00 7.7577131188082306e-07 1.3333309259894095e+01 1.9999985555933684e+00
9.3750008457632594e-02 9.9999840613608306e+00 1.1413900966101852e-06 1.3333297914165874e+01 1.9999978748493277e+00
9.6250012583315142e-02 9.9999766995074211e+00 1.6685838691920582e-06 1.3333281554526186e+01 1.9999968932702046e+00
9.8750018607286494e-02 9.9999661562872237e+00 2.4236006523036450e-06 1.3333258125218808e+01 1.9999954875101043e+00
1.0125002734655630e-01 9.9999511600317099e+00 3.4975070956857621e-06 1.3333224800351291e+01 1.9999934880145469e+00
1.0375003994329635e-01 9.9999299767001624e+00 5.0144817430059694e-06 1.3333177726571684e+01 1.9999906635803433e+00
1.0625005798250711e-01 9.9999002610211143e+00 7.1424754496183908e-06 1.3333111692305794e+01 1.9999867015090083e+00
1.0875008364736108e-01 9.9998588672840292e+00 1.0106762170967631e-05 1.3333019707350985e+01 1.9999811823802636e+00
1.1125011992237051e-01 9.9998016116214536e+00 1.4206964340848583e-05 1.3332892474721874e+01 1.9999735483592203e+00
1.1375017085655728e-01 9.9997229769737643e+00 1.9838184874279272e-05 1.3332717735203877e+01 1.9999630638626125e+00
1.1625024190099512e-01 9.9996157515683333e+00 2.7516903270479168e-05 1.3332479464305649e+01 1.9999487673635745e+00
1.1875034033736609e-01 9.9994705918886488e+00 3.7912284904067656e-05 1.3332156901646862e+01 1.9999294131323730e+00
1.2125047581641268e-01 9.9992755018865065e+00 5.1883497457660464e-05 1.3331723394617525e+01 1.9999034018168069e+00
1.2375066102720653e-01 9.9990152218540871e+00 7.0523512785091423e-05 1.3331145041916729e+01 1.9998686989864549e+00
1.2625091251979220e-01 9.9986705230616959e+00 9.5209682725259169e-05 1.3330379128699507e+01 1.9998227411264284e+00
1.2875125170474033e-01 9.9982174082027040e+00 1.2766110188331192e-04 1.3329372353985889e+01 1.9997623290903210e+00
1.3125170605318531e-01 9.9976262229464226e+00 1.7000240144560662e-04 1.3328058862944276e+01 1.9996835097246215e+00
1.3375231051969855e-01 9.9968606905272690e+00 2.2483315489099895e-04 1.3326358111747567e+01 1.9995814472600228e+00
1.3625310920755190e-01 9.9958768891998080e+00 2.9530152694304886e-04 1.3324172610721000e+01 1.9994502871154751e+00
1.3875415729130747e-01 9.9946222012699089e+00 3.8518018086911222e-04 1.3321385611833604e+01 1.9992830159414625e+00
1.4125552320496759e-01 9.9930342718595124e+00 4.9894180959804912e-04 1.3317858828275162e+01 1.9990713229782053e+00
1.4375729109509078e-01 9.9910400248873739e+00 6.4183101943236147e-04 1.3313430295389466e+01 1.9988054690341723e+00
1.4625956352736730e-01 9.9885547921437485e+00 8.1992873085644702e-04 1.3307912501724239e+01 1.9984741704862923e+00
1.4876246442240970e-01 9.9854816177848260e+00 1.0402048367273741e-03 1.3301090934099616e+01 1.9980645065345866e+00
1.5126614218245413e-01 9.9817108040857114e+00 1.3105546448623580e-03 1.3292723189024965e+01 1.9975618583716113e+00
1.5377077295597219e-01 9.9771197638376616e+00 1.6398146947211980e-03 1.3282538802099802e+01 1.9969498888210284e+00
1.5627656397279954e-01 9.9715732395774115e+00 2.0377539260760581e-03 1.3270239935292050e+01 1.9962105702571813e+00
1.5878375686932478e-01 9.9649239394536817e+00 2.5150369164627126e-03 1.3255503038015929e+01 1.9953242671829137e+00
1.6129263091270091e-01 9.9570136239351417e+00 3.0831569848535053e-03 1.3237981561534895e+01 1.9942698777241008e+00
1.6380350602599633e-01 9.9476746573257202e+00 3.7543383349815987e-03 1.3217309758574110e+01 1.9930250355806338e+00
1.6631674551360348e-01 9.9367320142946038e+00 4.5414079978869683e-03 1.3193107543644478e+01 1.9915663708146765e+00
1.6883275838870554e-01 9.9240057059866267e+00 5.4576400127798472e-03 1.3164986328247364e+01 1.9898698244861386e+00
1.7135200121238645e-01 9.9093135647796338e+00 6.5165759204544333e-03 1.3132555683624092e+01 1.9879110088362824e+00
1.7387497936689456e-01 9.8924743035343194e+00 7.7318270911178842e-03 1.3095430627236812e+01 1.9856656017632757e+00
1.7640224770298538e-01 9.8733107463681780e+00 9.1168655391392368e-03 1.3053239282913365e+01 1.9831097619987650e+00
1.7893441052214898e-01 9.8516531152391629e+00 1.0684810589294777e-02 1.3005630632851799e+01 1.9802205498994676e+00
1.8147212087758216e-01 9.8273422511433743e+00 1.2448218994117473e-02 1.2952282065573700e+01 1.9769763382465004e+00
1.8401607920148466e-01 9.8002326509545039e+00 1.4418885849748746e-02 1.2892906428801997e+01 1.9733571979354403e+00
1.8656703128915497e-01 9.7701952105337089e+00 1.6607662955770992e-02 1.2827258319597362e+01 1.9693452448781712e+00
1.8912576569109946e-01 9.7371195807754738e+00 1.9024300191988659e-02 1.2755139383746080e+01 1.9649249366716075e+00
1.9169311058179450e-01 9.7009160641619925e+00 2.1677314150163832e-02 1.2676402448635704e+01 1.9600833103998330e+00
1.9426993018710004e-01 9.6615170033464999e+00 2.4573886783107166e-02 1.2590954374140658e+01 1.9548101560727176e+00
1.9685712086120352e-01 9.6188776383118029e+00 2.7719795338294276e-02 1.2498757569408708e+01 1.9490981234067888e+00
1.9945560690831168e-01 9.5729764329110232e+00 3.1119373436159073e-02 1.2399830185142559e+01 1.9429427626886870e+00
2.0206633624438805e-01 9.5238148935042943e+00 3.4775501918792966e-02 1.2294245046872453e+01 1.9363425031377488e+00
2.0469027599055467e-01 9.4714169208564272e+00 3.8689627090335396e-02 1.2182127441779940e+01 1.9292985743697579e+00
2.0732840808305258e-01 9.4158277506484502e+00 4.2861803224747211e-02 1.2063651907751742e+01 1.9218148781854481e+00
2.0998172497562917e-01 9.3571125476675832e+00 4.7290755733311832e-02 1.1939038197759652e+01 1.9138978189488043e+00
2.1265122549967708e-01 9.2953547240468861e+00 5.1973961146568617e-02 1.1808546605514371e+01 1.9055561013125044e+00
2.1533791093613047e-01 9.2306540531930157e+00 5.6907740041216133e-02 1.1672472840577424e+01 1.8968005040563318e+00
2.1804278134165905e-01 9.1631246489416220e+00 6.2087359192397627e-02 1.1531142634388120e+01 1.8876436384154196e+00
2.2076683216060661e-01 9.0928928746481841e+00 6.7507139512393691e-02 1.1384906244764112e+01 1.8780996985854088e+00
2.2351105114379174e-01 9.0200952401735250e+00 7.3160566706133121e-02 1.1234133007452231e+01 1.8681842111962188e+00
2.2627641558601871e-01 8.9448763367151738e+00 7.9040401994442844e-02 1.1079206061100898e+01 1.8579137895330891e+00
2.2906388988606391e-01 8.8673868508627969e+00 8.5138790695649197e-02 1.0920517348396963e+01 1.8473058972273884e+00
2.3187442342610443e-01 8.7877816905764750e+00 9.1447366890222759e-02 1.0758462972419116e+01 1.8363786251010117e+00
2.3470894876201359e-01 8.7062182474947942e+00 9.7957352802350545e-02 1.0593438964739061e+01 1.8251504838717967e+00
2.3756838011162712e-01 8.6228548123233715e+00 1.0465965190511048e-01 1.0425837501199631e+01 1.8136402145434809e+00
2.4045361212484279e-01 8.5378491532436147e+00 1.1154493508454559e-01 1.0256043583161230e+01 1.8018666175306322e+00
2.4336551891717201e-01 8.4513572614368613e+00 1.1860371947891812e-01 1.0084432186629762e+01 1.7898484009150595e+00
2.4630495334696537e-01 8.3635322629607334e+00 1.2582643984366487e-01 9.9113658691059072e+00 1.7776040476940598e+00
2.4927274651583287e-01 8.2745234923171402e+00 1.3320351248170337e-01 9.7371928141443220e+00 1.7651517014578415e+00
2.5226970747167610e-01 8.1844757200684395e+00 1.4072539192684558e-01 9.5622452862999019e+00 1.7525090696133081e+00
2.5529662309409712e-01 8.0935285246789803e+00 1.4838262067929461e-01 9.3868384640722020e+00 1.7396933430424621e+00
2.5835425814264912e-01 8.0018157973107282e+00 1.5616587237259583e-01 9.2112696153642073e+00 1.7267211309325479e+00
2.6144335544936137e-01 7.9094653674266979e+00 1.6406598880420456e-01 9.0358175784788592e+00 1.7136084094300699e+00
2.6456463623810889e-01 7.8165987367244671e+00 1.7207401129328453e-01 8.8607425115544114e+00 1.7003704827377686e+00
2.6771880055465158e-01 7.7233309089393245e+00 1.8018120684313957e-01 8.6862858742002320e+00 1.6870219552835048e+00
2.7090652779249191e-01 7.6297703034243316e+00 1.8837908958525257e-01 8.5126706067758082e+00 1.6735767136309241e+00
2.7412847730101614e-01 7.5360187409702553e+00 1.9665943797115240e-01 8.3401014749412994e+00 1.6600479168661511e+00
2.7738528906370752e-01 7.4421714910887982e+00 2.0501430816001914e-01 8.1687655497034832e+00 1.6464479942751997e+00
2.8067758443550517e-01 7.3483173707851037e+00 2.1343604402595409e-01 7.9988327959092009e+00 1.6327886492172414e+00
2.8400596692957603e-01 7.2545388857633002e+00 2.2191728418116022e-01 7.8304567450066260e+00 1.6190808681941598e+00
2.8737102304493550e-01 7.1609124059032574e+00 2.3045096638237639e-01 7.6637752306949682e+00 1.6053349342139343e+00
2.9077332312740423e-01 7.0675083677500732e+00 2.3903032965761997e-01 7.4989111688087222e+00 1.5915604436410418e+00
2.9421342225738878e-01 6.9743914976075789e+00 2.4764891445956266e-01 7.3359733653374866e+00 1.5777663258193793e+00
2.9769186115887852e-01 6.8816210496809065e+00 2.5630056112365923e-01 7.1750573389052272e+00 1.5639608648396717e+00
3.0120916712486745e-01 6.7892510544426328e+00 2.6497940688021882e-01 7.0162461461893555e+00 1.5501517229057653e+00
3.0476585495516906e-01 6.6973305731056785e+00 2.7367988164325291e-01 6.8596112007405736e+00 1.5363459648281126e+00
3.0836242790326712e-01 6.6059039547601364e+00 2.8239670277444451e-01 6.7052130774701517e+00 1.5225500832414738e+00
3.1199937862945354e-01 6.5150110932381544e+00 2.9112486899763579e-01 6.5531022965613230e+00 1.5087700242051856e+00
3.1567719015803603e-01 6.4246876813518909e+00 2.9985965361780076e-01 6.4033200820014917e+00 1.4950112129001023e+00
3.1939633683690211e-01 6.3349654605475969e+00 3.0859659717968019e-01 6.2558990910554355e+00 1.4812785791845515e+00
3.2315728529815541e-01 6.2458724644496861e+00 3.1733149968367680e-01 6.1108641120522122e+00 1.4675765828154714e+00
3.2696049541889910e-01 6.1574332550927311e+00 3.2606041246099043e-01 5.9682327286996681e+00 1.4539092381789331e+00
3.3080642128162790e-01 6.0696691509377372e+00 3.3477962979507292e-01 5.8280159498675586e+00 1.4402801384076649e+00
3.3469551213395976e-01 5.9825984460474206e+00 3.4348568036469918e-01 5.6902188044032771e+00 1.4266924787913904e+00
3.3862821334769400e-01 5.8962366199783078e+00 3.5217531857137402e-01 5.5548409010131117e+00 1.4131490794123389e+00
3.4260496737745616e-01 5.8105965381605973e+00 3.6084551580376806e-01 5.4218769536692148e+00 1.3996524069589500e+00
3.4662621471936050e-01 5.7256886426815772e+00 3.6949345168225739e-01 5.2913172733182039e+00 1.3862045956903606e+00
3.5069239487030435e-01 5.6415211335295279e+00 3.7811650531795776e-01 5.1631482269325693e+00 1.3728074675408495e+00
3.5480394728865861e-01 5.5581001404498549e+00 3.8671224661233988e-01 5.0373526651298546e+00 1.3594625513679968e+00
3.5896131235723716e-01 5.4754298856864452e+00 3.9527842761614074e-01 4.9139103197606673e+00 1.3461711013612820e+00
3.6316493234953617e-01 5.3935128379374655e+00 4.0381297395889909e-01 4.7927981729574016e+00 1.3329341146400837e+00
3.6741525240027428e-01 5.3123498579460664e+00 4.1231397635335343e-01 4.6739907992340006e+00 1.3197523480807951e+00
3.7171272148130929e-01 5.2319403361980434e+00 4.2077968217170281e-01 4.5574606822752690e+00 1.3066263344242643e+00
3.7605779338401957e-01 5.1522823232671122e+00 4.2920848708353698e-01 4.4431785081000781e+00 1.2935563977254885e+00
3.8045092770915567e-01 5.0733726534051655e+00 4.3759892673700290e-01 4.3311134363092130e+00 1.2805426682196033e+00
3.8489259086509653e-01 4.9952070620363855e+00 4.4594966845632245e-01 4.2212333511489497e+00 1.2675850966910933e+00
3.8938325707525129e-01 4.9177802978923602e+00 4.5425950291897282e-01 4.1135050941513107e+00 1.2546834684484351e+00
3.9392340939511283e-01 4.8410862305955815e+00 4.6252733576408556e-01 4.0078946801306454e+00 1.2418374170245574e+00
3.9851354073910611e-01 4.7651179546037694e+00 4.7075217907058464e-01 3.9043674983591563e+00 1.2290464377446286e+00
4.0315415491687034e-01 4.6898678905481388e+00 4.7893314262668429e-01 3.8028885008039199e+00 1.2163099013305412e+00
4.0784576767795189e-01 4.6153278851507604e+00 4.8706942489280169e-01 3.7034223793890142e+00 1.2036270677445189e+00
4.1258890776297996e-01 4.5414893110969192e+00 4.9516030353451612e-01 3.6059337343661708e+00 1.1909971005178537e+00
4.1738411795820601e-01 4.4683431684954220e+00 5.0320512537123008e-01 3.5103872360505481e+00 1.1784190818649332e+00
4.2223195614869535e-01 4.3958801898745108e+00 5.1120329554608412e-01 3.4167477824067896e+00 1.1658920289537034e+00
4.2713299636336188e-01 4.3240909510863395e+00 5.1915426567182466e-01 3.3249806552926935e+00 1.1534149117945911e+00
4.3208782980227284e-01 4.2529659910361417e+00 5.2705752064165956e-01 3.2350516785948384e+00 1.1409866733286604e+00
4.3709706583296898e-01 4.1824959438737421e+00 5.3491256370857765e-01 3.1469273820723824e+00 1.1286062524514113e+00
4.4216133293770443e-01 4.1126716882272980e+00 5.4271889932485973e-01 3.0605751754972701e+00 1.1162726109131076e+00
4.4728127958703845e-01 4.0434845193150366e+00 5.5047601308656746e-01 2.9759635387204462e+00 1.1039847653075368e+00
4.5245757500661266e-01 3.9749263514433957e+00 5.5818334793207136e-01 2.8930622346922066e+00 1.0917418257227567e+00
4.5769090979246563e-01 3.9069899606248031e+00 5.6584027548354776e-01 2.8118425543310228e+00 1.0795430431108739e+00
4.6298199631475756e-01 3.8396692800753627e+00 5.7344606106983254e-01 2.7322776046806552e+00 1.0673878680875715e+00
4.6833156882893817e-01 3.7729597654207234e+00 5.8099982049586019e-01 2.6543426552170430e+00 1.0552760247581343e+00
4.7374038318511746e-01 3.7068588519988466e+00 5.8850046597892303e-01 2.5780155618400848e+00 1.0432076043777374e+00
4.7920921598783156e-01 3.6413665342785051e+00 5.9594663779027224e-01 2.5032772944804775e+00 1.0311831853160889e+00
4.8473886300553903e-01 3.5764861078903367e+00 6.0333661692587948e-01 2.4301126030180837e+00 1.0192039880947006e+00
4.9033013655632673e-01 3.5122251293029763e+00 6.1066821245043545e-01 2.3585108683208182e+00 1.0072720774545905e+00
4.9598386149536805e-01 3.4485966683442877e+00 6.1793861482667145e-01 2.2884672019576917e+00 9.9539062785924970e-01
5.0170086928910484e-01 3.3856209568247775e+00 6.2514420329757336e-01 2.2199838813343575e+00 9.8356427505238853e-01
5.0748198946470868e-01 3.3233275755561378e+00 6.3228029087597160e-01 2.1530722391176802e+00 9.7179958497954133e-01
5.1332803744808320e-01 3.2617583761108460e+00 6.3934078424435792e-01 2.0877551700522257e+00 9.6010568349098158e-01
5.1923979741763171e-01 3.2009714077830109e+00 6.4631772728897985e-01 2.0240704785815065e+00 9.4849510698224659e-01
5.2521799826142213e-01 3.1410462198575630e+00 6.5320068544273502e-01 1.9620753712329830e+00 9.3698495687304317e-01
5.3126327997700384e-01 3.0820910385508649e+00 6.5997591300167613e-01 1.9018525013646139e+00 9.2559847076685897e-01
5.3737614683259249e-01 3.0242524742676342e+00 6.6662522734814089e-01 1.8435180978257908e+00 9.1436716023794840e-01
5.4355690225956566e-01 2.9677285772597295e+00 6.7312449488943360e-01 1.7872328354178457e+00 9.0333370567268889e-01
5.4980555876630599e-01 2.9127861625435880e+00 6.7944162092030980e-01 1.7332161791248792e+00 8.9255582923293775e-01
5.5612171431174495e-01 2.8597832044875662e+00 6.8553394815947255e-01 1.6817648218707166e+00 8.8211135335277924e-01
5.6250438511157541e-01 2.8091963978403687e+00 6.9134504762967319e-01 1.6332752433432434e+00 8.7210451604533201e-01
5.6895178518482714e-01 2.7616519832843833e+00 6.9680111301474879e-01 1.5882687631055756e+00 8.6267319672372833e-01
5.7546104810855492e-01 2.7179534107773846e+00 7.0180768931120940e-01 1.5474137264485095e+00 8.5399572357234810e-01
5.8202790197063403e-01 2.6790906843598248e+00 7.0624847831855631e-01 1.5115322131915823e+00 8.4629398064931494e-01
5.8864634249008752e-01 2.6462022492498307e+00 7.0998960320032356e-01 1.4815668503802275e+00 8.3982631191563417e-01
5.9530840862914614e-01 2.6204442456646069e+00 7.1289463433484235e-01 1.4584691733599153e+00 8.3485987677826712e-01
6.0200424282376586e-01 2.6027186682678800e+00 7.1485616669796537e-01 1.4429663746769823e+00 8.3161103364887434e-01
6.0872266998826063e-01 2.5932541072028035e+00 7.1584491242271187e-01 1.4351963354331292e+00 8.3015177616812530e-01
6.1545245965364637e-01 2.5911548114923222e+00 7.1596288532821539e-01 1.4343052984336924e+00 8.3030853197515064e-01
6.2218414596870075e-01 2.5942045449163147e+00 7.1546702835654152e-01 1.4382580759477004e+00 8.3161796865603155e-01
6.2891181491445813e-01 2.5992650174123479e+00 7.1472282929383280e-01 1.4441787722825958e+00 8.3341565554576780e-01
6.3563396152669105e-01 2.6033172674883480e+00 7.1408206624060455e-01 1.4492915407037936e+00 8.3506429977053120e-01
6.4235281089451512e-01 2.6045891378560326e+00 7.1375046236771411e-01 1.4519643537834170e+00 8.3619581262167963e-01
6.4907236092334231e-01 2.6030213827697226e+00 7.1373267326751122e-01 1.4521561236787304e+00 8.3680994706250322e-01
6.5579619892489316e-01 2.5997826456803290e+00 7.1388853915834360e-01 1.4509765678686475e+00 8.3717185181587306e-01
6.6252621599505812e-01 2.5962439270362485e+00 7.1405271428526418e-01 1.4497355587739036e+00 8.3759592675996419e-01
6.6926265643700045e-01 2.5931393701020631e+00 7.1413280144671554e-01 1.4491642766439479e+00 8.3826825508432490e-01
6.7600506583960429e-01 2.5903737924863073e+00 7.1413189532995380e-01 1.4492381641304890e+00 8.3920600667798195e-01
6.8275328428731719e-01 2.5873971590192202e+00 7.1410429165787981e-01 1.4495282261838474e+00 8.4033961763332810e-01
6.8950787285322435e-01 2.5837105093740700e+00 7.1409529612306089e-01 1.4496769481894158e+00 8.4162502509266091e-01
6.9626994924790098e-01 2.5791045453171724e+00 7.1411263791937196e-01 1.4496241534950445e+00 8.4309735880643000e-01
7.0304083661545747e-01 2.5735612783704527e+00 7.1413873135530115e-01 1.4495099076830924e+00 8.4484674206061883e-01
7.0982192006697720e-01 2.5670568649217693e+00 7.1415767860943380e-01 1.4494610089364215e+00 8.4695884345783290e-01
7.1661479848401644e-01 2.5595329355151897e+00 7.1416824967913273e-01 1.4494885910036210e+00 8.4946470363265558e-01
7.2342157238416416e-01 2.5511090197654132e+00 7.1417757979264995e-01 1.4495381599416326e+00 8.5229883280816698e-01
7.3024512754659821e-01 2.5424340900766369e+00 7.1419020133729150e-01 1.4495763500364018e+00 8.5522945650443993e-01
7.3708946443403478e-01 2.5350571532869854e+00 7.1420524252756334e-01 1.4496131366178693e+00 8.5773991411097972e-01
7.4396028310297302e-01 2.5317423413995908e+00 7.1422065535111245e-01 1.4496687583642118e+00 8.5889590816110251e-01
7.5086611091209043e-01 2.5366123185300804e+00 7.1423647932391177e-01 1.4497485262499312e+00 8.5729410579975818e-01
7.5782030350878116e-01 2.5548834543594148e+00 7.1425411120086602e-01 1.4498493939321426e+00 8.5122242550335603e-01
7.6484306490575094e-01 2.5919766615627653e+00 7.1427466500503334e-01 1.4499742448507653e+00 8.3911302116617470e-01
7.7195139594451978e-01 2.6519960127336049e+00 7.1429888928796803e-01 1.4501332917787240e+00 8.2021237106836720e-01
7.7887868901206025e-01 2.7358307366112302e+00 7.1432545007710246e-01 1.4503193596368997e+00 7.9518042192552918e-01
7.8419896837424019e-01 2.8381921395183665e+00 7.1434302230724511e-01 1.4504409549873334e+00 7.6656594251938270e-01
7.8648431203503011e-01 2.9471596596854011e+00 7.1434635794911361e-01 1.4504571803296968e+00 7.3823138944796496e-01
7.8702586558580823e-01 3.0568895548678676e+00 7.1434819941306660e-01 1.4504737676546124e+00 7.1174002607233955e-01
7.8744695868274961e-01 3.1667097087347011e+00 7.1435005441869281e-01 1.4504863479675378e+00 6.8706314189457129e-01
7.8782776518457054e-01 3.2761449623749108e+00 7.1435171644238327e-01 1.4504995776022651e+00 6.6411877111389317e-01
7.8818503485521729e-01 3.3847113714977630e+00 7.1435331406806279e-01 1.4505116403031018e+00 6.4282215576090829e-01
7.8852591025739127e-01 3.4920381969534846e+00 7.1435487781951024e-01 1.4505240118216254e+00 6.2307050926036023e-01
7.8886111875024789e-01 3.5976802093763558e+00 7.1435643290462802e-01 1.4505362882612636e+00 6.0477983193760920e-01
7.8919324947612324e-01 3.7012406297862164e+00 7.1435799811495326e-01 1.4505488900752730e+00 5.8786324715088434e-01
7.8952646181064934e-01 3.8022916701840681e+00 7.1435958520926524e-01 1.4505617811000981e+00 5.7224507228421406e-01
7.8986139183681048e-01 3.9004241354922344e+00 7.1436119401283371e-01 1.4505750144920389e+00 5.5785279911961771e-01
7.9019793928995208e-01 3.9952527171854908e+00 7.1436282285112096e-01 1.4505885519799526e+00 5.4461706980647728e-01
7.9053550452781862e-01 4.0864357665868534e+00 7.1436446926782982e-01 1.4506023829032417e+00 5.3246978507440479e-01
7.9087375526111914e-01 4.1736781693272977e+00 7.1436613282298944e-01 1.4506164974990792e+00 5.2134464085891130e-01
7.9121252792086749e-01 4.2567326635069787e+00 7.1436781320041565e-01 1.4506308916815782e+00 5.1117758842991989e-01
7.9155171210426434e-01 4.3354013734510621e+00 7.1436951028008089e-01 1.4506455598735688e+00 5.0190700984122272e-01
7.9189123577882936e-01 4.4095371436064994e+00 7.1437122419968957e-01 1.4506604991014966e+00 4.9347373154737328e-01
7.9223107899107648e-01 4.4790429554436146e+00 7.1437295533058898e-01 1.4506757074825487e+00 4.8582109679908292e-01
7.9257124185372452e-01 4.5438705456847073e+00 7.1437470404038061e-01 1.4506911828632976e+00 4.7889497564175065e-01
7.9291171692554085e-01 4.6040186219445500e+00 7.1437647062438980e-01 1.4507069221306417e+00 4.7264369714405779e-01
7.9325248508576651e-01 4.6595304149210603e+00 7.1437825532806698e-01 1.4507229215844946e+00 4.6701795859263812e-01
7.9359352286592000e-01 4.7104903699953100e+00 7.1438005838922447e-01 1.4507391773558203e+00 4.6197074935022037e-01
7.9393480789030346e-01 4.7570200861687839e+00 7.1438188005048686e-01 1.4507556856173593e+00 4.5745729238210064e-01
7.9427632090039646e-01 4.7992737413139643e+00 7.1438372056690136e-01 1.4507724427168021e+00 4.5343499482890626e-01
7.9461804606009379e-01 4.8374331828283026e+00 7.1438558020139442e-01 1.4507894452165553e+00 4.4986340597938407e-01
7.9495996689489457e-01 4.8717028731856988e+00 7.1438745918569035e-01 1.4508066895824838e+00 4.4670417942600443e-01
7.9530206687843852e-01 4.9023049088591808e+00 7.1438935776587897e-01 1.4508241726563083e+00 4.4392103295159907e-01
7.9564433581068461e-01 4.9294740603192349e+00 7.1439127622888832e-01 1.4508418919315940e+00 4.4147972202869346e-01
7.9598676370100008e-01 4.9534530161648007e+00 7.1439321481099893e-01 1.4508598447394789e+00 4.3934801844435489e-01
7.9632933783887672e-01 4.9744881303575363e+00 7.1439517375719186e-01 1.4508780288138146e+00 4.3749567517096499e-01
7.9667204763135291e-01 4.9928254655132021e+00 7.1439715331725095e-01 1.4508964422719790e+00 4.3589440056348261e-01
7.9701488160548850e-01 5.0087073090322303e+00 7.1439915371722129e-01 1.4509150833454121e+00 4.3451782880054757e-01
7.9735782993359550e-01 5.0223692175472312e+00 7.1440117521817648e-01 1.4509339509290244e+00 4.3334148329628841e-01
7.9770089020344104e-01 5.0340374950517468e+00 7.1440321812774443e-01 1.4509530446821501e+00 4.3234274062570377e-01
7.9804405885999585e-01 5.0439271753484354e+00 7.1440528268922276e-01 1.4509723639885657e+00 4.3150078704942801e-01
7.9838732816941593e-01 5.0522405902731755e+00 7.1440736915546521e-01 1.4509919086186087e+00 4.3079655927672866e-01
7.9873069003007768e-01 5.0591663064587147e+00 7.1440947775853736e-01 1.4510116784374076e+00 4.3021268442539440e-01
7.9907413507220859e-01 5.0648784925897985e+00 7.1441160872785536e-01 1.4510316735545314e+00 4.2973341088363881e-01
7.9941766012194226e-01 5.0695366350032254e+00 7.1441376236457765e-01 1.4510518949961604e+00 4.2934453367311659e-01
7.9976126600163788e-01 5.0732855336359188e+00 7.1441593894122968e-01 1.4510723437560187e+00 4.2903331602431960e-01
8.0010494920956976e-01 5.0762556189880010e+00 7.1441813869732740e-01 1.4510930207197521e+00 4.2878840122585499e-01
8.0044870470699059e-01 5.0785634775357522e+00 7.1442036187656643e-01 1.4511139269982567e+00 4.2859972118603129e-01
8.0079252563502945e-01 5.0803125270150629e+00 7.1442260868320417e-01 1.4511350635084574e+00 4.2845840362927579e-01
8.0113640377665729e-01 5.0815938282954223e+00 7.1442487933097309e-01 1.4511564313906096e+00 4.2835667718371767e-01
8.0148033913058980e-01 5.0824869695523196e+00 7.1442717412174428e-01 1.4511780327505428e+00 4.2828777765022980e-01
8.0182433441337631e-01 5.0830609879734032e+00 7.1442949329604510e-01 1.4511998692315629e+00 4.2824585599064902e-01
8.0216838686159009e-01 5.0833753423037926e+00 7.1443183707340052e-01 1.4512219423756019e+00 4.2822588673471018e-01
8.0251249227271781e-01 5.0834808694665146e+00 7.1443420566500548e-01 1.4512442537275478e+00 4.2822358074886840e-01
8.0285664515943367e-01 5.0834207135837497e+00 7.1443659926732439e-01 1.4512668047496142e+00 4.2823530252126879e-01
8.0320083881715887e-01 5.0832312159518951e+00 7.1443901806118404e-01 1.4512895968117721e+00 4.2825799235457385e-01
8.0354507109498829e-01 5.0829427516040289e+00 7.1444146229294914e-01 1.4513126319114233e+00 4.2828909437946094e-01
8.0388934583894023e-01 5.0825805017973344e+00 7.1444393222912450e-01 1.4513359122450682e+00 4.2832649037191955e-01
8.0423366379423478e-01 5.0821651655975408e+00 7.1444642807453695e-01 1.4513594393951212e+00 4.2836843907191552e-01
8.0457802079063956e-01 5.0817136078348000e+00 7.1444895002704278e-01 1.4513832148048762e+00 4.2841352154335888e-01
8.0492241244506180e-01 5.0812394367047844e+00 7.1445149829272070e-01 1.4514072398745022e+00 4.2846059252496532e-01
8.0526683544955835e-01 5.0807535156143553e+00 7.1445407309468234e-01 1.4514315159816409e+00 4.2850873739132861e-01
8.0561128600484633e-01 5.0802644120531255e+00 7.1445667464686402e-01 1.4514560441702014e+00 4.2855723436163040e-01
8.0595576126066715e-01 5.0797787896506810e+00 7.1445930320895057e-01 1.4514808255827001e+00 4.2860552172268312e-01
8.0630026422622836e-01 5.0793017458450649e+00 7.1446195911509691e-01 1.4515058616567915e+00 4.2865316955548327e-01
8.0664479670194078e-01 5.0788370977177166e+00 7.1446464264446174e-01 1.4515311528290447e+00 4.2869985537082522e-01
8.0698935573280384e-01 5.0783876274691089e+00 7.1446735410010065e-01 1.4515566992196145e+00 4.2874534370952094e-01
8.0733393861854852e-01 5.0779552875202576e+00 7.1447009380823223e-01 1.4515825006048118e+00 4.2878946891446634e-01
8.0767854277774498e-01 5.0775413714878770e+00 7.1447286211385519e-01 1.4516085564035743e+00 4.2883212076464322e-01
8.0802316597976254e-01 5.0771466557361284e+00 7.1447565938019286e-01 1.4516348657729019e+00 4.2887323260581428e-01
8.0836780537571429e-01 5.0767715149816741e+00 7.1447848595720032e-01 1.4516614274741435e+00 4.2891277158827879e-01
8.0871245802016078e-01 5.0764160171698309e+00 7.1448134219696080e-01 1.4516882402640485e+00 4.2895073079729101e-01
8.0905712570910726e-01 5.0760800007815359e+00 7.1448422848712378e-01 1.4517153035332264e+00 4.2898712293040503e-01
8.0940181153083324e-01 5.0757631340443625e+00 7.1448714512375100e-01 1.4517426164665979e+00 4.2902197505910333e-01
8.0974651434846523e-01 5.0754649631415845e+00 7.1449009230481653e-01 1.4517701783496253e+00 4.2905532465276330e-01
8.1009123154906981e-01 5.0751849503736803e+00 7.1449307014135466e-01 1.4517979890012911e+00 4.2908721648490761e-01
8.1043596102025051e-01 5.0749225034594936e+00 7.1449607864710074e-01 1.4518260489222077e+00 4.2911770020109297e-01
8.1078070118000090e-01 5.0746769976799380e+00 7.1449911772980934e-01 1.4518543593010234e+00 4.2914682844783658e-01
8.1112545075745279e-01 5.0744477924942046e+00 7.1450218719209457e-01 1.4518829219733906e+00 4.2917465545342348e-01
8.1147020885630039e-01 5.0742342436875019e+00 7.1450528674444935e-01 1.4519117393130287e+00 4.2920123596557946e-01
8.1181497383394974e-01 5.0740357116712662e+00 7.1450841599960879e-01 1.4519408138453500e+00 4.2922662443198939e-01
8.1215974332860097e-01 5.0738515679181999e+00 7.1451157451603053e-01 1.4519701482327652e+00 4.2925087444817828e-01
8.1250451847722172e-01 5.0736812003111584e+00 7.1451476187349761e-01 1.4519997455669151e+00 4.2927403838790662e-01
8.1284930209204498e-01 5.0735240146182417e+00 7.1451797760430458e-01 1.4520296083663475e+00 4.2929616697860618e-01
8.1319409389508679e-01 5.0733794364596800e+00 7.1452122120155614e-01 1.4520597384129752e+00 4.2931730908330862e-01
8.1353889198964380e-01 5.0732469130844500e+00 7.1452449215299463e-01 1.4520901369098229e+00 4.2933751159382544e-01
8.1388369459546217e-01 5.0731259144799576e+00 7.1452778994799448e-01 1.4521208044733867e+00 4.2935681933164943e-01
8.1422850036497052e-01 5.0730159340543848e+00 7.1453111407845304e-01 1.4521517411002562e+00 4.2937527497760714e-01
8.1457330837046404e-01 5.0729164887574649e+00 7.1453446403654908e-01 1.4521829461162115e+00 4.2939291904406113e-01
8.1491811794157643e-01 5.0728271186350620e+00 7.1453783931290726e-01 1.4522144181046441e+00 4.2940978988913064e-01
8.1526292853436022e-01 5.0727473858841376e+00 7.1454123939552361e-01 1.4522461548537753e+00 4.2942592377897226e-01
8.1560773981924750e-01 5.0726768733085494e+00 7.1454466377157844e-01 1.4522781533230278e+00 4.2944135500665420e-01
8.1595255056177352e-01 5.0726151817310443e+00 7.1454811189930945e-01 1.4523104093819679e+00 4.2945611603235079e-01
8.1629735892099531e-01 5.0725619279325302e+00 7.1455158323272638e-01 1.4523429180845102e+00 4.2947023773737980e-01
8.1664216651659927e-01 5.0725167427919295e+00 7.1455507726470691e-01 1.4523756741653728e+00 4.2948374972715625e-01
8.1698697587208158e-01 5.0724792664608520e+00 7.1455859341462225e-01 1.4524086711126334e+00 4.2949668046430522e-01
8.1733178648915317e-01 5.0724491459924144e+00 7.1456213103876609e-01 1.4524419014023764e+00 4.2950905753778901e-01
8.1767659689479621e-01 5.0724260336365541e+00 7.1456568943747434e-01 1.4524753567056259e+00 4.2952090786752439e-01
8.1802140575841764e-01 5.0724095858136593e+00 7.1456926784889063e-01 1.4525090279347024e+00 4.2953225780416954e-01
8.1836621213560523e-01 5.0723994633899254e+00 7.1457286543998222e-01 1.4525429052658501e+00 4.2954313311173159e-01
8.1871101542249447e-01 5.0723953332681333e+00 7.1457648129690865e-01 1.4525769781062046e+00 4.2955355882236967e-01
8.1905581521378812e-01 5.0723968713903549e+00 7.1458011441568869e-01 1.4526112350551101e+00 4.2956355896998638e-01
8.1940061119875829e-01 5.0724037669274660e+00 7.1458376369362808e-01 1.4526456638727516e+00 4.2957315622549613e-01
8.1974540310694066e-01 5.0724157270834960e+00 7.1458742792240626e-01 1.4526802514308386e+00 4.2958237147473249e-01
8.2009019068060796e-01 5.0724324818582733e+00 7.1459110578122265e-01 1.4527149836473612e+00 4.2959122339519912e-01
8.2043497379900343e-01 5.0724537881562153e+00 7.1459479583296148e-01 1.4527498454668339e+00 4.2959972810168073e-01
8.2077975150459814e-01 5.0724794317341475e+00 7.1459849649175511e-01 1.4527848205756946e+00 4.2960789889660300e-01
8.2112452235454625e-01 5.0725092280061306e+00 7.1460220604486668e-01 1.4528198916520638e+00 4.2961574627527943e-01
8.2146928802062158e-01 5.0725430202989861e+00 7.1460592269461309e-01 1.4528550406981400e+00 4.2962327817157842e-01
8.2181405081526882e-01 5.0725806722189963e+00 7.1460964445724140e-01 1.4528902479545904e+00 4.2963050028311073e-01
8.2215881036258354e-01 5.0726220597613505e+00 7.1461336917814011e-01 1.4529254921059762e+00 4.2963741680007933e-01
8.2250356555775106e-01 5.0726670610573299e+00 7.1461709451668209e-01 1.4529607505188886e+00 4.2964403134394896e-01
8.2284831542573689e-01 5.0727155437616407e+00 7.1462081793965360e-01 1.4529959991858314e+00 4.2965034801903296e-01
8.2319305932380760e-01 5.0727673505475526e+00 7.1462453676214310e-01 1.4530312121321871e+00 4.2965637246561705e-01
8.2353779689422502e-01 5.0728222855056249e+00 7.1462824816548132e-01 1.4530663610003252e+00 4.2966211288894773e-01
8.2388252794286243e-01 5.0728801054752326e+00 7.1463194906935168e-01 1.4531014159790876e+00 4.2966758106821829e-01
8.2422725235266858e-01 5.0729405159595116e+00 7.1463563597561630e-01 1.4531363469819423e+00 4.2967279305080464e-01
8.2457197003914695e-01 5.0730031662798973e+00 7.1463930516140928e-01 1.4531711215022860e+00 4.2967776892831588e-01
8.2491668093202286e-01 5.0730676477181085e+00 7.1464295313173354e-01 1.4532056999381135e+00 4.2968253161135334e-01
8.2526138497016532e-01 5.0731335156579620e+00 7.1464657631536377e-01 1.4532400377385635e+00 4.2968710558865059e-01
8.2560608210025954e-01 5.0732003419804625e+00 7.1465016962766847e-01 1.4532740973362175e+00 4.2969151601715344e-01
8.2595077231580394e-01 5.0732677474468044e+00 7.1465372617013945e-01 1.4533078468459641e+00 4.2969578559421456e-01
8.2629545546069694e-01 5.0733353602302769e+00 7.1465723996131114e-01 1.4533412220419641e+00 4.2969992682762370e-01
8.2664013068258468e-01 5.0734027688713308e+00 7.1466070600444120e-01 1.4533740875096570e+00 4.2970393453494310e-01
8.2698479791551649e-01 5.0734695660185247e+00 7.1466410652309476e-01 1.4534062467954618e+00 4.2970778514082292e-01
8.2732945949918801e-01 5.0735351419426431e+00 7.1466738131153940e-01 1.4534373421570466e+00 4.2971142452770977e-01
8.2767411724646434e-01 5.0735971433687013e+00 7.1467037737186712e-01 1.4534661279794219e+00 4.2971468375621802e-01
8.2801877207545815e-01 5.0736468350764712e+00 7.1467267834653503e-01 1.4534882758145413e+00 4.2971702299987757e-01
8.2836342834297838e-01 5.0736567681496805e+00 7.1467294704065587e-01 1.4534905133865079e+00 4.2971684323748116e-01
8.2870810156250463e-01 5.0735425501000178e+00 7.1466680488462253e-01 1.4534323999493595e+00 4.2970933591185917e-01
8.2905284212962771e-01 5.0730364841827633e+00 7.1464038825974507e-01 1.4531860238567758e+00 4.2967935329885826e-01
8.2939781026923776e-01 5.0712831733056429e+00 7.1455019210609938e-01 1.4523430278874694e+00 4.2957856372496167e-01
8.2974351298176507e-01 5.0655780974886531e+00 7.1425881888522680e-01 1.4496131436226538e+00 4.2925401081309678e-01
8.3009154536394436e-01 5.0474807883697901e+00 7.1333236789318422e-01 1.4409758662467660e+00 4.2822625582855317e-01
8.3044684482835507e-01 4.9913715548682980e+00 7.1041923246518912e-01 1.4142941536975340e+00 4.2502170139531453e-01
8.3082400420504920e-01 4.8262710212381537e+00 7.0148214132443898e-01 1.3365417732091980e+00 4.1539578921108189e-01
8.3126222026262353e-01 4.4030449211349696e+00 6.7574508491932872e-01 1.1423484392319183e+00 3.8916765318991653e-01
8.3185487793178647e-01 3.5734329530210758e+00 6.0918015394576708e-01 7.8442762950650435e-01 3.2927480653162733e-01
8.3278720103741377e-01 2.4198837758648182e+00 4.5393295304220049e-01 3.5375445248865173e-01 2.1927981997537893e-01
8.3427998257696045e-01 1.5144275807277132e+00 2.0403977040156848e-01 7.9643800819389390e-02 7.8885053831150104e-02
8.3635409140314709e-01 1.1037438290392787e+00 3.3726730666560421e-02 6.0138895345156580e-03 8.1729420037848863e-03
8.3875845357373224e-01 1.0077465804150743e+00 1.2444081255371660e-03 6.8984688734817634e-05 1.0268160181660548e-04
8.4125018459800538e-01 1.0001533958920770e+00 6.5848022847207025e-06 1.0423078053236108e-06 1.5632219161650719e-06
8.4375000061656591e-01 1.0000005138926291e+00 2.7837821990552662e-09 1.0000036170798587e-06 1.5000046547784523e-06
8.4625000000018780e-01 1.0000000001973748e+00 3.8832492997751589e-13 1.0000000006393783e-06 1.5000000006630051e-06
8.4875000000000000e-01 1.0000000000000140e+00 3.2194073957669469e-17 9.9999999997324451e-07 1.4999999999598456e-06
8.5125000000000006e-01 1.0000000000000000e+00 -6.5535966474920366e-17 9.9999999997324451e-07 1.4999999999598666e-06
8.5375000000000001e-01 1.0000000000000000e+00 -1.3489189129913909e-20 9.9999999997324451e-07 1.4999999999598666e-06
8.5624999999999996e-01 1.0000000000000000e+00 0.0000000000000000e+00 9.9999999997324451e-07 1.4999999999598666e-06
8.5875000000000001e-01 1.0000000000000000e+00 0.0000000000000000e+00 9.9999999997324451e-07 1.4999999999598666e-06
8.6125000000000007e-01 1.0000000000000000e+00 0.0000000000000000e+00 9.9999999997324451e-07 1.4999999999598666e-06
8.6375000000000002e-01 1.0000000000000000e+00 0.0000000000000000e+00 9.9999999997324451e-07 1.4999999999598666e-06
8.6624999999999996e-01 1.0000000000000000e+00 0.0000000000000000e+00 9.9999999997324451e-07 1.4999999999598666e-06
8.6875000000000002e-01 1.0000000000000000e+00 0.0000000000000000e+00 9.9999999997324451e-07 1.4999999999598666e-06
8.7125000000000008e-01 1.0000000000000000e+00 0.0000000000000000e+00 9.9999999997324451e-07 1.4999999999598666e-06
8.7375000000000003e-01 1.0000000000000000e+00 0.0000000000000000e+00 9.9999999997324451e-07 1.4999999999598666e-06
8.7624999999999997e-01 1.0000000000000000e+00 0.0000000000000000e+00 9.9999999997324451e-07 1.4999999999598666e-06
8.7875000000000003e-01 1.0000000000000000e+00 0.0000000000000000e+00 9.9999999997324451e-07 1.4999999999598666e-06
8.8125000000000009e-01 1.0000000000000000e+00 0.0000000000000000e+00 9.9999999997324451e-07 1.4999999999598666e-06
8.8375000000000004e-01 1.0000000000000000e+00 0.0000000000000000e+00 9.9999999997324451e-07 1.4999999999598666e-06
8.8624999999999998e-01 1.0000000000000000e+00 0.0000000000000000e+00 9.9999999997324451e-07 1.4999999999598666e-06
8.8875000000000004e-01 1.0000000000000000e+00 0.0000000000000000e+00 9.9999999997324451e-07 1.4999999999598666e-06
8.9125000000000010e-01 1.0000000000000000e+00 0.0000000000000000e+00 9.9999999997324451e-07 1.4999999999598666e-06
8.9375000000000004e-01 1.0000000000000000e+00 0.0000000000000000e+00 9.9999999997324451e-07 1.4999999999598666e-06
8.9624999999999999e-01 1.0000000000000000e+00 0.0000000000000000e+00 9.9999999997324451e-07 1.4999999999598666e-06
8.9874999999999994e-01 1.0000000000000000e+00 0.0000000000000000e+00 9.9999999997324451e-07 1.4999999999598666e-06
9.0125000000000000e-01 1.0000000000000000e+00 0.0000000000000000e+00 9.9999999997324451e-07 1.4999999999598666e-06
9.0375000000000005e-01 1.0000000000000000e+00 0.0000000000000000e+00 9.9999999997324451e-07 1.4999999999598666e-06
9.0625000000000000e-01 1.0000000000000000e+00 0.0000000000000000e+00 9.9999999997324451e-07 1.4999999999598666e-06
9.0874999999999995e-01 1.0000000000000000e+00 0.0000000000000000e+00 9.9999999997324451e-07 1.4999999999598666e-06
9.1125000000000000e-01 1.0000000000000000e+00 0.0000000000000000e+00 9.9999999997324451e-07 1.4999999999598666e-06
9.1375000000000006e-01 1.0000000000000000e+00 0.0000000000000000e+00 9.9999999997324451e-07 1.4999999999598666e-06
9.1625000000000001e-01 1.0000000000000000e+00 0.0000000000000000e+00 9.9999999997324451e-07 1.4999999999598666e-06
9.1874999999999996e-01 1.0000000000000000e+00 0.0000000000000000e+00 9.9999999997324451e-07 1.4999999999598666e-06
9.2125000000000001e-01 1.0000000000000000e+00 0.0000000000000000e+00 9.9999999997324451e-07 1.4999999999598666e-06
9.2375000000000007e-01 1.0000000000000000e+00 0.0000000000000000e+00 9.9999999997324451e-07 1.4999999999598666e-06
9.2625000000000002e-01 1.0000000000000000e+00 0.0000000000000000e+00 9.9999999997324451e-07 1.4999999999598666e-06
9.2874999999999996e-01 1.0000000000000000e+00 0.0000000000000000e+00 9.9999999997324451e-07 1.4999999999598666e-06
9.3125000000000002e-01 1.0000000000000000e+00 0.0000000000000000e+00 9.9999999997324451e-07 1.4999999999598666e-06
9.3375000000000008e-01 1.0000000000000000e+00 0.0000000000000000e+00 9.9999999997324451e-07 1.4999999999598666e-06
9.3625000000000003e-01 1.0000000000000000e+00 0.0000000000000000e+00 9.9999999997324451e-07 1.4999999999598666e-06
9.3874999999999997e-01 1.0000000000000000e+00 0.0000000000000000e+00 9.9999999997324451e-07 1.4999999999598666e-06
9.4125000000000003e-01 1.0000000000000000e+00 0.0000000000000000e+00 9.9999999997324451e-07 1.4999999999598666e-06
9.4375000000000009e-01 1.0000000000000000e+00 0.0000000000000000e+00 9.9999999997324451e-07 1.4999999999598666e-06
9.4625000000000004e-01 1.0000000000000000e+00 0.0000000000000000e+00 9.9999999997324451e-07 1.4999999999598666e-06
9.4874999999999998e-01 1.0000000000000000e+00 0.0000000000000000e+00 9.9999999997324451e-07 1.4999999999598666e-06
9.5125000000000004e-01 1.0000000000000000e+00 0.0000000000000000e+00 9.9999999997324451e-07 1.4999999999598666e-06
9.5375000000000010e-01 1.0000000000000000e+00 0.0000000000000000e+00 9.9999999997324451e-07 1.4999999999598666e-06
9.5625000000000004e-01 1.0000000000000000e+00 0.0000000000000000e+00 9.9999999997324451e-07 1.4999999999598666e-06
9.5874999999999999e-01 1.0000000000000000e+00 0.0000000000000000e+00 9.9999999997324451e-07 1.4999999999598666e-06
9.6124999999999994e-01 1.0000000000000000e+00 0.0000000000000000e+00 9.9999999997324451e-07 1.4999999999598666e-06
9.6375000000000000e-01 1.0000000000000000e+00 0.0000000000000000e+00 9.9999999997324451e-07 1.4999999999598666e-06
9.6625000000000005e-01 1.0000000000000000e+00 0.0000000000000000e+00 9.9999999997324451e-07 1.4999999999598666e-06
9.6875000000000000e-01 1.0000000000000000e+00 0.0000000000000000e+00 9.9999999997324451e-07 1.4999999999598666e-06
9.7124999999999995e-01 1.0000000000000000e+00 0.0000000000000000e+00 9.9999999997324451e-07 1.4999999999598666e-06
9.7375000000000000e-01 1.0000000000000000e+00 0.0000000000000000e+00 9.9999999997324451e-07 1.4999999999598666e-06
9.7625000000000006e-01 1.0000000000000000e+00 0.0000000000000000e+00 9.9999999997324451e-07 1.4999999999598666e-06
9.7875000000000001e-01 1.0000000000000000e+00 0.0000000000000000e+00 9.9999999997324451e-07 1.4999999999598666e-06
9.8124999999999996e-01 1.0000000000000000e+00 0.0000000000000000e+00 9.9999999997324451e-07 1.4999999999598666e-06
9.8375000000000001e-01 1.0000000000000000e+00 0.0000000000000000e+00 9.9999999997324451e-07 1.4999999999598666e-06
9.8625000000000007e-01 1.0000000000000000e+00 0.0000000000000000e+00 9.9999999997324451e-07 1.4999999999598666e-06
9.8875000000000002e-01 1.0000000000000000e+00 0.0000000000000000e+00 9.9999999997324451e-07 1.4999999999598666e-06
9.9124999999999996e-01 1.0000000000000000e+00 0.0000000000000000e+00 9.9999999997324451e-07 1.4999999999598666e-06
9.9375000000000002e-01 1.0000000000000000e+00 0.0000000000000000e+00 9.9999999997324451e-07 1.4999999999598666e-06
9.9625000000000008e-01 1.0000000000000000e+00 0.0000000000000000e+00 9.9999999997324451e-07 1.4999999999598666e-06
9.9875000000000003e-01 1.0000000000000000e+00 0.0000000000000000e+00 9.9999999997324451e-07 1.4999999999598666e-06
