1.2500000000000000e-03 1.0000000000000000e+01 -7.5298836397487997e-17 1.3333333333333339e+01 2.0000000000000004e+00
3.7499999999999999e-03 1.0000000000000000e+01 -5.1406856247291796e-16 1.3333333333333339e+01 2.0000000000000004e+00
6.2500000000000003e-03 1.0000000000000000e+01 -1.4376551984381760e-15 1.3333333333333339e+01 2.0000000000000004e+00
8.7500000000000008e-03 1.0000000000000000e+01 -2.4214614732104286e-15 1.3333333333333339e+01 2.0000000000000004e+00
1.1250000000000000e-02 1.0000000000000002e+01 -3.0679277886564375e-15 1.3333333333333339e+01 2.0000000000000004e+00
1.3750000000000000e-02 1.0000000000000000e+01 -3.1875693840076804e-15 1.3333333333333341e+01 2.0000000000000009e+00
1.6250000000000001e-02 1.0000000000000000e+01 -2.6000321588839308e-15 1.3333333333333341e+01 2.0000000000000009e+00
1.8750000000000003e-02 1.0000000000000000e+01 -1.6295509446328524e-15 1.3333333333333341e+01 2.0000000000000009e+00
2.1249999999999998e-02 1.0000000000000000e+01 -7.4959591964680255e-16 1.3333333333333341e+01 2.0000000000000009e+00
2.3750000000000000e-02 1.0000000000000000e+01 -2.1956821207879604e-16 1.3333333333333341e+01 2.0000000000000009e+00
2.6250000000000002e-02 1.0000000000000000e+01 -2.2064577962868056e-17 1.3333333333333341e+01 2.0000000000000009e+00
2.8749999999999998e-02 1.0000000000000000e+01 -2.5125647163870777e-17 1.3333333333333341e+01 2.0000000000000009e+00
3.1250000000000000e-02 1.0000000000000000e+01 -2.3546185436767365e-17 1.3333333333333341e+01 2.0000000000000009e+00
3.3750000000000002e-02 1.0000000000000000e+01 -3.4645296078007217e-17 1.3333333333333341e+01 2.0000000000000009e+00
3.6250000000000004e-02 1.0000000000000000e+01 -2.3124845907038407e-17 1.3333333333333341e+01 2.0000000000000009e+00
3.8750000000000000e-02 1.0000000000000000e+01 -2.0212813880207783e-17 1.3333333333333341e+01 2.0000000000000009e+00
4.1250000000000002e-02 1.0000000000000000e+01 -1.5829407506575672e-17 1.3333333333333341e+01 2.0000000000000009e+00
4.3749999999999997e-02 1.0000000000000000e+01 -1.6120269004695427e-17 1.3333333333333341e+01 2.0000000000000009e+00
4.6249999999999999e-02 1.0000000000000000e+01 -1.6605322282108506e-17 1.3333333333333341e+01 2.0000000000000009e+00
4.8750000000000002e-02 1.0000000000000000e+01 -3.5944573462540603e-17 1.3333333333333341e+01 2.0000000000000009e+00
5.1250000000000004e-02 1.0000000000000000e+01 -2.3975097083688757e-17 1.3333333333333341e+01 2.0000000000000009e+00
5.3749999999999999e-02 1.0000000000000000e+01 -1.9367846283563628e-17 1.3333333333333341e+01 2.0000000000000009e+00
5.6250000000000001e-02 1.0000000000000000e+01 -3.7610588918247744e-17 1.3333333333333341e+01 2.0000000000000009e+00
5.8749999999999997e-02 1.0000000000000000e+01 -1.8717200415487807e-17 1.3333333333333341e+01 2.0000000000000009e+00
6.1249999999999999e-02 1.0000000000000000e+01 -1.5766879037416706e-17 1.3333333333333341e+01 2.0000000000000009e+00
6.3750000000000001e-02 1.0000000000000000e+01 -1.5280461258100337e-17 1.3333333333333341e+01 2.0000000000000009e+00
6.6250000000000003e-02 1.0000000000000000e+01 -1.9363296204156140e-17 1.3333333333333341e+01 2.0000000000000009e+00
6.8750000000000006e-02 1.0000000000000000e+01 -2.7946309729377965e-17 1.3333333333333341e+01 2.0000000000000009e+00
7.1250000000000008e-02 1.0000000000000000e+01 -2.7687475914253062e-17 1.3333333333333341e+01 2.0000000000000009e+00
7.3749999999999996e-02 1.0000000000000000e+01 -2.7491534206253564e-17 1.3333333333333341e+01 2.0000000000000009e+00
7.6249999999999998e-02 1.0000000000000000e+01 -2.7375005309070319e-17 1.3333333333333341e+01 2.0000000000000009e+00
7.8750000000000001e-02 1.0000000000000000e+01 -2.7309083010671007e-17 1.3333333333333341e+01 2.0000000000000009e+00
8.1250000000000003e-02 1.0000000000000000e+01 -2.7253105594690834e-17 1.3333333333333341e+01 2.0000000000000009e+00
8.3750000000000005e-02 1.0000000000000000e+01 -2.7185580853727583e-17 1.3333333333333341e+01 2.0000000000000009e+00
8.6250000000000007e-02 1.0000000000000000e+01 -2.9356872051190512e-17 1.3333333333333341e+01 2.0000000000000009e+00
8.8749999999999996e-02 1.0000000000000000e+01 -3.1454463272551251e-17 1.3333333333333341e+01 2.0000000000000009e+00
9.1249999999999998e-02 1.0000000000000000e+01 -3.1239985204546782e-17 1.3333333333333341e+01 2.0000000000000009e+00
9.3750000000000000e-02 1.0000000000000000e+01 -2.4211017369827001e-17 1.3333333333333341e+01 2.0000000000000009e+00
9.6250000000000002e-02 1.0000000000000000e+01 4.2533986774075704e-16 1.3333333333333341e+01 2.0000000000000009e+00
9.8750000000000004e-02 9.9999999999999911e+00 4.1437219537618629e-15 1.3333333333333266e+01 1.9999999999999918e+00
1.0125000000000001e-01 9.9999999999998455e+00 2.4212431913503515e-14 1.3333333333332831e+01 1.9999999999999554e+00
1.0375000000000015e-01 9.9999999999986500e+00 8.9642491410077423e-14 1.3333333333330438e+01 1.9999999999998355e+00
1.0625000000000065e-01 9.9999999999966924e+00 2.3975410230514795e-13 1.3333333333325957e+01 1.9999999999995548e+00
1.0875000000000193e-01 9.9999999999918536e+00 5.8684141986484071e-13 1.3333333333315180e+01 1.9999999999989060e+00
1.1125000000000496e-01 9.9999999999806981e+00 1.3869768622736468e-12 1.3333333333290353e+01 1.9999999999974132e+00
1.1375000000001209e-01 9.9999999999551452e+00 3.2164129261363512e-12 1.3333333333233602e+01 1.9999999999940112e+00
1.1625000000002850e-01 9.9999999998978755e+00 7.3158635487441770e-12 1.3333333333106294e+01 1.9999999999863689e+00
1.1875000000006555e-01 9.9999999997706670e+00 1.6439258986125676e-11 1.3333333332823400e+01 1.9999999999693765e+00
1.2125000000014845e-01 9.9999999994897859e+00 3.6536632784699465e-11 1.3333333332199439e+01 1.9999999999319584e+00
1.2375000000033172e-01 9.9999999988774615e+00 8.0392183913077393e-11 1.3333333330838595e+01 1.9999999998502969e+00
1.2625000000073333e-01 9.9999999975550331e+00 1.7510661100536449e-10 1.3333333327899844e+01 1.9999999996739699e+00
1.2875000000160386e-01 9.9999999947292544e+00 3.7745326386879007e-10 1.3333333321620456e+01 1.9999999992972173e+00
1.3125000000347140e-01 9.9999999887566347e+00 8.0515229197990624e-10 1.3333333308348088e+01 1.9999999985008863e+00
1.3375000000743587e-01 9.9999999762720542e+00 1.6992007496134334e-09 1.3333333280604442e+01 1.9999999968362554e+00
1.3625000001576104e-01 9.9999999504658010e+00 3.5472390129394125e-09 1.3333333223257013e+01 1.9999999933953916e+00
1.3875000003305354e-01 9.9999998977292694e+00 7.3237437305618786e-09 1.3333333106065128e+01 1.9999999863639151e+00
1.4125000006857452e-01 9.9999997912126481e+00 1.4951573810466118e-08 1.3333332869361289e+01 1.9999999721616630e+00
1.4375000014071587e-01 9.9999995786185156e+00 3.0175764872729309e-08 1.3333332396929791e+01 1.9999999438157627e+00
1.4625000028554680e-01 9.9999991594425772e+00 6.0193593688888437e-08 1.3333331465427554e+01 1.9999998879256080e+00
1.4875000057290172e-01 9.9999983431696258e+00 1.1864812660527448e-07 1.3333329651487936e+01 1.9999997790892288e+00
1.5125000113621534e-01 9.9999967737504587e+00 2.3103654718501836e-07 1.3333326163891199e+01 1.9999995698334490e+00
1.5375000222701274e-01 9.9999937954142322e+00 4.4431974457345975e-07 1.3333319545368214e+01 1.9999991727218720e+00
1.5625000431286590e-01 9.9999882184727387e+00 8.4369305717487766e-07 1.3333307152174557e+01 1.9999984291297848e+00
1.5875000825058191e-01 9.9999779181670974e+00 1.5813141933883177e-06 1.3333284262637903e+01 1.9999970557557643e+00
1.6125001558715957e-01 9.9999591609055329e+00 2.9245531428898826e-06 1.3333242579939931e+01 1.9999945547876450e+00
1.6375002907337705e-01 9.9999254962251882e+00 5.3353413132190900e-06 1.3333167769880525e+01 1.9999900661630301e+00
1.6625005352366087e-01 9.9998659751936447e+00 9.5977690773952385e-06 1.3333035502006361e+01 1.9999821300227232e+00
1.6875009722697945e-01 9.9997623543014065e+00 1.7018319528721789e-05 1.3332805236698988e+01 1.9999683138915600e+00
1.7125017421268207e-01 9.9995848230081794e+00 2.9731960220925627e-05 1.3332410732676575e+01 1.9999446430015548e+00
1.7375030780713624e-01 9.9992856603557705e+00 5.1156376256543855e-05 1.3331745955583649e+01 1.9999047544626267e+00
1.7625053607994540e-01 9.9987901290886860e+00 8.6645112640879705e-05 1.3330644855550922e+01 1.9998386829976262e+00
1.7875091996564718e-01 9.9979838562478260e+00 1.4439083974519126e-04 1.3328853355957213e+01 1.9997311779456259e+00
1.8125155502300982e-01 9.9966961531239900e+00 2.3662703303086921e-04 1.3325992362142530e+01 1.9995594781549093e+00
1.8375258793443128e-01 9.9946789099452999e+00 3.8113484861059031e-04 1.3321511031129544e+01 1.9992904951464496e+00
1.8625423882001019e-01 9.9915819831898354e+00 6.0304697344459087e-04 1.3314632442082745e+01 1.9988775247729114e+00
1.8875683028075552e-01 9.9869259552716567e+00 9.3676912718382635e-04 1.3304293804180961e+01 1.9982566002441742e+00
1.9126082341275585e-01 9.9800774432083745e+00 1.4279247022634866e-03 1.3289093002948325e+01 1.9973431687133543e+00
1.9376686030309059e-01 9.9702284950535116e+00 2.1347239975770993e-03 1.3267245355557606e+01 1.9960292829005615e+00
1.9627581084240886e-01 9.9563928199231313e+00 3.1287690830506224e-03 1.3236579455501381e+01 1.9941829879915647e+00
1.9878882061462017e-01 9.9374154691616337e+00 4.4941047761230023e-03 1.3194565220198886e+01 1.9916494275314887e+00
2.0130735446707498e-01 9.9120167203540515e+00 6.3252711760140631e-03 1.3138420557505937e+01 1.9882564156484754e+00
2.0383323028950279e-01 9.8788493825257184e+00 8.7226703731435665e-03 1.3065250467094478e+01 1.9838216923630370e+00
2.0636863669825409e-01 9.8365945927772920e+00 1.1787710309465311e-02 1.2972272974511027e+01 1.9781652357670865e+00
2.0891613120345276e-01 9.7840450334367990e+00 1.5615754612086301e-02 1.2857017026423643e+01 1.9711198664486440e+00
2.1147861781416816e-01 9.7202030305214073e+00 2.0291620880585177e-02 1.2717550247550768e+01 1.9625439212973792e+00
2.1405930960837752e-01 9.6443117941530438e+00 2.5885371680536701e-02 1.2552554894264569e+01 1.9523251366481134e+00
2.1666168797302687e-01 9.5558519128593939e+00 3.2455227694133067e-02 1.2361323128326635e+01 1.9403800793038493e+00
2.1928948053940794e-01 9.4544014268122414e+00 4.0055334532060505e-02 1.2143455681846532e+01 1.9266352993128033e+00
2.2194667891826228e-01 9.3395654527779843e+00 4.8743984544839782e-02 1.1898713298238382e+01 1.9110171707238046e+00
2.2463664736662040e-01 9.2184342912050692e+00 5.8008801232338189e-02 1.1642682810634680e+01 1.8944675054649713e+00
2.2736080370458533e-01 9.0977298493238177e+00 6.7343084491238547e-02 1.1389776710402218e+01 1.8779041968225876e+00
2.3011951364051869e-01 8.9775484222500577e+00 7.6738449999886826e-02 1.1140179499055721e+01 1.8613399184980901e+00
2.3291325846912966e-01 8.8580347817839105e+00 8.6183391195184519e-02 1.0894168326728792e+01 1.8447943469016543e+00
2.3574249510309259e-01 8.7393039755582809e+00 9.5667125164359754e-02 1.0651949658444165e+01 1.8282834116255293e+00
2.3860765300527520e-01 8.6214558162554820e+00 1.0518076449082521e-01 1.0413690849883372e+01 1.8118211828416528e+00
2.4150913843219915e-01 8.5045654275613725e+00 1.1471600191089135e-01 1.0179502916188943e+01 1.7954185318863225e+00
2.4444733708253319e-01 8.3886995524120689e+00 1.2426596663082495e-01 9.9494750040241868e+00 1.7790853531933926e+00
2.4742261746367455e-01 8.2739064450136421e+00 1.3382405216662183e-01 9.7236552940211265e+00 1.7628290865944931e+00
2.5043533246163707e-01 8.1602301597583331e+00 1.4338481030357544e-01 9.5020807003421019e+00 1.7466567451493624e+00
2.5348582184346685e-01 8.0477002343465251e+00 1.5294285728590487e-01 9.2847570698795820e+00 1.7305733562714216e+00
2.5657441372949052e-01 7.9363447396654383e+00 1.6249379473628550e-01 9.0716857900731931e+00 1.7145838709727501e+00
2.5970142585792516e-01 7.8261797840664924e+00 1.7203315323137305e-01 8.8628437669465878e+00 1.6986915733121790e+00
2.6286716730346449e-01 7.7172219389386774e+00 1.8155733824135220e-01 8.6582080126856180e+00 1.6828998986667119e+00
2.6607193908317195e-01 7.6094774874452149e+00 1.9106258869804449e-01 8.4577355550471829e+00 1.6672108372095518e+00
2.6931603578357644e-01 7.5029545744655630e+00 2.0054594584439223e-01 8.2613866719591833e+00 1.6516266871869558e+00
2.7259974591284303e-01 7.3976521928451220e+00 2.1000421340210751e-01 8.0691048130028111e+00 1.6361484568321094e+00
2.7592335335731166e-01 7.2935722408726855e+00 2.1943495009923342e-01 7.8808388960663187e+00 1.6207775769812691e+00
2.7928713764012181e-01 7.1907082392286279e+00 2.2883542069023702e-01 7.6965232537359842e+00 1.6055142965781661e+00
2.8269137502741870e-01 7.0890574138945173e+00 2.3820361495932160e-01 7.5160993033816377e+00 1.5903593802153697e+00
2.8613633931162324e-01 6.9886091812838425e+00 2.4753718217076140e-01 7.3394954657724680e+00 1.5753124710625539e+00
2.8962230203752753e-01 6.8893572340425600e+00 2.5683447895135048e-01 7.1666484508938488e+00 1.5603738217001804e+00
2.9314953372496610e-01 6.7912878949409716e+00 2.6609347908698266e-01 6.9974831212458666e+00 1.5455425898948774e+00
2.9671830390742909e-01 6.6943922132028755e+00 2.7531285718203441e-01 6.8319335297963573e+00 1.5308186267430415e+00
3.0032888232014943e-01 6.5986541629330269e+00 2.8449086486404129e-01 6.6699226936898599e+00 1.5162006969141917e+00
3.0398153891089691e-01 6.5040628367890045e+00 2.9362645613900662e-01 6.5113835292215958e+00 1.5016883352643480e+00
3.0767654498540770e-01 6.4106004255886377e+00 3.0271812271281151e-01 6.3562384650853927e+00 1.4872799838796096e+00
3.1141417321646192e-01 6.3182545992746881e+00 3.1176506712001517e-01 6.2044204086809129e+00 1.4729749279317954e+00
3.1519469875710482e-01 6.2270061996490700e+00 3.2076599001821682e-01 6.0558521239598830e+00 1.4587713412669721e+00
3.1901839926213854e-01 6.1368418916083529e+00 3.2972031718103267e-01 5.9104673430881416e+00 1.4446683116857479e+00
3.2288555597237933e-01 6.0477415035040405e+00 3.3862693205908490e-01 5.7681898416812460e+00 1.4306637870531942e+00
3.2679645376377919e-01 5.9596910243047940e+00 3.4748546250265744e-01 5.6289547892959249e+00 1.4167566992164369e+00
3.3075138220477790e-01 5.8726695285632058e+00 3.5629495229186936e-01 5.4926874631786378e+00 1.4029448029887182e+00
3.3475063566130236e-01 5.7866625930135642e+00 3.6505521353450521e-01 5.3593249184543517e+00 1.3892269073001200e+00
3.3879451430662832e-01 5.7016487359284147e+00 3.7376543042569155e-01 5.2287942787624724e+00 1.3756005993004372e+00
3.4288332430754254e-01 5.6176133381883009e+00 3.8242558438277469e-01 5.1010348139221238e+00 1.3620645922474324e+00
3.4701737878798838e-01 5.5345345086053399e+00 3.9103498171913026e-01 4.9759757242104179e+00 1.3486163244099976e+00
3.5119699811345140e-01 5.4523976138244583e+00 3.9959376067849789e-01 4.8535587350244089e+00 1.3352544363377761e+00
3.5542251079480358e-01 5.3711804600590307e+00 4.0810133258887693e-01 4.7337152677073577e+00 1.3219762311771217e+00
3.5969425391008314e-01 5.2908685529713395e+00 4.1655798170444497e-01 4.6163896734037690e+00 1.3087802958583845e+00
3.6401257391608405e-01 5.2114394754068440e+00 4.2496320853174602e-01 4.5015156806017842e+00 1.2956638089662438e+00
3.6837782724853901e-01 5.1328790000699742e+00 4.3331743335877115e-01 4.3890403781236200e+00 1.2826253194543800e+00
3.7279038102663081e-01 5.0551645467103175e+00 4.4162023108400666e-01 4.2788998468661292e+00 1.2696618895374985e+00
3.7725061386815384e-01 4.9782822669859854e+00 4.4987214885226090e-01 4.1710439851063708e+00 1.2567720434718308e+00
3.8175891643886201e-01 4.9022094567809757e+00 4.5807282114519260e-01 4.0654112347815685e+00 1.2439527331369205e+00
3.8631569255741793e-01 4.8269327573469507e+00 4.6622291402582355e-01 3.9619543586975872e+00 1.2312024709689182e+00
3.9092135955170737e-01 4.7524293593705176e+00 4.7432210573977163e-01 3.8606141342548681e+00 1.2185181016871205e+00
3.9557634968707694e-01 4.6786865088489034e+00 4.8237117429414395e-01 3.7613462387099763e+00 1.2058981398719679e+00
4.0028111028915625e-01 4.6056812986403477e+00 4.9036982464572421e-01 3.6640937424219371e+00 1.1933393253361737e+00
4.0503610557995606e-01 4.5334017011132683e+00 4.9831893947469796e-01 3.5688152824795254e+00 1.1808401894772960e+00
4.0984181653606788e-01 4.4618247230569734e+00 5.0621823217181194e-01 3.4754561803855135e+00 1.1683973697215317e+00
4.1469874266731444e-01 4.3909391706960434e+00 5.1406868062172806e-01 3.3839780907216217e+00 1.1560094409774753e+00
4.1960740320211382e-01 4.3207220534551771e+00 5.2186998666675677e-01 3.2943285443648285e+00 1.1436729221208870e+00
4.2456833677523814e-01 4.2511630923064088e+00 5.2962321231638232e-01 3.2064722932338987e+00 1.1313864783393686e+00
4.2958210489361914e-01 4.1822394081194956e+00 5.3732802051961293e-01 3.1203590701215318e+00 1.1191465022531690e+00
4.3464928983013834e-01 4.1139418128181564e+00 5.4498554362051788e-01 3.0359568601947333e+00 1.1069517989056186e+00
4.3977049960638243e-01 4.0462476661246098e+00 5.5259536886563976e-01 2.9532176322568851e+00 1.0947986415839195e+00
4.4494636475292948e-01 3.9791491604515885e+00 5.6015867622476756e-01 2.8721128322405947e+00 1.0826860403172127e+00
4.5017754316825254e-01 3.9126240649423907e+00 5.6767492515159323e-01 2.7925968240129642e+00 1.0706102008502376e+00
4.5546472003796734e-01 3.8466665635212314e+00 5.7514530521304918e-01 2.7146448672722117e+00 1.0585703839068510e+00
4.6080860735007478e-01 3.7812550795388127e+00 5.8256907058772078e-01 2.6382140551782092e+00 1.0465628473945678e+00
4.6620994759035739e-01 3.7163866888254620e+00 5.8994734497732326e-01 2.5632841855243016e+00 1.0345872483742036e+00
4.7166951111740274e-01 3.6520412601893031e+00 5.9727904577235280e-01 2.4898157869868327e+00 1.0226400564506928e+00
4.7718809803904993e-01 3.5882201881151423e+00 6.0456508354562077e-01 2.4177945739803115e+00 1.0107216588833512e+00
4.8276654113247880e-01 3.5249067582573237e+00 6.1180379217321801e-01 2.3471860989869855e+00 9.9882901589746276e-01
4.8840569647886051e-01 3.4621095038452481e+00 6.1899555099789549e-01 2.2779848020536249e+00 9.8696393031049878e-01
4.9410644880251381e-01 3.3998193363644824e+00 6.2613756939644583e-01 2.2101652349814129e+00 9.7512471236698184e-01
4.9986970209007847e-01 3.3380591458744235e+00 6.3322893320894558e-01 2.1437370515076002e+00 9.6331593801614745e-01
5.0569636866978374e-01 3.2768376817278262e+00 6.4026444520069170e-01 2.0786936526324302e+00 9.5153949685556305e-01
5.1158735448237735e-01 3.2162097936462448e+00 6.4723992922224105e-01 2.0150762505909046e+00 9.3980634654420114e-01
5.1754353340464121e-01 3.1562294101665711e+00 6.5414455955932715e-01 1.9529221920452864e+00 9.2812749245414650e-01
5.2356569085872884e-01 3.0970269076510926e+00 6.6096590227491769e-01 1.8923443773559923e+00 9.1652951384488657e-01
5.2965445878908379e-01 3.0387681174020211e+00 6.6767968653378962e-01 1.8334843049844334e+00 9.0504650280059595e-01
5.3581019058882029e-01 2.9817589891003697e+00 6.7425381620863367e-01 1.7766148082362399e+00 8.9374165453875154e-01
5.4203278090439289e-01 2.9264141125775422e+00 6.8063461920641510e-01 1.7221001030402754e+00 8.8270150948842041e-01
5.4832140495153148e-01 2.8733881826413326e+00 6.8675056862515982e-01 1.6705178932304792e+00 8.7206345978019184e-01
5.5467419437145615e-01 2.8235237672259523e+00 6.9249788700192139e-01 1.6225964260774535e+00 8.6200607459643441e-01
5.6108784256637745e-01 2.7779439190684676e+00 6.9775233948543858e-01 1.5792968037064272e+00 8.5276926913413820e-01
5.6755727355178764e-01 2.7378539183125268e+00 7.0236758952457967e-01 1.5416197910900813e+00 8.4461397708917407e-01
5.7407548736105418e-01 2.7044373842613956e+00 7.0621310201209397e-01 1.5105295141192576e+00 8.3780614939165743e-01
5.8063382820659548e-01 2.6784427289316510e+00 7.0919605719420009e-01 1.4865570820543217e+00 8.3251196637342162e-01
5.8722266921096611e-01 2.6599798422310750e+00 7.1131313117779882e-01 1.4696577301887377e+00 8.2876063956713275e-01
5.9383257250997823e-01 2.6482071668202627e+00 7.1265377850023703e-01 1.4589843208108806e+00 8.2639927443593963e-01
6.0045542183832890e-01 2.6416396472880943e+00 7.1339226897459285e-01 1.4531256525085867e+00 8.2512710656828114e-01
6.0708522275703625e-01 2.6385038983093962e+00 7.1373225860333456e-01 1.4504359705533387e+00 8.2457863989666391e-01
6.1371822283918198e-01 2.6372302854992866e+00 7.1385469321665329e-01 1.4494723890266543e+00 8.2442879391109181e-01
6.2035251746610687e-01 2.6367364799906823e+00 7.1388455757126557e-01 1.4492443843253753e+00 8.2445348368515936e-01
6.2698735283939877e-01 2.6364481001818461e+00 7.1388773950257067e-01 1.4492287557375387e+00 8.2453477216424986e-01
6.3362256899289682e-01 2.6361522693957733e+00 7.1388828428543205e-01 1.4492342980875328e+00 8.2463045567150139e-01
6.4025821894352009e-01 2.6357340334326773e+00 7.1389898270460916e-01 1.4491600914068554e+00 8.2471907618056917e-01
6.4689463899213751e-01 2.6349527158926032e+00 7.1394700355077712e-01 1.4487909459959483e+00 8.2475347883339323e-01
6.5353206878107439e-01 2.6342093828112381e+00 7.1398511980451773e-01 1.4485011670134917e+00 8.2482120240626755e-01
6.6017043734763969e-01 2.6335860312149846e+00 7.1400277867847306e-01 1.4483744909085887e+00 8.2494428152802290e-01
6.6680962663040044e-01 2.6329130701796712e+00 7.1401825609281322e-01 1.4482662479859783e+00 8.2509346646629755e-01
6.7344973738805591e-01 2.6321659159245492e+00 7.1403267616013455e-01 1.4481676115057258e+00 8.2527146336654256e-01
6.8009082022733514e-01 2.6313416931221751e+00 7.1404413239190279e-01 1.4480937956765294e+00 8.2548788672803497e-01
6.8673303470145308e-01 2.6304152491649462e+00 7.1405254765652870e-01 1.4480456124436760e+00 8.2575115064249283e-01
6.9337644791540165e-01 2.6293399634372348e+00 7.1405921228279878e-01 1.4480130416272849e+00 8.2607026578698095e-01
7.0002134790066595e-01 2.6280583953873191e+00 7.1406493162809737e-01 1.4479899166649053e+00 8.2645989861167213e-01
7.0666789599636504e-01 2.6264947511341052e+00 7.1406978490859774e-01 1.4479758907134632e+00 8.2694390884746793e-01
7.1331659120791358e-01 2.6245304048360873e+00 7.1407369407135624e-01 1.4479719280026306e+00 8.2756057540876293e-01
7.1996770452319292e-01 2.6219601411790849e+00 7.1407677502891398e-01 1.4479775125670693e+00 8.2837501407396663e-01
7.2662215969679456e-01 2.6184020961672774e+00 7.1407937275117694e-01 1.4479904087113873e+00 8.2950804853324667e-01
7.3328049465453371e-01 2.6131107521052015e+00 7.1408191688945444e-01 1.4480078314233253e+00 8.3119773832209332e-01
7.3994467103057793e-01 2.6046101985352017e+00 7.1408473920311821e-01 1.4480279383132173e+00 8.3392206200043040e-01
7.4661589591362376e-01 2.5901111023047414e+00 7.1408833976926545e-01 1.4480477612622824e+00 8.3860172637407837e-01
7.5329931658781724e-01 2.5718323324149388e+00 7.1409365504231881e-01 1.4480612558013346e+00 8.4456978642243652e-01
7.5999904918423100e-01 2.5604280119849503e+00 7.1409893719884454e-01 1.4480840333995808e+00 8.4834490168518673e-01
7.6674297393795687e-01 2.5597177907510673e+00 7.1410393286781704e-01 1.4481208969578525e+00 8.4860188622567700e-01
7.7354794102809210e-01 2.5797308619879096e+00 7.1410928508344129e-01 1.4481707141031133e+00 8.4204755742649651e-01
7.8051292440883602e-01 2.6498136786881350e+00 7.1411523645676478e-01 1.4482398134952690e+00 8.1981602620392213e-01
7.8519814984764347e-01 2.7478755381493678e+00 7.1411358042009176e-01 1.4483392331941132e+00 7.9061399238420571e-01
7.8660526599433267e-01 2.8285684404874627e+00 7.1411585875461892e-01 1.4483486780459351e+00 7.6806450428135986e-01
7.8704297277128621e-01 2.9205561674081784e+00 7.1409618721272272e-01 1.4485170567170089e+00 7.4395952706628599e-01
7.8736583336590749e-01 3.0689755312462577e+00 7.1410582296185865e-01 1.4484471650123238e+00 7.0794658523595388e-01
7.8768050133343737e-01 3.2945115451343794e+00 7.1411113962645090e-01 1.4484112761680970e+00 6.5946556401080292e-01
7.8800014921016182e-01 3.6022730379309338e+00 7.1413432819973977e-01 1.4482231718330942e+00 6.0304555897777878e-01
7.8832882211808308e-01 3.9393809470580416e+00 7.1414906135190548e-01 1.4481011694860397e+00 5.5139418690930064e-01
7.8865923812838257e-01 4.2284148862210085e+00 7.1415497206283185e-01 1.4480531754074804e+00 5.1368652829912753e-01
7.8899356703142454e-01 4.4586394741173301e+00 7.1415637776382057e-01 1.4480455543203616e+00 4.8715944495838459e-01
7.8932835328348783e-01 4.6380907539633176e+00 7.1415014331022075e-01 1.4481085427644516e+00 4.6833124433594397e-01
7.8966404314715799e-01 4.7749145798298009e+00 7.1412042429518441e-01 1.4483895482902773e+00 4.5499962064512078e-01
7.9000082260830862e-01 4.8780289002071644e+00 7.1408901491481824e-01 1.4486908871298703e+00 4.4547426330387641e-01
7.9033883995267185e-01 4.9533227183543698e+00 7.1407683800548405e-01 1.4488184323360236e+00 4.3874138070011343e-01
7.9067759377146962e-01 5.0075771356896315e+00 7.1407476626149513e-01 1.4488522686501133e+00 4.3399798826581054e-01
7.9101699562725725e-01 5.0453236270943949e+00 7.1407939539053267e-01 1.4488221033807611e+00 4.3074207240154938e-01
7.9135705426698000e-01 5.0706917762158676e+00 7.1410752922460485e-01 1.4485706921750814e+00 4.2851274227599984e-01
7.9169765450712448e-01 5.0869869867515529e+00 7.1414084971616676e-01 1.4482697356692078e+00 4.2705133886946800e-01
7.9203859561429657e-01 5.0974606448086615e+00 7.1415385657214170e-01 1.4481583140913077e+00 4.2614109700860647e-01
7.9237985930477906e-01 5.1037198777689383e+00 7.1415669620612809e-01 1.4481421330102826e+00 4.2561371931427283e-01
7.9272160653843471e-01 5.1072447513848260e+00 7.1415156908761090e-01 1.4482008714884020e+00 4.2533722446796479e-01
7.9306349208764293e-01 5.1092392281559329e+00 7.1412580141699467e-01 1.4484533555180727e+00 4.2524531270799187e-01
7.9340597093655862e-01 5.1099103531627854e+00 7.1410873742784864e-01 1.4486246202046669e+00 4.2523973614567578e-01
7.9374844275266110e-01 5.1097487819817076e+00 7.1410596887304800e-01 1.4486619573270796e+00 4.2526414285828551e-01
7.9409102499656714e-01 5.1089511468094386e+00 7.1411081344682059e-01 1.4486278809025814e+00 4.2532053231921840e-01
7.9443398396547216e-01 5.1067415535928973e+00 7.1414244348819356e-01 1.4483429499351845e+00 4.2542086810214297e-01
7.9477710172917326e-01 5.1034058347849882e+00 7.1417768248920799e-01 1.4480245463985639e+00 4.2560534864642130e-01
7.9512059797140355e-01 5.0994807487040124e+00 7.1418947648877695e-01 1.4479263598680652e+00 4.2590405706582263e-01
7.9546403094492801e-01 5.0955768452686012e+00 7.1419081468961998e-01 1.4479269389978875e+00 4.2623052785740978e-01
7.9580780714932009e-01 5.0927023480001381e+00 7.1417062850104585e-01 1.4481300867744022e+00 4.2653094206744796e-01
7.9615166604360055e-01 5.0910971130485292e+00 7.1411231126489971e-01 1.4486911617335767e+00 4.2683073890514711e-01
7.9649560946792430e-01 5.0893789167827128e+00 7.1407841094595814e-01 1.4490244459875370e+00 4.2707306815255214e-01
7.9683957987104148e-01 5.0874393420251449e+00 7.1406901768457642e-01 1.4491277383985977e+00 4.2726634392315332e-01
7.9718358905971221e-01 5.0854724162926042e+00 7.1407165122926841e-01 1.4491175606202011e+00 4.2742859718723020e-01
7.9752800178733574e-01 5.0829550863044908e+00 7.1411078646222648e-01 1.4487654804931447e+00 4.2753638067647798e-01
7.9787228253976017e-01 5.0800857268467183e+00 7.1417575696295843e-01 1.4481716896892176e+00 4.2760253494426315e-01
7.9821683055658821e-01 5.0780706895075669e+00 7.1420430093664533e-01 1.4479187257717487e+00 4.2769749014034214e-01
7.9856152741395947e-01 5.0766112937559589e+00 7.1421119277929157e-01 1.4478683656210671e+00 4.2780556216758925e-01
7.9890609107851240e-01 5.0755972101278592e+00 7.1420126707588305e-01 1.4479754174950525e+00 4.2792267319964600e-01
7.9925102844082874e-01 5.0756941157002107e+00 7.1413997635468263e-01 1.4485630549101212e+00 4.2808816544797434e-01
7.9959581279884495e-01 5.0757206796644772e+00 7.1408653022506630e-01 1.4490777005140341e+00 4.2823801543680190e-01
7.9994069170192550e-01 5.0750778012633555e+00 7.1407069837359116e-01 1.4492409771960131e+00 4.2834052026805841e-01
8.0028579103765507e-01 5.0741718777019793e+00 7.1407100789900890e-01 1.4492537185247445e+00 4.2842076109799343e-01
8.0063046198712939e-01 5.0725119318646827e+00 7.1411210132669323e-01 1.4488855330705197e+00 4.2845208228161863e-01
8.0097542076767481e-01 5.0700268054904569e+00 7.1419719225748546e-01 1.4481066331895258e+00 4.2843164999285660e-01
8.0132081910576536e-01 5.0684401730671338e+00 7.1423849656897109e-01 1.4477378588290493e+00 4.2845662848762400e-01
8.0166609092884644e-01 5.0675267411583169e+00 7.1424759868420629e-01 1.4476707992260658e+00 4.2851400885607233e-01
8.0201147162136610e-01 5.0670735392902202e+00 7.1423563206447416e-01 1.4478014161918182e+00 4.2859100177810572e-01
8.0235668713346109e-01 5.0682308553729012e+00 7.1414419046922817e-01 1.4486755127349016e+00 4.2875183295936709e-01
8.0270176699018625e-01 5.0694024223509615e+00 7.1405491043940028e-01 1.4495295289541166e+00 4.2890544334076258e-01
8.0304729998095392e-01 5.0694845895056728e+00 7.1402402968304479e-01 1.4498369503539472e+00 4.2898945388509047e-01
8.0339258800705327e-01 5.0690887955585602e+00 7.1402061775417291e-01 1.4498872168179355e+00 4.2903782374703103e-01
8.0373759474647521e-01 5.0678068394340441e+00 7.1406525203567051e-01 1.4494881640977888e+00 4.2902823944045471e-01
8.0408324048805491e-01 5.0649093268163039e+00 7.1419477870189163e-01 1.4482957356270432e+00 4.2892053208899544e-01
8.0442901442660653e-01 5.0630201307384493e+00 7.1427483191802987e-01 1.4475661556055046e+00 4.2886442821462023e-01
8.0477433912936136e-01 5.0622931393347601e+00 7.1429699575341843e-01 1.4473778769263850e+00 4.2887022849784612e-01
8.0511992798581256e-01 5.0620893386417753e+00 7.1429325427016610e-01 1.4474321690792964e+00 4.2890358276479801e-01
8.0546572576950637e-01 5.0635096376415145e+00 7.1420709816339145e-01 1.4482573173584909e+00 4.2902771624813019e-01
8.0581127761762594e-01 5.0658406136660092e+00 7.1407484499578389e-01 1.4495144471507155e+00 4.2920254238962574e-01
8.0615672854983422e-01 5.0665673749517799e+00 7.1402495313401659e-01 1.4500028774735436e+00 4.2928558040363879e-01
8.0650215382853996e-01 5.0664955060011838e+00 7.1401664198870141e-01 1.4501035672027358e+00 4.2932148034626033e-01
8.0684762341904159e-01 5.0653883040908223e+00 7.1406240406184740e-01 1.4496996636702226e+00 4.2929571534509237e-01
8.0719320169631037e-01 5.0618286987288803e+00 7.1423483920655906e-01 1.4481127065791208e+00 4.2912733503094508e-01
8.0753907506753175e-01 5.0592689180395913e+00 7.1435812602146920e-01 1.4469862764807429e+00 4.2901048548377024e-01
8.0788473735644628e-01 5.0584473650415678e+00 7.1439461499123902e-01 1.4466713244876452e+00 4.2898676809966874e-01
8.0823043548238904e-01 5.0584872975293083e+00 7.1438906882253439e-01 1.4467493580667448e+00 4.2900652101272646e-01
8.0857635348532797e-01 5.0607974034214216e+00 7.1426936609109704e-01 1.4478941612243263e+00 4.2915000714476070e-01
8.0892209905541401e-01 5.0654747286004032e+00 7.1403044717064867e-01 1.4501541093945325e+00 4.2942296243432593e-01
8.0926746806636163e-01 5.0676398883744422e+00 7.1392102382360367e-01 1.4512044644423612e+00 4.2955039122991051e-01
8.0961275539972477e-01 5.0681144228391686e+00 7.1389890846829718e-01 1.4514387725094415e+00 4.2957951954536050e-01
8.0995827541557563e-01 5.0676325647121319e+00 7.1392628755187804e-01 1.4512106450836997e+00 4.2955284145570327e-01
8.1030389024562754e-01 5.0637058322997497e+00 7.1412983974267263e-01 1.4493358521060917e+00 4.2933058320486689e-01
8.1064966679176953e-01 5.0592543808001995e+00 7.1436072529301053e-01 1.4472074618131185e+00 4.2907729663838928e-01
8.1099523608717350e-01 5.0577874664234335e+00 7.1444025384597909e-01 1.4464947404018065e+00 4.2899036881378139e-01
8.1134103511044831e-01 5.0576598530079497e+00 7.1445263208079268e-01 1.4464102775567826e+00 4.2897614299720749e-01
8.1168703939562636e-01 5.0594367799423656e+00 7.1436929075365352e-01 1.4472210402890351e+00 4.2906585354314503e-01
8.1203274050938057e-01 5.0652741488296229e+00 7.1407961060455449e-01 1.4499618321541143e+00 4.2938302732019179e-01
8.1237806450148053e-01 5.0688362097632975e+00 7.1390552724588940e-01 1.4516243176195267e+00 4.2957325632957688e-01
8.1272341289277272e-01 5.0697797167254377e+00 7.1386382498729772e-01 1.4520497257830334e+00 4.2961917684292689e-01
8.1306892238877104e-01 5.0694371379616321e+00 7.1388664792751355e-01 1.4518722862073197e+00 4.2959570659291252e-01
8.1341437805987393e-01 5.0650410184910584e+00 7.1411543217573359e-01 1.4497691515081284e+00 4.2934572875582555e-01
8.1375997891766172e-01 5.0586790284995811e+00 7.1444429954848665e-01 1.4467328489924978e+00 4.2898536579665231e-01
8.1410582387809982e-01 5.0562253920962625e+00 7.1457307402119019e-01 1.4455681548334307e+00 4.2884801687038082e-01
8.1445166737317920e-01 5.0557576447443404e+00 7.1459977151949783e-01 1.4453577256882388e+00 4.2882526040110280e-01
8.1479751877584095e-01 5.0576264183384785e+00 7.1450596348174500e-01 1.4462736586216767e+00 4.2893846015720660e-01
8.1514331588617950e-01 5.0654320020017769e+00 7.1410782771567993e-01 1.4500356860465016e+00 4.2939151650050900e-01
8.1548869786409794e-01 5.0711924699191533e+00 7.1381395091632260e-01 1.4528271867372304e+00 4.2972945575078669e-01
8.1583387982506372e-01 5.0728118678683742e+00 7.1373276592556856e-01 1.4536306312396070e+00 4.2982984657297113e-01
8.1617908792481630e-01 5.0726498227678771e+00 7.1374404248824774e-01 1.4535699666675284e+00 4.2982563870564744e-01
8.1652443914482320e-01 5.0677267251991367e+00 7.1399923327863990e-01 1.4512280706398257e+00 4.2955001798645709e-01
8.1687005172921734e-01 5.0582357785658303e+00 7.1448833847496340e-01 1.4467029731064702e+00 4.2901409793020451e-01
8.1721577150768376e-01 5.0540382800567345e+00 7.1470806335263815e-01 1.4446998478313304e+00 4.2877589200267574e-01
8.1756168398494355e-01 5.0532144269026196e+00 7.1475650684691550e-01 1.4442981259215548e+00 4.2872655024264644e-01
8.1790777970826445e-01 5.0547494711922063e+00 7.1468544073479767e-01 1.4450138507833472e+00 4.2880874483059045e-01
8.1825356912340319e-01 5.0645374287080838e+00 7.1419396420598924e-01 1.4496605449006630e+00 4.2935625374688691e-01
8.1859887335009640e-01 5.0734722724190640e+00 7.1374694842057052e-01 1.4538991791445126e+00 4.2985329407879591e-01
8.1894390410551954e-01 5.0764410061813692e+00 7.1360513111528778e-01 1.4552849737398548e+00 4.3001139143579581e-01
8.1928893643603118e-01 5.0766585691362653e+00 7.1360468826637868e-01 1.4553488207643521e+00 4.3001182794098047e-01
8.1963412074881292e-01 5.0709885046211571e+00 7.1390585368537562e-01 1.4525904377122900e+00 4.2967670989252515e-01
8.1997950081115090e-01 5.0574740634749471e+00 7.1460920265592276e-01 1.4460768747635993e+00 4.2889301752642467e-01
8.2032529519261177e-01 5.0506063059894650e+00 7.1497619997560202e-01 1.4427164087659812e+00 4.2847818302183177e-01
8.2067145050435497e-01 5.0492290472601242e+00 7.1506418749078193e-01 1.4419646354800242e+00 4.2837172427218789e-01
8.2101756972451700e-01 5.0506315887337250e+00 7.1500914694622686e-01 1.4425503574940826e+00 4.2842672212875260e-01
8.2136343463812467e-01 5.0628616037110863e+00 7.1439974981184973e-01 1.4483182599577569e+00 4.2910068652562128e-01
8.2170869364012455e-01 5.0787304840629908e+00 7.1360371503893782e-01 1.4558474861956194e+00 4.2998368118687985e-01
8.2205360687206319e-01 5.0846481051655399e+00 7.1331411831796487e-01 1.4586432854414848e+00 4.3030803369449577e-01
8.2239813799412109e-01 5.0858113757165802e+00 7.1326660374984763e-01 1.4591722124773929e+00 4.3036561071982299e-01
8.2274263398231107e-01 5.0807828888092903e+00 7.1353444785894715e-01 1.4567462456994669e+00 4.3007532822590161e-01
8.2308781643472406e-01 5.0619791170367625e+00 7.1450433320868123e-01 1.4477539335284342e+00 4.2900826931184660e-01
8.2343365116457035e-01 5.0492151753601915e+00 7.1516709095573439e-01 1.4416539418842795e+00 4.2828060158322645e-01
8.2377977128390723e-01 5.0455374027384554e+00 7.1536710465708186e-01 1.4398822931120911e+00 4.2806608439685662e-01
8.2412580729023932e-01 5.0461638534248321e+00 7.1534783435580929e-01 1.4401601301261606e+00 4.2809553116732135e-01
8.2447182692329857e-01 5.0578089989725976e+00 7.1476631018112669e-01 1.4456919963567383e+00 4.2875047179037529e-01
8.2481729534070025e-01 5.0810338305478959e+00 7.1359525342906938e-01 1.4567602286053969e+00 4.3005821566680419e-01
8.2516179769647380e-01 5.0914362231905725e+00 7.1307856570621109e-01 1.4617190609584823e+00 4.3064049029052426e-01
8.2550575752747213e-01 5.0933098916128294e+00 7.1299726299170141e-01 1.4625972264773295e+00 4.3074069444089585e-01
8.2584992805800062e-01 5.0886684842556908e+00 7.1324995947947667e-01 1.4603431344898108e+00 4.3046913126924163e-01
8.2619478701647175e-01 5.0645502745139073e+00 7.1449824871018863e-01 1.4487671383286593e+00 4.2909055882589031e-01
8.2654043465929261e-01 5.0453373806476494e+00 7.1550304978992052e-01 1.4395064077973603e+00 4.2797130276724227e-01
8.2688662916578215e-01 5.0398478571198089e+00 7.1581385911429807e-01 1.4367406966401530e+00 4.2761430623658553e-01
8.2723298296010950e-01 5.0399273761449432e+00 7.1584012110147233e-01 1.4366345644184122e+00 4.2757597199266545e-01
8.2757920380296834e-01 5.0511119557439113e+00 7.1529666340673892e-01 1.4418507459440346e+00 4.2817821855178517e-01
8.2792458214585929e-01 5.0841685560313490e+00 7.1363867929663838e-01 1.4575224919007108e+00 4.3001794959324813e-01
8.2826856985141672e-01 5.1043404928790537e+00 7.1264136829364177e-01 1.4670530911254422e+00 4.3111928754716511e-01
8.2861201619614033e-01 5.1090552815010088e+00 7.1243170437535064e-01 1.4691946535732989e+00 4.3135019273318331e-01
8.2895556432189021e-01 5.1042983330515490e+00 7.1269925350846630e-01 1.4668631697210033e+00 4.3106703625336146e-01
8.2929968332038995e-01 5.0705632860426935e+00 7.1444603724753475e-01 1.4507387567229886e+00 4.2916496892455119e-01
8.2964510625963839e-01 5.0422948016590459e+00 7.1590191322729391e-01 1.4372965530435577e+00 4.2757215005675087e-01
8.2999142395780756e-01 5.0338806783588543e+00 7.1632987179093732e-01 1.4332028783385620e+00 4.2706699957153577e-01
8.3033821779938799e-01 5.0324268695246523e+00 7.1627308137043810e-01 1.4320857034043475e+00 4.2685738129949746e-01
8.3068643221394955e-01 5.0299709643691974e+00 7.1502973171334783e-01 1.4302902957870913e+00 4.2653038335176413e-01
8.3104581649666709e-01 4.9467790317426923e+00 7.0716968542266512e-01 1.3925710606119421e+00 4.2226599925204927e-01
8.3151180417404125e-01 4.2072735392083862e+00 6.5052651948213536e-01 1.0411456805081691e+00 3.7119490953186196e-01
8.3238446322581983e-01 2.3100393535542265e+00 4.4440329355962110e-01 3.3821325517515050e-01 2.1961525546400903e-01
8.3400978045367735e-01 1.2755681536776744e+00 1.1805134261772210e-01 3.6568034088611520e-02 4.3002054398088976e-02
8.3627097382535676e-01 1.0197586304490969e+00 5.2279676804967848e-03 5.3687635558691792e-04 7.8971092701193423e-04
8.3875044947778754e-01 1.0003758674792878e+00 3.1483306922969411e-05 1.4213291025449721e-06 2.1311926078240783e-06
8.4125000177363507e-01 1.0000014479795585e+00 1.5241397733472995e-08 1.0000205539761886e-06 1.5000286589534476e-06
8.4375000000060796e-01 1.0000000005664560e+00 1.2735423499434492e-12 1.0000000026377798e-06 1.5000000031069855e-06
8.4624999999999995e-01 1.0000000000000702e+00 3.1205405815881047e-15 1.0000000002508003e-06 1.5000000003760952e-06
8.4875000000000000e-01 9.9999999999999467e-01 3.9606760865340076e-16 1.0000000004173337e-06 1.5000000006260084e-06
8.5125000000000006e-01 9.9999999999998335e-01 2.0170281205419927e-15 9.9999999997324451e-07 1.4999999999598918e-06
8.5375000000000001e-01 9.9999999999997691e-01 4.9383338583144023e-16 9.9999999980671106e-07 1.4999999997101011e-06
8.5624999999999996e-01 1.0000000000000455e+00 -5.9381511915524489e-16 9.9999999980671106e-07 1.4999999997099982e-06
8.5875000000000001e-01 1.0000000000000044e+00 2.9145664997314422e-17 9.9999999969568876e-07 1.4999999995435264e-06
8.6125000000000007e-01 9.9999999999997324e-01 -1.6440575521096363e-15 1.0000000003618226e-06 1.5000000005427737e-06
8.6375000000000002e-01 1.0000000000000209e+00 8.9678966198354025e-16 9.9999999980671106e-07 1.4999999997100350e-06
8.6624999999999996e-01 9.9999999999999589e-01 8.3804163871769783e-16 1.0000000000287557e-06 1.5000000000431394e-06
8.6875000000000002e-01 1.0000000000000020e+00 -2.8493028221687385e-16 9.9999999936262185e-07 1.4999999990439298e-06
8.7125000000000008e-01 9.9999999999999267e-01 -4.1249514560217493e-16 1.0000000002508003e-06 1.5000000003762114e-06
8.7375000000000003e-01 9.9999999999999745e-01 -1.4754119274342032e-15 1.0000000000842668e-06 1.5000000001264038e-06
8.7624999999999997e-01 9.9999999999999900e-01 -6.6701058802657694e-16 1.0000000004728449e-06 1.5000000007092688e-06
8.7875000000000003e-01 1.0000000000000115e+00 1.1551384469974547e-15 9.9999999969568876e-07 1.4999999995435156e-06
8.8125000000000009e-01 9.9999999999999878e-01 6.2499802460995400e-16 1.0000000006393783e-06 1.5000000009590692e-06
8.8375000000000004e-01 9.9999999999999756e-01 1.0173325025081285e-15 1.0000000000287557e-06 1.5000000000431371e-06
8.8624999999999998e-01 9.9999999999999389e-01 -7.5033806524273391e-16 1.0000000000287557e-06 1.5000000000431426e-06
8.8875000000000004e-01 9.9999999999998523e-01 -8.8069312333844293e-17 1.0000000000287557e-06 1.5000000000431555e-06
8.9125000000000010e-01 1.0000000000000122e+00 7.3959845938884639e-16 9.9999999969568876e-07 1.4999999995435145e-06
8.9375000000000004e-01 1.0000000000000069e+00 -1.3570237448281268e-15 1.0000000001397780e-06 1.5000000002096564e-06
8.9624999999999999e-01 9.9999999999998768e-01 9.8484370322310439e-16 1.0000000001952891e-06 1.5000000002929519e-06
8.9874999999999994e-01 1.0000000000000091e+00 -3.3414107759438444e-16 1.0000000000287557e-06 1.5000000000431197e-06
9.0125000000000000e-01 1.0000000000000000e+00 1.1212949187257014e-16 9.9999999997324451e-07 1.4999999999598666e-06
9.0375000000000005e-01 9.9999999999999745e-01 -3.3888770445883342e-16 1.0000000000842668e-06 1.5000000001264038e-06
9.0625000000000000e-01 9.9999999999998646e-01 4.5403705198900255e-16 1.0000000003063114e-06 1.5000000004594872e-06
9.0874999999999995e-01 1.0000000000000135e+00 7.9294419395154514e-16 9.9999999969568876e-07 1.4999999995435126e-06
9.1125000000000000e-01 9.9999999999999944e-01 -9.8410835702696412e-16 9.9999999991773336e-07 1.4999999998766009e-06
9.1375000000000006e-01 1.0000000000000218e+00 -6.1230845630543086e-16 1.0000000000287557e-06 1.5000000000431007e-06
9.1625000000000001e-01 9.9999999999997879e-01 -3.5988591625291880e-16 1.0000000003618226e-06 1.5000000005427654e-06
9.1874999999999996e-01 1.0000000000000091e+00 9.7521274935285029e-16 1.0000000000287557e-06 1.5000000000431197e-06
9.2125000000000001e-01 1.0000000000000013e+00 2.0317470423288558e-17 9.9999999997324451e-07 1.4999999999598647e-06
9.2375000000000007e-01 1.0000000000000016e+00 -6.3225579520613974e-17 1.0000000000287557e-06 1.5000000000431312e-06
9.2625000000000002e-01 1.0000000000000016e+00 -2.8544998117788617e-16 1.0000000000287557e-06 1.5000000000431312e-06
9.2874999999999996e-01 9.9999999999998979e-01 -3.0878821970421839e-16 1.0000000000287557e-06 1.5000000000431485e-06
9.3125000000000002e-01 1.0000000000000024e+00 1.4911701451853919e-15 1.0000000000287557e-06 1.5000000000431295e-06
9.3375000000000008e-01 9.9999999999999345e-01 -5.7707623300061398e-16 9.9999999991773336e-07 1.4999999998766098e-06
9.3625000000000003e-01 1.0000000000000024e+00 -4.1423008881641515e-16 1.0000000001397780e-06 1.5000000002096629e-06
9.3874999999999997e-01 9.9999999999999900e-01 2.6981782985732301e-17 9.9999999997324451e-07 1.4999999999598683e-06
9.4125000000000003e-01 1.0000000000000029e+00 4.3533606618519835e-17 9.9999999980671106e-07 1.4999999997100619e-06
9.4375000000000009e-01 1.0000000000000016e+00 1.8115417347142665e-16 1.0000000000287557e-06 1.5000000000431312e-06
9.4625000000000004e-01 1.0000000000000016e+00 -6.0208921639125473e-18 1.0000000000287557e-06 1.5000000000431312e-06
9.4874999999999998e-01 9.9999999999999534e-01 -2.7846009196858299e-17 9.9999999997324451e-07 1.4999999999598735e-06
9.5125000000000004e-01 1.0000000000000036e+00 -9.7582198908950166e-16 1.0000000000842668e-06 1.5000000001263947e-06
9.5375000000000010e-01 9.9999999999999944e-01 6.6409459023380267e-16 1.0000000001952891e-06 1.5000000002929345e-06
9.5625000000000004e-01 9.9999999999999944e-01 -1.5511102291329533e-16 9.9999999991773336e-07 1.4999999998766009e-06
9.5874999999999999e-01 1.0000000000000000e+00 1.4975995834337257e-15 9.9999999997324451e-07 1.4999999999598666e-06
9.6124999999999994e-01 1.0000000000000000e+00 0.0000000000000000e+00 9.9999999997324451e-07 1.4999999999598666e-06
9.6375000000000000e-01 1.0000000000000000e+00 0.0000000000000000e+00 9.9999999997324451e-07 1.4999999999598666e-06
9.6625000000000005e-01 1.0000000000000000e+00 0.0000000000000000e+00 9.9999999997324451e-07 1.4999999999598666e-06
9.6875000000000000e-01 1.0000000000000000e+00 0.0000000000000000e+00 9.9999999997324451e-07 1.4999999999598666e-06
9.7124999999999995e-01 1.0000000000000000e+00 0.0000000000000000e+00 9.9999999997324451e-07 1.4999999999598666e-06
9.7375000000000000e-01 1.0000000000000000e+00 0.0000000000000000e+00 9.9999999997324451e-07 1.4999999999598666e-06
9.7625000000000006e-01 1.0000000000000000e+00 0.0000000000000000e+00 9.9999999997324451e-07 1.4999999999598666e-06
9.7875000000000001e-01 1.0000000000000000e+00 0.0000000000000000e+00 9.9999999997324451e-07 1.4999999999598666e-06
9.8124999999999996e-01 1.0000000000000000e+00 0.0000000000000000e+00 9.9999999997324451e-07 1.4999999999598666e-06
9.8375000000000001e-01 1.0000000000000000e+00 0.0000000000000000e+00 9.9999999997324451e-07 1.4999999999598666e-06
9.8625000000000007e-01 1.0000000000000000e+00 0.0000000000000000e+00 9.9999999997324451e-07 1.4999999999598666e-06
9.8875000000000002e-01 1.0000000000000000e+00 0.0000000000000000e+00 9.9999999997324451e-07 1.4999999999598666e-06
9.9124999999999996e-01 1.0000000000000000e+00 0.0000000000000000e+00 9.9999999997324451e-07 1.4999999999598666e-06
9.9375000000000002e-01 1.0000000000000000e+00 0.0000000000000000e+00 9.9999999997324451e-07 1.4999999999598666e-06
9.9625000000000008e-01 1.0000000000000000e+00 0.0000000000000000e+00 9.9999999997324451e-07 1.4999999999598666e-06
9.9875000000000003e-01 1.0000000000000000e+00 0.0000000000000000e+00 9.9999999997324451e-07 1.4999999999598666e-06
