1.2500000000000239e-03 9.9999999999997602e+00 9.9303254516195786e-15 1.3333333333332865e+01 1.9999999999999774e+00
3.7500000000000753e-03 9.9999999999996820e+00 2.0485798980682010e-14 1.3333333333332629e+01 1.9999999999999578e+00
6.2500000000001573e-03 9.9999999999994333e+00 4.0320740603748671e-14 1.3333333333332055e+01 1.9999999999999214e+00
8.7500000000003131e-03 9.9999999999989502e+00 7.4768976514802891e-14 1.3333333333330993e+01 1.9999999999998588e+00
1.1250000000000600e-02 9.9999999999981082e+00 1.3547106552522332e-13 1.3333333333329119e+01 1.9999999999997460e+00
1.3750000000001115e-02 9.9999999999966089e+00 2.4277513774969012e-13 1.3333333333325786e+01 1.9999999999995461e+00
1.6250000000002030e-02 9.9999999999940101e+00 4.3079028291545570e-13 1.3333333333319997e+01 1.9999999999991973e+00
1.8750000000003653e-02 9.9999999999894094e+00 7.5847613719370014e-13 1.3333333333309788e+01 1.9999999999985862e+00
2.1250000000006514e-02 9.9999999999814619e+00 1.3270154446238561e-12 1.3333333333292137e+01 1.9999999999975280e+00
2.3750000000011515e-02 9.9999999999677858e+00 2.3075330344522887e-12 1.3333333333261720e+01 1.9999999999957008e+00
2.6250000000020181e-02 9.9999999999442899e+00 3.9904150913253677e-12 1.3333333333209501e+01 1.9999999999925671e+00
2.8750000000035150e-02 9.9999999999041975e+00 6.8612198594925729e-12 1.3333333333120411e+01 1.9999999999872220e+00
3.1250000000060847e-02 9.9999999998362572e+00 1.1730437034800435e-11 1.3333333332969378e+01 1.9999999999781553e+00
3.3750000000104710e-02 9.9999999997215525e+00 1.9938296075720620e-11 1.3333333332714535e+01 1.9999999999628695e+00
3.6250000000179139e-02 9.9999999995294875e+00 3.3700083620109278e-11 1.3333333332287637e+01 1.9999999999372480e+00
3.8750000000304798e-02 9.9999999992091091e+00 5.6635051287123571e-11 1.3333333331575812e+01 1.9999999998945497e+00
4.1250000000515680e-02 9.9999999986785451e+00 9.4630428330901832e-11 1.3333333330396746e+01 1.9999999998238027e+00
4.3750000000867498e-02 9.9999999978047196e+00 1.5720892818736555e-10 1.3333333328454884e+01 1.9999999997072886e+00
4.6250000001451103e-02 9.9999999963740969e+00 2.5965879521829991e-10 1.3333333325275753e+01 1.9999999995165434e+00
4.8750000002413668e-02 9.9999999940459503e+00 4.2637872972068247e-10 1.3333333320102117e+01 1.9999999992061275e+00
5.1250000003992047e-02 9.9999999902801573e+00 6.9605643968420006e-10 1.3333333311733650e+01 1.9999999987040158e+00
5.3750000006565060e-02 9.9999999842255196e+00 1.1296326250871085e-09 1.3333333298278953e+01 1.9999999978967389e+00
5.6250000010734970e-02 9.9999999745505423e+00 1.8224738674169574e-09 1.3333333276778941e+01 1.9999999966067323e+00
5.8750000017453029e-02 9.9999999591847928e+00 2.9228407739897036e-09 1.3333333242632781e+01 1.9999999945579585e+00
6.1250000028212306e-02 9.9999999349313153e+00 4.6596707256049409e-09 1.3333333188736143e+01 1.9999999913241580e+00
6.3750000045341426e-02 9.9999998968866102e+00 7.3841117322373380e-09 1.3333333104192317e+01 1.9999999862515250e+00
6.6250000072448634e-02 9.9999998375802193e+00 1.1631121934494183e-08 1.3333332972400406e+01 1.9999999783440163e+00
6.8750000115088833e-02 9.9999997457097916e+00 1.8210102816425890e-08 1.3333332768243862e+01 1.9999999660946199e+00
7.1250000181758089e-02 9.9999996042923147e+00 2.8337217235410130e-08 1.3333332453982885e+01 1.9999999472389676e+00
7.3750000285365422e-02 9.9999993879881046e+00 4.3827088847153961e-08 1.3333331973306832e+01 1.9999999183983985e+00
7.6250000445395330e-02 9.9999990592534118e+00 6.7368256427955615e-08 1.3333331242785514e+01 1.9999998745671326e+00
7.8750000691060668e-02 9.9999985628603092e+00 1.0291570563196597e-07 1.3333330139689847e+01 1.9999998083813875e+00
8.1250001065865565e-02 9.9999978181482767e+00 1.5624566377060654e-07 1.3333328484774343e+01 1.9999997090864325e+00
8.3750001634157883e-02 9.9999967081679557e+00 2.3573301261807888e-07 1.3333326018152267e+01 1.9999995610891041e+00
8.6250002490465300e-02 9.9999950646011424e+00 3.5343129164941543e-07 1.3333322365783292e+01 1.9999993419469404e+00
8.8750003772693181e-02 9.9999926469939595e+00 5.2655980285459223e-07 1.3333316993326326e+01 1.9999990195994359e+00
9.1250005680631296e-02 9.9999891144212381e+00 7.7953269193951689e-07 1.3333309143172636e+01 1.9999985485900678e+00
9.3750008501695389e-02 9.9999839871830751e+00 1.1467020871765109e-06 1.3333297749326503e+01 1.9999978649589414e+00
9.6250012646432875e-02 9.9999765955101854e+00 1.6760313179310105e-06 1.3333281323421037e+01 1.9999968794038145e+00
9.8750018697086162e-02 9.9999660115496827e+00 2.4339655864908279e-06 1.3333257803579999e+01 1.9999954682116601e+00
1.0125002747344480e-01 9.9999509600847976e+00 3.5118257596621468e-06 1.3333224356024699e+01 1.9999934613546799e+00
1.0375004012135930e-01 9.9999297025472220e+00 5.0341145542279517e-06 1.3333177117342938e+01 1.9999906270261063e+00
1.0625005823065301e-01 9.9998998879603676e+00 7.1691915035934322e-06 1.3333110863281703e+01 1.9999866517665499e+00
1.0875008399076200e-01 9.9998583635049858e+00 1.0142839687770589e-05 1.3333018587841829e+01 1.9999811152077993e+00
1.1125012039425380e-01 9.9998009365708125e+00 1.4255307929921734e-05 1.3332890974608175e+01 1.9999734583487163e+00
1.1375017150040705e-01 9.9997220794816819e+00 1.9902459753181127e-05 1.3332715740773990e+01 1.9999629441899049e+00
1.1625024277322091e-01 9.9996145677558790e+00 2.7601685489421647e-05 1.3332476833603906e+01 1.9999486095086547e+00
1.1875034151049363e-01 9.9994690428858117e+00 3.8023225210511317e-05 1.3332153459402264e+01 1.9999292065743497e+00
1.2125047738284228e-01 9.9992734914237893e+00 5.2027494606387167e-05 1.3331718926889348e+01 1.9999031337112252e+00
1.2375066310356987e-01 9.9990126338159051e+00 7.0708890034679436e-05 1.3331139290654230e+01 1.9998683538366562e+00
1.2625091525191584e-01 9.9986672191273946e+00 9.5446358892391534e-05 1.3330371786493401e+01 1.9998223004650770e+00
1.2875125527319378e-01 9.9982132257347214e+00 1.2796074576317893e-04 1.3329363059365914e+01 1.9997617711918323e+00
1.3125171067935171e-01 9.9976209733213288e+00 1.7037855614859552e-04 1.3328047196654540e+01 1.9996828093734189e+00
1.3375231647225647e-01 9.9968541581380439e+00 2.2530131661913349e-04 1.3326343594502372e+01 1.9995805756034646e+00
1.3625311680920871e-01 9.9958688313731550e+00 2.9587916143431321e-04 1.3324154702980305e+01 1.9994492116324523e+00
1.3875416692555737e-01 9.9946123493488166e+00 3.8588666067842668e-04 1.3321363716147959e+01 1.9992817005577845e+00
1.4125553532259122e-01 9.9930223336901740e+00 4.9979825668147271e-04 1.3317832294719597e+01 1.9990697283573946e+00
1.4375730622006233e-01 9.9910256888986186e+00 6.4286004073441929e-04 1.3313398430497221e+01 1.9988035530661592e+00
1.4625958226178273e-01 9.9885377331410048e+00 8.2115403976540748e-04 1.3307874581176753e+01 1.9984718889866895e+00
1.4876248745002929e-01 9.9854615044745980e+00 1.0416507605836981e-03 1.3301046219194461e+01 1.9980618141536239e+00
1.5126617027044903e-01 9.9816873082161148e+00 1.3122455277607876e-03 1.3292670946651834e+01 1.9975587096948606e+00
1.5377080695449569e-01 9.9770925706829328e+00 1.6417742150379576e-03 1.3282478327610567e+01 1.9969462396250044e+00
1.5627660481206940e-01 9.9715420593405817e+00 2.0400043589351310e-03 1.3270170577304961e+01 1.9962063788631079e+00
1.5878380555400562e-01 9.9648885189909038e+00 2.5175983812165898e-03 1.3255424223834652e+01 1.9953194958337019e+00
1.6129268851351852e-01 9.9569737580895534e+00 3.0860467257233935e-03 1.3237892821603646e+01 1.9942644938953222e+00
1.6380357366868259e-01 9.9476301990529166e+00 3.7575700876803517e-03 1.3217210748186851e+01 1.9930190131281547e+00
1.6631682436546080e-01 9.9366828827479470e+00 4.5449914954704719e-03 1.3192998060104028e+01 1.9915596908616791e+00
1.6883284964327477e-01 9.9239518917788203e+00 5.4615806796381979e-03 1.3164866321799183e+01 1.9898624759615964e+00
1.7135210607288287e-01 9.9092551317541755e+00 6.5208747937527973e-03 1.3132425260781138e+01 1.9879029885957307e+00
1.7387509902923062e-01 9.8924113866000489e+00 7.7364809950923952e-03 1.3095290045603766e+01 1.9856569142497806e+00
1.7640238333930774e-01 9.8732435451969529e+00 9.1218675201260296e-03 1.3053088937194625e+01 1.9831004184351211e+00
1.7893456326586388e-01 9.8515818839439877e+00 1.0690150600325445e-02 1.3005471032419896e+01 1.9802105670383889e+00
1.8147229181083019e-01 9.8272672843542868e+00 1.2453884798941365e-02 1.2952113804641368e+01 1.9769657367407814e+00
1.8401626934593412e-01 9.8001542669950332e+00 1.4424864099094421e-02 1.2892730150851458e+01 1.9733460004203611e+00
1.8656724160084265e-01 9.7701137326381726e+00 1.6613940375545887e-02 1.2827074678208257e+01 1.9693334738813673e+00
1.8912599705984373e-01 9.7370353174383943e+00 1.9030864814967415e-02 1.2754949002254065e+01 1.9649126124782741e+00
1.9169336383546570e-01 9.7008292897776744e+00 2.1684156520097420e-02 1.2676205881146593e+01 1.9600704490034031e+00
1.9427020610078533e-01 9.6614279402652823e+00 2.4581001063155507e-02 1.2590752070298437e+01 1.9547967673326230e+00
1.9685742017104688e-01 9.6187864413255717e+00 2.7727180263628467e-02 1.2498549845004638e+01 1.9490842095173186e+00
1.9945593032957856e-01 9.5728831769845666e+00 3.1127033062418215e-02 1.2399617200175848e+01 1.9429283170383931e+00
2.0206668449309945e-01 9.5237195653409792e+00 3.4783446132422569e-02 1.2294026792124171e+01 1.9363275096105803e+00
2.0469064980789181e-01 9.4713194146129300e+00 3.8697871862267835e-02 1.2181903734345438e+01 1.9292830071094085e+00
2.0732880826162409e-01 9.4157278678574077e+00 4.2870370604057073e-02 1.2063422395400604e+01 1.9217987018159794e+00
2.0998215238664414e-01 9.3570100011819992e+00 4.7299673591365797e-02 1.1938802371467919e+01 1.9138809892198119e+00
2.1265168112007229e-01 9.2952491456092758e+00 5.1983262693767802e-02 1.1808303819084166e+01 1.9055385661171806e+00
2.1533839587474429e-01 9.2305450040878032e+00 5.6917463147346116e-02 1.1672222335971178e+01 1.8967822047563920e+00
2.1804329686362867e-01 9.1630116330709441e+00 6.2097545547753166e-02 1.1530883571209415e+01 1.8876245113984791e+00
2.2076737970927249e-01 9.0927753533269691e+00 6.7517833669924879e-02 1.1384637732269313e+01 1.8780796769773551e+00
2.2351163235952703e-01 9.0199726479343632e+00 7.3171815045599359e-02 1.1233854137524379e+01 1.8681632266529671e+00
2.2627703232153537e-01 8.9447480974481834e+00 7.9052251648179445e-02 1.1078915940748416e+01 1.8578917740415319e+00
2.2906454421788819e-01 8.8672523936749581e+00 8.5151288472256309e-02 1.0920215130525751e+01 1.8472827848537123e+00
2.3187511766204263e-01 8.7876404648564037e+00 9.1460558228236219e-02 1.0758147883876354e+01 1.8363543536345879e+00
2.3470968544456050e-01 8.7060697367585504e+00 9.7971280780964787e-02 1.0593110330863990e+01 1.8251249963237755e+00
2.3756916201737013e-01 8.6226985465199970e+00 1.0467435633360600e-01 1.0425494766362561e+01 1.8136134604700083e+00
2.4045444226001017e-01 8.5376847193068546e+00 1.1156045168659670e-01 1.0255686327013862e+01 1.8018385541612887e+00
2.4336640050954933e-01 8.4511843119608976e+00 1.1862007918300768e-01 1.0084060135991196e+01 1.7898189940762448e+00
2.4630588983445914e-01 8.3633505229576173e+00 1.2584366818607687e-01 9.9109789055808619e+00 1.7775732725254603e+00
2.4927374153200874e-01 8.2743327640881770e+00 1.3322162912447294e-01 9.7367909777146036e+00 1.7651195429268405e+00
2.5227076482861605e-01 8.1842758862791403e+00 1.4074441028958667e-01 9.5618287752367479e+00 1.7524755228377127e+00
2.5529774676293826e-01 8.0933195497631338e+00 1.4840254768097885e-01 9.3864076315803828e+00 1.7396584134358861e+00
2.5835545223217488e-01 8.0015977273695551e+00 1.5618670827699535e-01 9.2108249634240504e+00 1.7266848341897365e+00
2.6144462418299519e-01 7.9092383288020747e+00 1.6408772716133274e-01 9.0353597493614775e+00 1.7135707713709702e+00
2.6456598392965402e-01 7.8163629334348244e+00 1.7209663896772995e-01 8.8602722774849365e+00 1.7003315390303995e+00
2.6772023158310798e-01 7.7230866191713350e+00 1.8020470411967729e-01 8.6858041256250651e+00 1.6869817510651639e+00
2.7090804657623224e-01 7.6295178752633657e+00 1.8840343034176055e-01 8.5121783396546338e+00 1.6735353030470748e+00
2.7413008827159602e-01 7.5357585875543158e+00 1.9668458990885579e-01 8.3395997774586075e+00 1.6600053625454259e+00
2.7738699663955668e-01 7.4419040853369296e+00 2.0504023308131836e-01 8.1682555887254580e+00 1.6464043667573638e+00
2.8067939299569777e-01 7.3480432398580886e+00 2.1346269815042207e-01 7.9983158034908479e+00 1.6327440263495205e+00
2.8400788078786543e-01 7.2542586053844298e+00 2.2194461849117275e-01 7.8299340051925208e+00 1.6190353345097455e+00
2.8737304642420003e-01 7.1606265946516423e+00 2.3047892699021935e-01 7.6632480668144103e+00 1.6052885803048678e+00
2.9077546013463118e-01 7.0672176814216732e+00 2.3905885818651890e-01 7.4983809314229530e+00 1.5915133655359284e+00
2.9421567685928574e-01 6.9740966237339110e+00 2.4767794843240254e-01 7.3354414209690697e+00 1.5777186243746855e+00
2.9769423715818361e-01 6.8813227022616372e+00 2.5633003435322255e-01 7.1745250596275438e+00 1.5639126451524084e+00
3.0121166813740896e-01 6.7889499689433777e+00 2.6500924985582835e-01 7.0157149001294439e+00 1.5501030937531033e+00
3.0476848438769566e-01 6.6970275017739613e+00 2.7371002190951332e-01 6.8590823435408268e+00 1.5362970381390710e+00
3.0836518893205872e-01 6.6055996622701301e+00 2.8242706529828188e-01 6.7046879446977110e+00 1.5225009736043085e+00
3.1200227417969661e-01 6.5147063526975435e+00 2.9115537652029266e-01 6.5525821970706044e+00 1.5087208484133849e+00
3.1568022288393904e-01 6.4243832706717470e+00 2.9989022698925694e-01 6.4028062922137510e+00 1.4949620895386568e+00
3.1939950910250842e-01 6.3346621591925771e+00 3.0862715567339116e-01 6.2553928501335072e+00 1.4812296282579083e+00
3.2316059915879425e-01 6.2455710505514688e+00 3.1736196129004945e-01 6.1103666179102509e+00 1.4675279254178175e+00
3.2696395260321431e-01 6.1571345029305249e+00 3.2609069415794634e-01 5.9677451348079744e+00 1.4538609962071454e+00
3.3081002317409802e-01 6.0693738287800283e+00 3.3480964779514111e-01 5.8275393628002696e+00 1.4402324343164485e+00
3.3469925975781972e-01 5.9823073143334504e+00 3.4351535033770653e-01 5.6897542820647500e+00 1.4266454353905178e+00
3.3863210734816596e-01 5.8959504298338539e+00 3.5220455584239008e-01 5.5543894514933756e+00 1.4131028197051589e+00
3.4260900800517402e-01 5.8103160302304913e+00 3.6087423552600129e-01 5.4214395346702018e+00 1.3996070540215872e+00
3.4663040181387123e-01 5.7254145462667285e+00 3.6952156898483041e-01 5.2908947920990386e+00 1.3861602725908240e+00
3.5069672784351535e-01 5.6412541660089026e+00 3.7814393542846703e-01 5.1627415407178656e+00 1.3727642972973213e+00
3.5480842510809818e-01 5.5578410069787090e+00 3.8673890495430102e-01 5.0369625819378419e+00 1.3594206569457026e+00
3.5896593352897582e-01 5.4751792791558662e+00 3.9530422988141295e-01 4.9135375996048278e+00 1.3461306057075004e+00
3.6316969490060547e-01 5.3932714391815768e+00 4.0383783615502128e-01 4.7924435293789172e+00 1.3328951407569516e+00
3.6742015386041360e-01 5.3121183361881119e+00 4.1233781482591886e-01 4.6736549011299191e+00 1.3197150191359412e+00
3.7171775886385011e-01 5.2317193497286683e+00 4.2080241360159493e-01 4.5571441559918204e+00 1.3065907738996454e+00
3.7606296316570453e-01 5.1520725203456124e+00 4.2923002845877373e-01 4.4428819397602677e+00 1.2935227296050062e+00
3.8045622580866845e-01 5.0731746733815175e+00 4.3761919529887949e-01 4.3308373743523108e+00 1.2805110172164436e+00
3.8489801262004958e-01 4.9950215366966164e+00 4.4596858161926461e-01 4.2209783090671715e+00 1.2675555885166372e+00
3.8938879721737019e-01 4.9176078530225826e+00 4.5427697816316331e-01 4.1132715534035613e+00 1.2546562301247830e+00
3.9392906202331768e-01 4.8409274877782087e+00 4.6254329049982784e-01 4.0076830932303569e+00 1.2418125772432471e+00
3.9851929929014296e-01 4.7649735332501031e+00 4.7076653047294625e-01 3.9041782921280292e+00 1.2290241272751810e+00
4.0316001213311659e-01 4.6897384101861608e+00 4.7894580743839038e-01 3.8027220797969958e+00 1.2162902534832571e+00
4.0785171557198174e-01 4.6152139679828137e+00 4.8708031919320255e-01 3.7032791294933873e+00 1.2036102188926219e+00
4.1259493757839288e-01 4.5413915848554858e+00 4.9516934247168159e-01 3.6058140265886394e+00 1.1909831906853883e+00
4.1739022012617194e-01 4.4682622696277283e+00 5.0321222285362077e-01 3.5102914305125199e+00 1.1784082553881663e+00
4.2223812023958646e-01 4.3958167670907935e+00 5.1120836388971935e-01 3.4166762325677249e+00 1.1658844352248525e+00
4.2713921103274111e-01 4.3240456693231133e+00 5.1915721519787772e-01 3.3249337124379026e+00 1.1534107060986665e+00
4.3209408273040528e-01 4.2529395358847912e+00 5.2705825921863447e-01 3.2350296966220236e+00 1.1409860177858138e+00
4.3710334365688319e-01 4.1824890265410133e+00 5.3491099623220395e-01 3.1469307226239160e+00 1.1286093170792413e+00
4.4216762117467301e-01 4.1126850511059674e+00 5.4271492712791125e-01 3.0606042134931957e+00 1.1162795748255083e+00
4.4728756254816937e-01 4.0435189422495261e+00 5.5046953326960202e-01 2.9760186683509611e+00 1.1039958180690439e+00
4.5246383569902904e-01 3.9749826587890809e+00 5.5817425260521525e-01 2.8931438759363721e+00 1.0917571688794705e+00
4.5769712980827737e-01 3.9070690292152981e+00 5.6582845090864164e-01 2.8119511600761422e+00 1.0795628919208904e+00
4.6298815570476526e-01 3.8397720482121205e+00 5.7343138669207416e-01 2.7324136685117213e+00 1.0674124534751968e+00
4.6833764595865734e-01 3.7730872430073981e+00 5.8098216785461809e-01 2.6545067199425989e+00 1.0553055955155104e+00
4.7374635457033082e-01 3.7070121319289826e+00 5.8847969748985018e-01 2.5782082287981063e+00 1.0432424296342302e+00
4.7921505610650772e-01 3.6415468051542010e+00 5.9592260539613928e-01 2.5034992336256328e+00 1.0312235572870614e+00
4.8474454408251538e-01 3.5766946680816627e+00 6.0330916062388129e-01 2.4303645637131175e+00 1.0192502251037665e+00
4.9033562831683164e-01 3.5124634022181938e+00 6.1063715872218882e-01 2.3587936906104980e+00 1.0073245271911746e+00
4.9598913088322127e-01 3.4488662185397585e+00 6.1790377502939542e-01 2.2887818278627279e+00 9.9544967077548419e-01
5.0170588014557715e-01 3.3859235061553035e+00 6.2510537212914441e-01 2.2203313652966252e+00 9.8363032770539383e-01
5.0748670216476222e-01 3.3236650178417726e+00 6.3223724511810941e-01 2.1534537560545384e+00 9.7187310295768925e-01
5.1333240849261508e-01 3.2621327875638380e+00 6.3929328213710968e-01 2.0881720183742778e+00 9.6018716328852693e-01
5.1924377898441421e-01 3.2013850484168387e+00 6.4626550913466740e-01 2.0245240737420129e+00 9.4858508573180922e-01
5.2522153772509517e-01 3.1415015177639369e+00 6.5314347643166937e-01 1.9625672224983077e+00 9.3708400810923065e-01
5.3126631942245917e-01 3.0825905435299572e+00 6.5991342988126178e-01 1.9023841599150608e+00 9.2570719321187700e-01
5.3737862261061431e-01 3.0247987587133323e+00 6.6655719154025495e-01 1.8440910571473332e+00 9.1448615474096517e-01
5.4355874467538690e-01 2.9683240489193006e+00 6.7305065615514048e-01 1.7878483540751418e+00 9.0346353259142476e-01
5.4980669206087285e-01 2.9134327341205508e+00 6.7936179782974426e-01 1.7338749802331117e+00 8.9269693440674158e-01
5.5612205720565022e-01 2.8604817383121519e+00 6.8544809447358901e-01 1.6824666025944506e+00 8.8226394529643215e-01
5.6250385234740063e-01 2.8099458130932367e+00 6.9125335678694144e-01 1.6340179044597725e+00 8.7226837089485576e-01
5.6895029073009062e-01 2.7624478929181371e+00 6.9670417451576527e-01 1.5890472550590400e+00 8.6284736399883832e-01
5.7545851093500289e-01 2.7187861849396131e+00 7.0170670642464594e-01 1.5482184362984606e+00 8.5417811349489103e-01
5.8202425547185510e-01 2.6799430025286446e+00 7.0614553696149507e-01 1.5123469544453072e+00 8.4648085034924669e-01
5.8864154830631532e-01 2.6470466428111692e+00 7.0988793282193297e-01 1.4823668749677463e+00 8.4001176121709886e-01
5.9530247432916372e-01 2.6212419608881703e+00 7.1279871250835913e-01 1.4592202982194173e+00 8.3503563577452877e-01
6.0199723995551579e-01 2.6034221964594861e+00 7.1477141287283619e-01 1.4436271648285253e+00 8.3176702963801663e-01
6.0871474481750631e-01 2.5938159171540844e+00 7.1577669969367952e-01 1.4357255224048300e+00 8.3027799674008695e-01
6.1544382623590410e-01 2.5915423475121453e+00 7.1591486287490014e-01 1.4346747009046492e+00 8.3039818099938956e-01
6.2217505503559389e-01 2.5944159074352813e+00 7.1543934253739239e-01 1.4384666268350483e+00 8.3167079498274199e-01
6.2890250487341981e-01 2.5993341483164047e+00 7.1471149794672029e-01 1.4442577274383375e+00 8.3343905305929211e-01
6.3562461188806729e-01 2.6033014243038086e+00 7.1408035779027734e-01 1.4492938619447984e+00 8.3507071928813104e-01
6.4234351986946825e-01 2.6045452813034697e+00 7.1375161594028236e-01 1.4519433221536038e+00 8.3619778042040682e-01
6.4906315504488266e-01 2.6029856363712858e+00 7.1373232678241594e-01 1.4521461349000500e+00 8.3681568269682804e-01
6.5578706472161508e-01 2.5997638182225620e+00 7.1388550210387602e-01 1.4509869704024074e+00 8.3718391661118408e-01
6.6251713428649461e-01 2.5962315566726457e+00 7.1404799677615416e-01 1.4497582818475625e+00 8.3761304617927801e-01
6.6925362299652857e-01 2.5931177612375427e+00 7.1412792255041757e-01 1.4491871927693438e+00 8.3828849643781622e-01
6.7599609400301630e-01 2.5903319065250434e+00 7.1412766976669306e-01 1.4492546920126743e+00 8.3922914764050294e-01
6.8274439671357467e-01 2.5873296839467654e+00 7.1410062737839253e-01 1.4495389343294920e+00 8.4036774091251620e-01
6.8949909338581272e-01 2.5836125623471746e+00 7.1409170532059418e-01 1.4496855119672927e+00 8.4166190381711536e-01
6.9626130116534179e-01 2.5789657169106892e+00 7.1410878502183950e-01 1.4496330208686019e+00 8.4314790113132976e-01
7.0303234662971126e-01 2.5733626246811863e+00 7.1413458674487995e-01 1.4495190752725027e+00 8.4491730471842263e-01
7.0981362450933183e-01 2.5667703659416015e+00 7.1415334207664205e-01 1.4494694013010163e+00 8.4705828413829809e-01
7.1660675045561428e-01 2.5591210844883121e+00 7.1416375680992450e-01 1.4494955752027507e+00 8.4960550557101089e-01
7.2341385279604165e-01 2.5505236535453877e+00 7.1417287576991717e-01 1.4495437405749658e+00 8.5249772447317385e-01
7.3023786481896302e-01 2.5416160860463619e+00 7.1418522056254063e-01 1.4495805246396056e+00 8.5550717077093019e-01
7.3708286600184358e-01 2.5339396869232318e+00 7.1419995446004980e-01 1.4496155015961831e+00 8.5811957704269959e-01
7.4395467945316474e-01 2.5302596527113410e+00 7.1421503819873322e-01 1.4496686596137112e+00 8.5939914786628413e-01
7.5086201866113322e-01 2.5347146820741941e+00 7.1423048051930926e-01 1.4497452959270869e+00 8.5793401492869736e-01
7.5781857804436137e-01 2.5525569117969411e+00 7.1424763724750551e-01 1.4498422880210295e+00 8.5199410127963049e-01
7.6484577762148453e-01 2.5892627304687248e+00 7.1426759336881107e-01 1.4499621336715462e+00 8.3998551978292180e-01
7.7196677930896695e-01 2.6490085733032092e+00 7.1429109575483252e-01 1.4501143772418463e+00 8.2112666141748880e-01
7.7889220583091157e-01 2.7327802709529609e+00 7.1431660959585874e-01 1.4502895189421392e+00 7.9605166267341443e-01
7.8421917813694009e-01 2.8351774401304284e+00 7.1433365168816965e-01 1.4504048828260088e+00 7.6736196240998844e-01
7.8655121801132144e-01 2.9443410165515562e+00 7.1433689867374239e-01 1.4504234713594539e+00 7.3892093164782524e-01
7.8710072833218847e-01 3.0542880537375168e+00 7.1433848465354755e-01 1.4504378953471260e+00 7.1232863591839302e-01
7.8750578946988714e-01 3.1643854465022319e+00 7.1434024409630248e-01 1.4504505179918881e+00 6.8755081002939300e-01
7.8788931573099563e-01 3.2740795692727822e+00 7.1434179545410259e-01 1.4504631084612425e+00 6.6452101015221055e-01
7.8824449053268708e-01 3.3829217886750809e+00 7.1434329005065234e-01 1.4504747367738018e+00 6.4314584878795522e-01
7.8858442120022221e-01 3.4905284344276777e+00 7.1434475748190007e-01 1.4504865743507365e+00 6.2332391854096059e-01
7.8891839087224924e-01 3.5964560251170221e+00 7.1434621658487329e-01 1.4504983048844489e+00 6.0496984868760573e-01
7.8924906356259383e-01 3.7003076873987162e+00 7.1434768718236197e-01 1.4505102936099410e+00 5.8799581662476696e-01
7.8958049115054085e-01 3.8016576569029490e+00 7.1434917923100338e-01 1.4505225143732257e+00 5.7232501396045166e-01
7.8991369330291250e-01 3.9000993243938309e+00 7.1435069674103546e-01 1.4505350384232412e+00 5.5788388362981844e-01
7.9024903922305767e-01 3.9952417662697854e+00 7.1435223904667389e-01 1.4505478349223180e+00 5.4460327551465404e-01
7.9058592029125918e-01 4.0867346004252818e+00 7.1435380320489050e-01 1.4505608843527138e+00 5.3241561766762235e-01
7.9092380149381558e-01 4.1742754531153645e+00 7.1435538775106155e-01 1.4505741694065535e+00 5.2125483297608710e-01
7.9126235085466279e-01 4.2576122904860352e+00 7.1435699164920918e-01 1.4505876821624302e+00 5.1105675547438201e-01
7.9160136762398503e-01 4.3365442489878845e+00 7.1435861419130786e-01 1.4506014170823927e+00 5.0175946576157437e-01
7.9194074010232351e-01 4.4109223013957051e+00 7.1436025496947175e-01 1.4506153735367822e+00 4.9330342083256989e-01
7.9228043346695509e-01 4.4806482403681347e+00 7.1436191375871128e-01 1.4506295534383464e+00 4.8563159021354946e-01
7.9262044164705159e-01 4.5456731217499531e+00 7.1436359027562524e-01 1.4506439593687208e+00 4.7868948795319383e-01
7.9296075644180863e-01 4.6059954167728039e+00 7.1436528414995404e-01 1.4506585938761061e+00 4.7242510986664582e-01
7.9330136016626418e-01 4.6616584464002981e+00 7.1436699493171074e-01 1.4506734591768367e+00 4.6678885074593046e-01
7.9364222950472563e-01 4.7127470807813880e+00 7.1436872216900194e-01 1.4506885573953194e+00 4.6173342188611272e-01
7.9398334248897995e-01 4.7593836443263982e+00 7.1437046545009220e-01 1.4507038905385041e+00 4.5721379036165849e-01
7.9432467833235609e-01 4.8017232912234986e+00 7.1437222440583403e-01 1.4507194601766085e+00 4.5318712851327980e-01
7.9466621759768330e-01 4.8399491079883292e+00 7.1437399874448426e-01 1.4507352675176206e+00 4.4961276507737985e-01
7.9500795117920720e-01 4.8742670032105977e+00 7.1437578833669824e-01 1.4507513139996915e+00 4.4645214748518269e-01
7.9534987325264828e-01 4.9049004334570325e+00 7.1437759307983428e-01 1.4507675999102942e+00 4.4366882251505024e-01
7.9569196886130111e-01 4.9320855894856068e+00 7.1437941291257656e-01 1.4507841245221336e+00 4.4122839056614283e-01
7.9603421855486634e-01 4.9560667603423942e+00 7.1438124785062751e-01 1.4508008863284436e+00 4.3909846955780724e-01
7.9637660975159341e-01 4.9770919588471454e+00 7.1438309807811540e-01 1.4508178838666028e+00 4.3724866725267186e-01
7.9671914203470928e-01 4.9954088176820397e+00 7.1438496392108564e-01 1.4508351154342756e+00 4.3565056486432552e-01
7.9706181164673984e-01 5.0112610358475687e+00 7.1438684571234856e-01 1.4508525778291526e+00 4.3427769002171895e-01
7.9740460403931379e-01 5.0248855111472448e+00 7.1438874384362483e-01 1.4508702668273616e+00 4.3310546984863824e-01
7.9774750828328889e-01 5.0365098773581298e+00 7.1439065887141362e-01 1.4508881781544829e+00 4.3211118814946231e-01
7.9809052401492386e-01 5.0463504284615581e+00 7.1439259148980616e-01 1.4509063072855690e+00 4.3127394575169109e-01
7.9843364741036149e-01 5.0546105788939535e+00 7.1439454239347944e-01 1.4509246482742799e+00 4.3057460875406450e-01
7.9877686635933087e-01 5.0614798895014905e+00 7.1439651234324220e-01 1.4509431945300664e+00 4.2999574023980891e-01
7.9912017515552292e-01 5.0671334235736252e+00 7.1439850224384416e-01 1.4509619398067544e+00 4.2952153175694002e-01
7.9946357578552640e-01 5.0717314144109000e+00 7.1440051304717334e-01 1.4509808777090494e+00 4.2913773201382721e-01
7.9980706347726049e-01 5.0754193095098481e+00 7.1440254563175254e-01 1.4510000010573043e+00 4.2883156422324226e-01
8.0015062574742646e-01 5.0783281183277262e+00 7.1440460084569735e-01 1.4510193029368752e+00 4.2859163561137426e-01
8.0049425868950186e-01 5.0805749287172564e+00 7.1440667958003234e-01 1.4510387781524481e+00 4.2840784709737745e-01
8.0083796669350948e-01 5.0822635573729595e+00 7.1440878261021634e-01 1.4510584225434839e+00 4.2827130258870555e-01
8.0118174649296714e-01 5.0834853724128282e+00 7.1441091047600858e-01 1.4510782326355218e+00 4.2817421306361930e-01
8.0152558654730999e-01 5.0843202137011483e+00 7.1441306350971012e-01 1.4510982065956501e+00 4.2810980001375193e-01
8.0186948164829985e-01 5.0848373407461667e+00 7.1441524192381145e-01 1.4511183455181633e+00 4.2807220219906417e-01
8.0221343622089858e-01 5.0850963823649238e+00 7.1441744573427191e-01 1.4511386528536203e+00 4.2805638587878830e-01
8.0255745031243808e-01 5.0851482970089341e+00 7.1441967466404799e-01 1.4511591333142722e+00 4.2805805707805178e-01
8.0290151481236283e-01 5.0850363189545273e+00 7.1442192821338113e-01 1.4511797930346411e+00 4.2807357765332549e-01
8.0324562141724631e-01 5.0847968553814731e+00 7.1442420577184551e-01 1.4512006397953898e+00 4.2809988709564206e-01
8.0358977353229255e-01 5.0844603219444666e+00 7.1442650675332009e-01 1.4512216832416907e+00 4.2813443060364820e-01
8.0393397495592145e-01 5.0840519157255750e+00 7.1442883043814542e-01 1.4512429323272789e+00 4.2817509234270767e-01
8.0427821936437227e-01 5.0835923366679303e+00 7.1443117608682638e-01 1.4512643954949453e+00 4.2822013432124995e-01
8.0462249734375813e-01 5.0830984352165141e+00 7.1443354300505857e-01 1.4512860804621042e+00 4.2826814165372934e-01
8.0496680844896296e-01 5.0825837941847425e+00 7.1443593071159783e-01 1.4513079953100729e+00 4.2831797391238063e-01
8.0531115775904394e-01 5.0820592379669733e+00 7.1443833876644913e-01 1.4513301465877324e+00 4.2836872180035501e-01
8.0565554418211627e-01 5.0815332857353663e+00 7.1444076679422941e-01 1.4513525395784026e+00 4.2841966921260821e-01
8.0599996134757512e-01 5.0810125438736380e+00 7.1444321446388592e-01 1.4513751781361259e+00 4.2847026028879864e-01
8.0634440037353572e-01 5.0805020453980063e+00 7.1444568153601995e-01 1.4513980652484204e+00 4.2852007113050511e-01
8.0668886483349178e-01 5.0800055422225547e+00 7.1444816802134170e-01 1.4514212045499717e+00 4.2856878574830048e-01
8.0703336054805541e-01 5.0795257453619325e+00 7.1445067387588557e-01 1.4514445974762100e+00 4.2861617508332656e-01
8.0737788426684087e-01 5.0790645330466671e+00 7.1445319914038019e-01 1.4514682445808518e+00 4.2866207993724520e-01
8.0772243009712097e-01 5.0786231212557498e+00 7.1445574389097821e-01 1.4514921449950673e+00 4.2870639649950093e-01
8.0806698994481962e-01 5.0782022064362522e+00 7.1445830829553114e-01 1.4515162969770641e+00 4.2874906452249156e-01
8.0841156780527945e-01 5.0778020850079741e+00 7.1446089276941982e-01 1.4515406993756479e+00 4.2879005770861045e-01
8.0875616976671483e-01 5.0774227434270109e+00 7.1446349766668438e-01 1.4515653488138962e+00 4.2882937530453513e-01
8.0910079294667714e-01 5.0770639360462226e+00 7.1446612341690574e-01 1.4515902409560977e+00 4.2886703592111763e-01
8.0944543254088597e-01 5.0767252454181149e+00 7.1446877048923496e-01 1.4516153701819716e+00 4.2890307235715419e-01
8.0979008175354028e-01 5.0764061309389232e+00 7.1447143942499569e-01 1.4516407298672616e+00 4.2893752758078735e-01
8.1013474182743506e-01 5.0761059692124757e+00 7.1447413095994339e-01 1.4516663135572361e+00 4.2897045166960501e-01
8.1047941847033167e-01 5.0758240809659041e+00 7.1447684583584370e-01 1.4516921133761227e+00 4.2900189906696079e-01
8.1082411127730691e-01 5.0755597537392507e+00 7.1447958479485985e-01 1.4517181202842282e+00 4.2903192673913143e-01
8.1116881701064336e-01 5.0753122600135425e+00 7.1448234858249393e-01 1.4517443247160209e+00 4.2906059282906472e-01
8.1151353056442632e-01 5.0750808703854373e+00 7.1448513787470747e-01 1.4517707167927343e+00 4.2908795560211727e-01
8.1185824757743941e-01 5.0748648652144199e+00 7.1448795328290327e-01 1.4517972874887279e+00 4.2911407280222846e-01
8.1220297297714117e-01 5.0746635442781161e+00 7.1449079536188531e-01 1.4518240299520826e+00 4.2913900122178689e-01
8.1254771133688553e-01 5.0744762286309841e+00 7.1449366431102901e-01 1.4518509379200857e+00 4.2916279607199165e-01
8.1289245998559778e-01 5.0743022663010473e+00 7.1449656003894357e-01 1.4518780072784858e+00 4.2918551095799529e-01
8.1323721561514728e-01 5.0741410345491422e+00 7.1449948212062275e-01 1.4519052362304261e+00 4.2920719773394128e-01
8.1358197336395910e-01 5.0739919406348095e+00 7.1450242979440648e-01 1.4519326251933842e+00 4.2922790640412367e-01
8.1392673146421157e-01 5.0738544230508982e+00 7.1450540208274349e-01 1.4519601772197370e+00 4.2924768513953826e-01
8.1427149517413266e-01 5.0737279500111621e+00 7.1450839784244713e-01 1.4519878971652007e+00 4.2926658015690600e-01
8.1461626741229731e-01 5.0736120145752936e+00 7.1451141570464627e-01 1.4520157895395864e+00 4.2928463549290519e-01
8.1496104572417649e-01 5.0735061338950729e+00 7.1451445424465387e-01 1.4520438585552322e+00 4.2930189307974403e-01
8.1530582722953171e-01 5.0734098469788531e+00 7.1451751203799518e-01 1.4520721074193672e+00 4.2931839272281236e-01
8.1565060762722763e-01 5.0733227128838632e+00 7.1452058768128057e-01 1.4521005378802496e+00 4.2933417211739588e-01
8.1599538504846802e-01 5.0732443111388186e+00 7.1452367987586485e-01 1.4521291508766878e+00 4.2934926700308673e-01
8.1634016471173187e-01 5.0731742412084637e+00 7.1452678742112952e-01 1.4521579466481376e+00 4.2936371123995454e-01
8.1668494994754948e-01 5.0731121185865886e+00 7.1452990903365077e-01 1.4521869232692362e+00 4.2937753670438117e-01
8.1702973843691629e-01 5.0730575754566214e+00 7.1453304343644253e-01 1.4522160775544728e+00 4.2939077349928162e-01
8.1737452800539301e-01 5.0730102594715589e+00 7.1453618937468366e-01 1.4522454049664173e+00 4.2940345002900510e-01
8.1771931505744055e-01 5.0729698316546710e+00 7.1453934559129184e-01 1.4522748991018866e+00 4.2941559302399557e-01
8.1806409537753311e-01 5.0729359659788571e+00 7.1454251088391607e-01 1.4523045520149216e+00 4.2942722767091629e-01
8.1840887385240690e-01 5.0729083508575314e+00 7.1454568423029718e-01 1.4523343553859309e+00 4.2943837783125716e-01
8.1875365596677330e-01 5.0728866830186945e+00 7.1454886448661370e-01 1.4523642979213993e+00 4.2944906579023434e-01
8.1909843962666973e-01 5.0728706692946339e+00 7.1455205049647941e-01 1.4523943667308614e+00 4.2945931251174946e-01
8.1944322271359038e-01 5.0728600262561239e+00 7.1455524107514601e-01 1.4524245474737409e+00 4.2946913771214196e-01
8.1978800254200279e-01 5.0728544793146861e+00 7.1455843498305283e-01 1.4524548242034965e+00 4.2947855988953426e-01
8.2013277535191664e-01 5.0728537621427314e+00 7.1456163093038227e-01 1.4524851793208942e+00 4.2948759635859574e-01
8.2047754202792278e-01 5.0728576178893698e+00 7.1456482767715679e-01 1.4525155944148049e+00 4.2949626339576136e-01
8.2082230797397382e-01 5.0728657963841055e+00 7.1456802392298646e-01 1.4525460492090763e+00 4.2950457616415899e-01
8.2116707466921046e-01 5.0728780515563434e+00 7.1457121826573156e-01 1.4525765207968842e+00 4.2951254870533639e-01
8.2151184007929046e-01 5.0728941403062855e+00 7.1457440930156657e-01 1.4526069837031601e+00 4.2952019405301134e-01
8.2185660248524628e-01 5.0729138210911815e+00 7.1457759564062862e-01 1.4526374097547630e+00 4.2952752431411334e-01
8.2220135920203119e-01 5.0729368540384145e+00 7.1458077578156776e-01 1.4526677684500320e+00 4.2953455076824171e-01
8.2254610641938553e-01 5.0729630032327755e+00 7.1458394805038528e-01 1.4526980279298496e+00 4.2954128396090480e-01
8.2289084776317178e-01 5.0729920379411899e+00 7.1458711084703952e-01 1.4527281548393993e+00 4.2954773355872561e-01
8.2323558883003378e-01 5.0730237266328650e+00 7.1459026260653091e-01 1.4527581101740685e+00 4.2955390762728968e-01
8.2358032888283117e-01 5.0730578479207171e+00 7.1459340149802963e-01 1.4527878532730414e+00 4.2955981288538597e-01
8.2392506597357063e-01 5.0730942109800763e+00 7.1459652446032207e-01 1.4528173509972444e+00 4.2956545568958776e-01
8.2426979863949734e-01 5.0731326519869029e+00 7.1459962725923887e-01 1.4528465771150156e+00 4.2957084215391211e-01
8.2461452441706240e-01 5.0731729838206823e+00 7.1460270657942859e-01 1.4528754916216762e+00 4.2957597629388161e-01
8.2495923969770513e-01 5.0732149687169263e+00 7.1460576087215144e-01 1.4529040330206826e+00 4.2958086006006713e-01
8.2530394890859871e-01 5.0732584053031662e+00 7.1460878547758355e-01 1.4529321656407170e+00 4.2958549995854972e-01
8.2564865766755891e-01 5.0733032065635069e+00 7.1461176762856526e-01 1.4529599201489236e+00 4.2958991242702960e-01
8.2599336469512719e-01 5.0733492006051275e+00 7.1461469656358667e-01 1.4529872959788663e+00 4.2959411185580132e-01
8.2633806817701649e-01 5.0733957912080454e+00 7.1461758047982626e-01 1.4530140883829075e+00 4.2959808819792211e-01
8.2668276681370512e-01 5.0734422690698207e+00 7.1462042809300708e-01 1.4530400181363061e+00 4.2960181896463479e-01
8.2702745863778571e-01 5.0734887726504541e+00 7.1462318742522846e-01 1.4530651685177476e+00 4.2960531706034938e-01
8.2737214064206421e-01 5.0735356477635065e+00 7.1462573383462225e-01 1.4530896654201477e+00 4.2960859042964217e-01
8.2771681687886445e-01 5.0735791805769077e+00 7.1462794051242462e-01 1.4531116469524210e+00 4.2961140308463364e-01
8.2806149468483226e-01 5.0736059326080580e+00 7.1462949950423760e-01 1.4531245971037481e+00 4.2961296651889680e-01
8.2840617962434826e-01 5.0735847608963889e+00 7.1462885394422859e-01 1.4531136062337175e+00 4.2961150982436280e-01
8.2875088834465893e-01 5.0734273019781648e+00 7.1462055353763898e-01 1.4530365909707221e+00 4.2960207306139175e-01
8.2909567712597698e-01 5.0728301483473004e+00 7.1458856546410809e-01 1.4527490198055721e+00 4.2956761136942551e-01
8.2944072741014441e-01 5.0707949817882758e+00 7.1448419517361283e-01 1.4517749164403726e+00 4.2945186750432973e-01
8.2978661486159022e-01 5.0642190838915608e+00 7.1415177125636287e-01 1.4486346589493655e+00 4.2907938073529384e-01
8.3013514570951963e-01 5.0435954082599057e+00 7.1309713738594083e-01 1.4387993312622724e+00 4.2790882737321118e-01
8.3049180188805161e-01 4.9806458373151559e+00 7.0980764161715648e-01 1.4088593997378023e+00 4.2430021499900161e-01
8.3087212375793829e-01 4.8011281433421740e+00 6.9995500150198631e-01 1.3241440714608737e+00 4.1369779099640114e-01
8.3131544840368576e-01 4.3660231254550119e+00 6.7274808810690712e-01 1.1231712457335012e+00 3.8587905290233027e-01
8.3191039663415767e-01 3.5622893399801541e+00 6.0545189903160468e-01 7.7137269932682739e-01 3.2480771171627709e-01
8.3283015838648677e-01 2.4623976149245359e+00 4.5200759840075927e-01 3.5426581006634483e-01 2.1580540521917407e-01
8.3429854082946875e-01 1.5408889026950061e+00 2.0546614023035073e-01 8.0945534740580624e-02 7.8797570609088680e-02
8.3635736502363467e-01 1.1079385041150809e+00 3.4464665850844942e-02 6.1746326270467168e-03 8.3596236669901333e-03
8.3875869653078095e-01 1.0079972471289307e+00 1.2874607507237679e-03 7.2149107222870505e-05 1.0736503610754713e-04
8.4125019178042870e-01 1.0001594690479896e+00 6.9355137109514424e-06 1.0455238250619223e-06 1.5680356844350725e-06
8.4375000065226935e-01 1.0000005433463512e+00 2.9934009938501371e-09 1.0000038914159681e-06 1.5000050221016965e-06
8.4625000000020245e-01 1.0000000002119478e+00 4.1822705751651332e-13 9.9999999986222221e-07 1.4999999994754116e-06
8.4875000000000000e-01 1.0000000000000155e+00 -2.0016492492199936e-16 9.9999999958466645e-07 1.4999999993769764e-06
8.5125000000000006e-01 1.0000000000000000e+00 -7.2584369276959593e-17 9.9999999997324451e-07 1.4999999999598666e-06
8.5375000000000001e-01 1.0000000000000000e+00 -1.1201358656933371e-20 9.9999999997324451e-07 1.4999999999598666e-06
8.5624999999999996e-01 1.0000000000000000e+00 0.0000000000000000e+00 9.9999999997324451e-07 1.4999999999598666e-06
8.5875000000000001e-01 1.0000000000000000e+00 0.0000000000000000e+00 9.9999999997324451e-07 1.4999999999598666e-06
8.6125000000000007e-01 1.0000000000000000e+00 0.0000000000000000e+00 9.9999999997324451e-07 1.4999999999598666e-06
8.6375000000000002e-01 1.0000000000000000e+00 0.0000000000000000e+00 9.9999999997324451e-07 1.4999999999598666e-06
8.6624999999999996e-01 1.0000000000000000e+00 0.0000000000000000e+00 9.9999999997324451e-07 1.4999999999598666e-06
8.6875000000000002e-01 1.0000000000000000e+00 0.0000000000000000e+00 9.9999999997324451e-07 1.4999999999598666e-06
8.7125000000000008e-01 1.0000000000000000e+00 0.0000000000000000e+00 9.9999999997324451e-07 1.4999999999598666e-06
8.7375000000000003e-01 1.0000000000000000e+00 0.0000000000000000e+00 9.9999999997324451e-07 1.4999999999598666e-06
8.7624999999999997e-01 1.0000000000000000e+00 0.0000000000000000e+00 9.9999999997324451e-07 1.4999999999598666e-06
8.7875000000000003e-01 1.0000000000000000e+00 0.0000000000000000e+00 9.9999999997324451e-07 1.4999999999598666e-06
8.8125000000000009e-01 1.0000000000000000e+00 0.0000000000000000e+00 9.9999999997324451e-07 1.4999999999598666e-06
8.8375000000000004e-01 1.0000000000000000e+00 0.0000000000000000e+00 9.9999999997324451e-07 1.4999999999598666e-06
8.8624999999999998e-01 1.0000000000000000e+00 0.0000000000000000e+00 9.9999999997324451e-07 1.4999999999598666e-06
8.8875000000000004e-01 1.0000000000000000e+00 0.0000000000000000e+00 9.9999999997324451e-07 1.4999999999598666e-06
8.9125000000000010e-01 1.0000000000000000e+00 0.0000000000000000e+00 9.9999999997324451e-07 1.4999999999598666e-06
8.9375000000000004e-01 1.0000000000000000e+00 0.0000000000000000e+00 9.9999999997324451e-07 1.4999999999598666e-06
8.9624999999999999e-01 1.0000000000000000e+00 0.0000000000000000e+00 9.9999999997324451e-07 1.4999999999598666e-06
8.9874999999999994e-01 1.0000000000000000e+00 0.0000000000000000e+00 9.9999999997324451e-07 1.4999999999598666e-06
9.0125000000000000e-01 1.0000000000000000e+00 0.0000000000000000e+00 9.9999999997324451e-07 1.4999999999598666e-06
9.0375000000000005e-01 1.0000000000000000e+00 0.0000000000000000e+00 9.9999999997324451e-07 1.4999999999598666e-06
9.0625000000000000e-01 1.0000000000000000e+00 0.0000000000000000e+00 9.9999999997324451e-07 1.4999999999598666e-06
9.0874999999999995e-01 1.0000000000000000e+00 0.0000000000000000e+00 9.9999999997324451e-07 1.4999999999598666e-06
9.1125000000000000e-01 1.0000000000000000e+00 0.0000000000000000e+00 9.9999999997324451e-07 1.4999999999598666e-06
9.1375000000000006e-01 1.0000000000000000e+00 0.0000000000000000e+00 9.9999999997324451e-07 1.4999999999598666e-06
9.1625000000000001e-01 1.0000000000000000e+00 0.0000000000000000e+00 9.9999999997324451e-07 1.4999999999598666e-06
9.1874999999999996e-01 1.0000000000000000e+00 0.0000000000000000e+00 9.9999999997324451e-07 1.4999999999598666e-06
9.2125000000000001e-01 1.0000000000000000e+00 0.0000000000000000e+00 9.9999999997324451e-07 1.4999999999598666e-06
9.2375000000000007e-01 1.0000000000000000e+00 0.0000000000000000e+00 9.9999999997324451e-07 1.4999999999598666e-06
9.2625000000000002e-01 1.0000000000000000e+00 0.0000000000000000e+00 9.9999999997324451e-07 1.4999999999598666e-06
9.2874999999999996e-01 1.0000000000000000e+00 0.0000000000000000e+00 9.9999999997324451e-07 1.4999999999598666e-06
9.3125000000000002e-01 1.0000000000000000e+00 0.0000000000000000e+00 9.9999999997324451e-07 1.4999999999598666e-06
9.3375000000000008e-01 1.0000000000000000e+00 0.0000000000000000e+00 9.9999999997324451e-07 1.4999999999598666e-06
9.3625000000000003e-01 1.0000000000000000e+00 0.0000000000000000e+00 9.9999999997324451e-07 1.4999999999598666e-06
9.3874999999999997e-01 1.0000000000000000e+00 0.0000000000000000e+00 9.9999999997324451e-07 1.4999999999598666e-06
9.4125000000000003e-01 1.0000000000000000e+00 0.0000000000000000e+00 9.9999999997324451e-07 1.4999999999598666e-06
9.4375000000000009e-01 1.0000000000000000e+00 0.0000000000000000e+00 9.9999999997324451e-07 1.4999999999598666e-06
9.4625000000000004e-01 1.0000000000000000e+00 0.0000000000000000e+00 9.9999999997324451e-07 1.4999999999598666e-06
9.4874999999999998e-01 1.0000000000000000e+00 0.0000000000000000e+00 9.9999999997324451e-07 1.4999999999598666e-06
9.5125000000000004e-01 1.0000000000000000e+00 0.0000000000000000e+00 9.9999999997324451e-07 1.4999999999598666e-06
9.5375000000000010e-01 1.0000000000000000e+00 0.0000000000000000e+00 9.9999999997324451e-07 1.4999999999598666e-06
9.5625000000000004e-01 1.0000000000000000e+00 0.0000000000000000e+00 9.9999999997324451e-07 1.4999999999598666e-06
9.5874999999999999e-01 1.0000000000000000e+00 0.0000000000000000e+00 9.9999999997324451e-07 1.4999999999598666e-06
9.6124999999999994e-01 1.0000000000000000e+00 0.0000000000000000e+00 9.9999999997324451e-07 1.4999999999598666e-06
9.6375000000000000e-01 1.0000000000000000e+00 0.0000000000000000e+00 9.9999999997324451e-07 1.4999999999598666e-06
9.6625000000000005e-01 1.0000000000000000e+00 0.0000000000000000e+00 9.9999999997324451e-07 1.4999999999598666e-06
9.6875000000000000e-01 1.0000000000000000e+00 0.0000000000000000e+00 9.9999999997324451e-07 1.4999999999598666e-06
9.7124999999999995e-01 1.0000000000000000e+00 0.0000000000000000e+00 9.9999999997324451e-07 1.4999999999598666e-06
9.7375000000000000e-01 1.0000000000000000e+00 0.0000000000000000e+00 9.9999999997324451e-07 1.4999999999598666e-06
9.7625000000000006e-01 1.0000000000000000e+00 0.0000000000000000e+00 9.9999999997324451e-07 1.4999999999598666e-06
9.7875000000000001e-01 1.0000000000000000e+00 0.0000000000000000e+00 9.9999999997324451e-07 1.4999999999598666e-06
9.8124999999999996e-01 1.0000000000000000e+00 0.0000000000000000e+00 9.9999999997324451e-07 1.4999999999598666e-06
9.8375000000000001e-01 1.0000000000000000e+00 0.0000000000000000e+00 9.9999999997324451e-07 1.4999999999598666e-06
9.8625000000000007e-01 1.0000000000000000e+00 0.0000000000000000e+00 9.9999999997324451e-07 1.4999999999598666e-06
9.8875000000000002e-01 1.0000000000000000e+00 0.0000000000000000e+00 9.9999999997324451e-07 1.4999999999598666e-06
9.9124999999999996e-01 1.0000000000000000e+00 0.0000000000000000e+00 9.9999999997324451e-07 1.4999999999598666e-06
9.9375000000000002e-01 1.0000000000000000e+00 0.0000000000000000e+00 9.9999999997324451e-07 1.4999999999598666e-06
9.9625000000000008e-01 1.0000000000000000e+00 0.0000000000000000e+00 9.9999999997324451e-07 1.4999999999598666e-06
9.9875000000000003e-01 1.0000000000000000e+00 0.0000000000000000e+00 9.9999999997324451e-07 1.4999999999598666e-06
