1.2500000000000000e-03 1.0000000000000000e+01 0.0000000000000000e+00 1.3333333333333341e+01 2.0000000000000009e+00
3.7499999999999999e-03 1.0000000000000000e+01 0.0000000000000000e+00 1.3333333333333341e+01 2.0000000000000009e+00
6.2500000000000003e-03 1.0000000000000000e+01 0.0000000000000000e+00 1.3333333333333341e+01 2.0000000000000009e+00
8.7500000000000008e-03 1.0000000000000000e+01 0.0000000000000000e+00 1.3333333333333341e+01 2.0000000000000009e+00
1.1250000000000000e-02 1.0000000000000000e+01 0.0000000000000000e+00 1.3333333333333341e+01 2.0000000000000009e+00
1.3750000000000000e-02 1.0000000000000000e+01 0.0000000000000000e+00 1.3333333333333341e+01 2.0000000000000009e+00
1.6250000000000001e-02 1.0000000000000000e+01 0.0000000000000000e+00 1.3333333333333341e+01 2.0000000000000009e+00
1.8750000000000003e-02 1.0000000000000000e+01 0.0000000000000000e+00 1.3333333333333341e+01 2.0000000000000009e+00
2.1249999999999998e-02 1.0000000000000000e+01 0.0000000000000000e+00 1.3333333333333341e+01 2.0000000000000009e+00
2.3750000000000000e-02 1.0000000000000000e+01 0.0000000000000000e+00 1.3333333333333341e+01 2.0000000000000009e+00
2.6250000000000002e-02 1.0000000000000000e+01 0.0000000000000000e+00 1.3333333333333341e+01 2.0000000000000009e+00
2.8749999999999998e-02 1.0000000000000000e+01 0.0000000000000000e+00 1.3333333333333341e+01 2.0000000000000009e+00
3.1250000000000000e-02 1.0000000000000000e+01 0.0000000000000000e+00 1.3333333333333341e+01 2.0000000000000009e+00
3.3750000000000002e-02 1.0000000000000000e+01 0.0000000000000000e+00 1.3333333333333341e+01 2.0000000000000009e+00
3.6250000000000004e-02 1.0000000000000000e+01 0.0000000000000000e+00 1.3333333333333341e+01 2.0000000000000009e+00
3.8750000000000000e-02 1.0000000000000000e+01 0.0000000000000000e+00 1.3333333333333341e+01 2.0000000000000009e+00
4.1250000000000002e-02 1.0000000000000000e+01 0.0000000000000000e+00 1.3333333333333341e+01 2.0000000000000009e+00
4.3749999999999997e-02 1.0000000000000000e+01 0.0000000000000000e+00 1.3333333333333341e+01 2.0000000000000009e+00
4.6249999999999999e-02 1.0000000000000000e+01 0.0000000000000000e+00 1.3333333333333341e+01 2.0000000000000009e+00
4.8750000000000002e-02 1.0000000000000000e+01 0.0000000000000000e+00 1.3333333333333341e+01 2.0000000000000009e+00
5.1250000000000004e-02 1.0000000000000000e+01 0.0000000000000000e+00 1.3333333333333341e+01 2.0000000000000009e+00
5.3749999999999999e-02 1.0000000000000000e+01 0.0000000000000000e+00 1.3333333333333341e+01 2.0000000000000009e+00
5.6250000000000001e-02 1.0000000000000000e+01 0.0000000000000000e+00 1.3333333333333341e+01 2.0000000000000009e+00
5.8749999999999997e-02 1.0000000000000000e+01 0.0000000000000000e+00 1.3333333333333341e+01 2.0000000000000009e+00
6.1249999999999999e-02 1.0000000000000000e+01 0.0000000000000000e+00 1.3333333333333341e+01 2.0000000000000009e+00
6.3750000000000001e-02 1.0000000000000000e+01 0.0000000000000000e+00 1.3333333333333341e+01 2.0000000000000009e+00
6.6250000000000003e-02 1.0000000000000000e+01 0.0000000000000000e+00 1.3333333333333341e+01 2.0000000000000009e+00
6.8750000000000006e-02 1.0000000000000000e+01 0.0000000000000000e+00 1.3333333333333341e+01 2.0000000000000009e+00
7.1250000000000008e-02 1.0000000000000000e+01 4.0366466230349171e-17 1.3333333333333341e+01 2.0000000000000009e+00
7.3749999999999996e-02 1.0000000000000000e+01 2.1689132803213060e-16 1.3333333333333341e+01 2.0000000000000009e+00
7.6249999999999998e-02 1.0000000000000000e+01 3.1403798280709338e-16 1.3333333333333332e+01 1.9999999999999998e+00
7.8750000000000001e-02 1.0000000000000000e+01 4.7920430859793778e-16 1.3333333333333329e+01 1.9999999999999991e+00
8.1250000000000003e-02 9.9999999999999947e+00 9.2316782047918583e-16 1.3333333333333318e+01 1.9999999999999987e+00
8.3750000000000005e-02 9.9999999999999787e+00 1.7606072134632770e-15 1.3333333333333286e+01 1.9999999999999971e+00
8.6250000000000007e-02 9.9999999999999520e+00 3.6272531974193837e-15 1.3333333333333234e+01 1.9999999999999947e+00
8.8749999999999996e-02 9.9999999999998970e+00 7.7968643854215557e-15 1.3333333333333099e+01 1.9999999999999853e+00
9.1249999999999998e-02 9.9999999999997637e+00 1.7441696800504499e-14 1.3333333333332799e+01 1.9999999999999671e+00
9.3750000000000000e-02 9.9999999999994547e+00 3.9546137414404310e-14 1.3333333333332112e+01 1.9999999999999258e+00
9.6250000000000002e-02 9.9999999999987548e+00 8.9720737169210836e-14 1.3333333333330552e+01 1.9999999999998319e+00
9.8750000000000004e-02 9.9999999999971685e+00 2.0314742824675779e-13 1.3333333333327040e+01 1.9999999999996221e+00
1.0125000000000001e-01 9.9999999999936193e+00 4.5763073157432352e-13 1.3333333333319141e+01 1.9999999999991471e+00
1.0375000000000001e-01 9.9999999999857305e+00 1.0226530788556902e-12 1.3333333333301605e+01 1.9999999999980946e+00
1.0625000000000000e-01 9.9999999999683755e+00 2.2652391015801775e-12 1.3333333333263045e+01 1.9999999999957814e+00
1.0875000000000000e-01 9.9999999999305729e+00 4.9723079401465020e-12 1.3333333333179038e+01 1.9999999999907407e+00
1.1125000000000000e-01 9.9999999998490079e+00 1.0813179469648148e-11 1.3333333332997787e+01 1.9999999999798665e+00
1.1375000000000000e-01 9.9999999996747331e+00 2.3293005151177232e-11 1.3333333332610518e+01 1.9999999999566311e+00
1.1625000000000001e-01 9.9999999993060253e+00 4.9696725236420792e-11 1.3333333331791167e+01 1.9999999999074698e+00
1.1874999999999999e-01 9.9999999985337134e+00 1.0500342834914602e-10 1.3333333330074915e+01 1.9999999998044944e+00
1.2125000000000000e-01 9.9999999969322673e+00 2.1968524449012893e-10 1.3333333326516144e+01 1.9999999995909679e+00
1.2375000000000000e-01 9.9999999936455044e+00 4.5505546825451388e-10 1.3333333319212224e+01 1.9999999991527324e+00
1.2625000000000000e-01 9.9999999869697049e+00 9.3311953983988016e-10 1.3333333304377101e+01 1.9999999982626242e+00
1.2875000000000000e-01 9.9999999735529208e+00 1.8939155456764012e-09 1.3333333274562031e+01 1.9999999964737205e+00
1.3125000000000001e-01 9.9999999468760983e+00 3.8042828093467617e-09 1.3333333215280188e+01 1.9999999929168084e+00
1.3375000000000001e-01 9.9999998944090276e+00 7.5615279960176054e-09 1.3333333098686690e+01 1.9999999859211977e+00
1.3625000000000001e-01 9.9999997923552186e+00 1.4869753055712000e-08 1.3333332871900460e+01 1.9999999723140245e+00
1.3875000000000001e-01 9.9999995960734793e+00 2.8925780631386508e-08 1.3333332435718827e+01 1.9999999461431257e+00
1.4125000000000001e-01 9.9999992228637602e+00 5.5651884220181063e-08 1.3333331606363945e+01 1.9999998963818313e+00
1.4374999999999999e-01 9.9999985214770959e+00 1.0587922854529458e-07 1.3333330047727122e+01 1.9999998028636199e+00
1.4624999999999999e-01 9.9999972189183506e+00 1.9915740650432641e-07 1.3333327153152819e+01 1.9999996291891493e+00
1.4874999999999999e-01 9.9999948290709053e+00 3.7029796893809684e-07 1.3333321842382997e+01 1.9999993105429117e+00
1.5125000000000000e-01 9.9999904982793044e+00 6.8043250910399824e-07 1.3333312218409167e+01 1.9999987331043103e+00
1.5375000000000000e-01 9.9999827487995638e+00 1.2353846605144195e-06 1.3333294997367100e+01 1.9999976998411839e+00
1.5625000000000000e-01 9.9999690601126563e+00 2.2156531470292356e-06 1.3333264578137987e+01 1.9999958746854027e+00
1.5875000000000000e-01 9.9999451983861682e+00 3.9244309079606087e-06 1.3333211552308118e+01 1.9999926931289411e+00
1.6125000000000000e-01 9.9999041638382486e+00 6.8629885225414868e-06 1.3333120365103795e+01 1.9999872218754589e+00
1.6375000000000001e-01 9.9998345731690694e+00 1.1846518119408384e-05 1.3332965721137651e+01 1.9999779431719544e+00
1.6625000000000001e-01 9.9997182303378533e+00 2.0178114194922624e-05 1.3332707187039430e+01 1.9999624309297612e+00
1.6875000000000001e-01 9.9995265684033203e+00 3.3903633725718072e-05 1.3332281286737604e+01 1.9999368763415031e+00
1.7125000000000001e-01 9.9992155789327182e+00 5.6174950824026767e-05 1.3331590239144500e+01 1.9998954118810186e+00
1.7375000000000002e-01 9.9987188039713359e+00 9.1752165866423256e-05 1.3330486398187109e+01 1.9998291770480301e+00
1.7625000000000002e-01 9.9979379809793958e+00 1.4767438190796679e-04 1.3328751494415297e+01 1.9997250712755894e+00
1.7874999999999999e-01 9.9967310482078844e+00 2.3412060185953973e-04 1.3326070047358611e+01 1.9995641549865810e+00
1.8124999999999999e-01 9.9948974901210743e+00 3.6546344047867259e-04 1.3321996940402016e+01 1.9993196959102535e+00
1.8375000000000000e-01 9.9921614805024923e+00 5.6148524939939634e-04 1.3315920242371408e+01 1.9989549210680542e+00
1.8625000000000000e-01 9.9881539915112452e+00 8.4867725223117957e-04 1.3307021985499723e+01 1.9984206285980057e+00
1.8875000000000000e-01 9.9823959509729594e+00 1.2614796537542112e-03 1.3294241703481891e+01 1.9976529335403892e+00
1.9125000000000000e-01 9.9742855260959118e+00 1.8432530130375259e-03 1.3276249817386285e+01 1.9965715513133317e+00
1.9375000000000001e-01 9.9630934493994410e+00 2.6467148908203863e-03 1.3251439873250174e+01 1.9950791298734050e+00
1.9625000000000001e-01 9.9479706296326231e+00 3.7335543248323329e-03 1.3217949356304386e+01 1.9930621804810036e+00
1.9875000000000001e-01 9.9279717066769653e+00 5.1729758000641779e-03 1.3173717385604295e+01 1.9903940766789907e+00
2.0125000000000001e-01 9.9020963991036250e+00 7.0390433823787268e-03 1.3116583278912167e+01 1.9869403533729779e+00
2.0375000000000001e-01 9.8693474014760429e+00 9.4068967023553211e-03 1.3044422651565812e+01 1.9825661395222913e+00
2.0625000000000002e-01 9.8287995739190794e+00 1.2348170315720238e-02 1.2955308269382856e+01 1.9771450478693293e+00
2.0874999999999999e-01 9.7796710273490621e+00 1.5926218334550046e-02 1.2847673300828353e+01 1.9705683245734269e+00
2.1124999999999999e-01 9.7213835013377672e+00 2.0191966195297218e-02 1.2720447538323583e+01 1.9627526580820176e+00
2.1375000000000000e-01 9.6535980913299309e+00 2.5181330823753061e-02 1.2573134880017093e+01 1.9536448629411944e+00
2.1625000000000000e-01 9.5762133869836710e+00 3.0915153098770607e-02 1.2405803768890033e+01 1.9432216995737233e+00
2.1875000000000000e-01 9.4893164420313383e+00 3.7402577105446103e-02 1.2218968108430694e+01 1.9314828707221978e+00
2.2125000000000000e-01 9.3930964243568909e+00 4.4649002948728464e-02 1.2013338344518536e+01 1.9184310160013673e+00
2.2375000000000000e-01 9.2879515624809024e+00 5.2666213562409331e-02 1.1789551711377529e+01 1.9040072989293921e+00
2.2625000000000001e-01 9.1782327939259201e+00 6.1132375671482921e-02 1.1557519038175652e+01 1.8888471175776329e+00
2.2875000000000001e-01 9.0688276162940493e+00 6.9630353431301542e-02 1.1328604914720353e+01 1.8737711301898834e+00
2.3125000000000001e-01 8.9607644203049208e+00 7.8093886934439999e-02 1.1104575743141096e+01 1.8588663682495110e+00
2.3375000000000001e-01 8.8542842611851711e+00 8.6513881070771473e-02 1.0885601613614105e+01 1.8441244869447588e+00
2.3625000000000002e-01 8.7494799474646854e+00 9.4883231104426369e-02 1.0671768693343278e+01 1.8295548005288489e+00
2.3875000000000002e-01 8.6463799841069005e+00 1.0319471044769715e-01 1.0463071214757431e+01 1.8151650576292901e+00
2.4124999999999999e-01 8.5449931961095604e+00 1.1144163795715896e-01 1.0259453798883451e+01 1.8009588006847912e+00
2.4374999999999999e-01 8.4453279091788076e+00 1.1961916120979871e-01 1.0060856390257749e+01 1.7869388551490883e+00
2.4625000000000000e-01 8.3473970499945551e+00 1.2772455447755182e-01 9.8672295149550795e+00 1.7731089324955822e+00
2.4875000000000000e-01 8.2512066286415831e+00 1.3575598415660725e-01 9.6785109519251957e+00 1.7594719271110884e+00
2.5124999999999997e-01 8.1567429043091284e+00 1.4371114147607053e-01 9.4946005434616243e+00 1.7460279160777001e+00
2.5375000000000003e-01 8.0639754080963275e+00 1.5158724639489149e-01 9.3153675985722320e+00 1.7327745548218361e+00
2.5624999999999998e-01 7.9728730254626790e+00 1.5938222074511077e-01 9.1406829611920806e+00 1.7197093692574448e+00
2.5875000000000004e-01 7.8834147382843405e+00 1.6709548776179639e-01 8.9704393414101204e+00 1.7068312982152605e+00
2.6124999999999998e-01 7.7955839486440608e+00 1.7472740562169742e-01 8.8045398257701972e+00 1.6941398906944547e+00
2.6375000000000004e-01 7.7093549715913374e+00 1.8227800582002956e-01 8.6428722916957703e+00 1.6816333513395878e+00
2.6624999999999999e-01 7.6246885335389596e+00 1.8974648534343810e-01 8.4853016490520226e+00 1.6693078566542336e+00
2.6875000000000004e-01 7.5415415240689718e+00 1.9713196272203770e-01 8.3316886623221240e+00 1.6571589447060753e+00
2.7124999999999999e-01 7.4598795319720477e+00 2.0443453468004305e-01 8.1819130541468468e+00 1.6451833476157876e+00
2.7375000000000005e-01 7.3796780680489871e+00 2.1165536971284318e-01 8.0358750903737786e+00 1.6333791968173770e+00
2.7625000000000000e-01 7.3009118637565358e+00 2.1879572833810146e-01 7.8934756118610716e+00 1.6217444668205412e+00
2.7875000000000005e-01 7.2235451597707714e+00 2.2585603714444477e-01 7.7545986797262234e+00 1.6102755312404602e+00
2.8125000000000000e-01 7.1475342730375067e+00 2.3283606114628330e-01 7.6191167581898922e+00 1.5989675181267737e+00
2.8375000000000006e-01 7.0728394066368603e+00 2.3973594695943665e-01 7.4869119798795474e+00 1.5878160557811065e+00
2.8625000000000000e-01 6.9994321876511787e+00 2.4655691560354240e-01 7.3578890393513401e+00 1.5768184137134520e+00
2.8875000000000001e-01 6.9272904960083768e+00 2.5330079406556050e-01 7.2319654417075867e+00 1.5659727520900346e+00
2.9125000000000001e-01 6.8563867179381424e+00 2.5996891012452039e-01 7.1090507906826339e+00 1.5552763612538338e+00
2.9374999999999996e-01 6.7866829554885459e+00 2.6656160696310183e-01 6.9890388609409708e+00 1.5447249208736296e+00
2.9625000000000001e-01 6.7181386493803004e+00 2.7307892669421258e-01 6.8718211523812194e+00 1.5343136345545119e+00
2.9874999999999996e-01 6.6507219039456436e+00 2.7952167698907027e-01 6.7573061657480009e+00 1.5240389532162948e+00
3.0125000000000002e-01 6.5844117139666736e+00 2.8589166089212237e-01 6.6454226008914876e+00 1.5138989380316388e+00
3.0374999999999996e-01 6.5191887370319241e+00 2.9219080551285864e-01 6.5361032850629384e+00 1.5038918680022866e+00
3.0625000000000002e-01 6.4550251307908333e+00 2.9842016983161740e-01 6.4292681822131135e+00 1.4940146750657426e+00
3.0874999999999997e-01 6.3918847634178233e+00 3.0457993491133584e-01 6.3248251775659590e+00 1.4842629549028337e+00
3.1125000000000003e-01 6.3297333134388420e+00 3.1067036789834479e-01 6.2226870388409683e+00 1.4746325154717179e+00
3.1374999999999997e-01 6.2685469348381178e+00 3.1669267764081666e-01 6.1227853882923711e+00 1.4651207333866334e+00
3.1625000000000003e-01 6.2083101481201091e+00 3.2264882988628274e-01 6.0250667105074491e+00 1.4557262524163326e+00
3.1874999999999998e-01 6.1490056404555977e+00 3.2854055067305682e-01 5.9294755064212046e+00 1.4464474062464525e+00
3.2125000000000004e-01 6.0906071901573826e+00 3.3436861168423077e-01 5.8359430727720181e+00 1.4372811011855493e+00
3.2374999999999998e-01 6.0330830313432848e+00 3.4013314356524676e-01 5.7443932689188806e+00 1.4282233243953564e+00
3.2625000000000004e-01 5.9764055573496746e+00 3.4583459886887774e-01 5.6547580592487341e+00 1.4192706648634181e+00
3.2874999999999999e-01 5.9205568465544820e+00 3.5147432046044291e-01 5.5669859251875122e+00 1.4104211992560969e+00
3.3125000000000004e-01 5.8655244865487681e+00 3.5705413980572859e-01 5.4810348538892351e+00 1.4016738485514966e+00
3.3374999999999999e-01 5.8112926137205392e+00 3.6257547558176478e-01 5.3968581818296659e+00 1.3930269581730261e+00
3.3625000000000005e-01 5.7578377864516677e+00 3.6803890280103535e-01 5.3143983985059791e+00 1.3844776274379127e+00
3.3875000000000000e-01 5.7051336755517736e+00 3.7344461721738192e-01 5.2335946624835827e+00 1.3760224457783841e+00
3.4125000000000005e-01 5.6531590996091268e+00 3.7879325739729902e-01 5.1543951301764226e+00 1.3676587831747411e+00
3.4375000000000000e-01 5.6019006742939572e+00 3.8408619047753884e-01 5.0767607030451565e+00 1.3593852332141747e+00
3.4625000000000006e-01 5.5513475751819552e+00 3.8932498570256119e-01 5.0006567970511835e+00 1.3512007839521589e+00
3.4875000000000000e-01 5.5014844226179642e+00 3.9451067884562219e-01 4.9260426016714058e+00 1.3431036670991627e+00
3.5125000000000001e-01 5.4522901377241837e+00 3.9964364277832015e-01 4.8528695778303943e+00 1.3350911603878830e+00
3.5375000000000001e-01 5.4037436443037441e+00 4.0472417296661872e-01 4.7810901025941170e+00 1.3271605068554688e+00
3.5624999999999996e-01 5.3558299636398319e+00 4.0975312812477815e-01 4.7106663820916914e+00 1.3193099148232612e+00
3.5875000000000001e-01 5.3085397224098365e+00 4.1473189095288282e-01 4.6415694497603903e+00 1.3115384905662892e+00
3.6124999999999996e-01 5.2618630082134636e+00 4.1966173017309666e-01 4.5737700104593326e+00 1.3038452359895940e+00
3.6375000000000002e-01 5.2157842082339796e+00 4.2454325333007187e-01 4.5072310222183276e+00 1.2962281918516441e+00
3.6624999999999996e-01 5.1702840567812398e+00 4.2937661504640567e-01 4.4419108617695455e+00 1.2886847646050388e+00
3.6875000000000002e-01 5.1253460316766004e+00 4.3416219401277006e-01 4.3777725741233890e+00 1.2812127845809078e+00
3.7124999999999997e-01 5.0809606614747942e+00 4.3890106020403324e-01 4.3147898462447278e+00 1.2738112338560168e+00
3.7375000000000003e-01 5.0371219670771410e+00 4.4359460800798606e-01 4.2529417046285234e+00 1.2664796680800894e+00
3.7624999999999997e-01 4.9938208908784434e+00 4.4824385749672357e-01 4.1922031769361103e+00 1.2592171210806109e+00
3.7875000000000003e-01 4.9510414958515723e+00 4.5284904087541789e-01 4.1325401240111823e+00 1.2520214567401007e+00
3.8124999999999998e-01 4.9087659600279254e+00 4.5741013075003412e-01 4.0739164125400622e+00 1.2448901961452097e+00
3.8375000000000004e-01 4.8669810027301965e+00 4.6192753404037257e-01 4.0163028119182345e+00 1.2378216012139465e+00
3.8624999999999998e-01 4.8256814301022120e+00 4.6640248521264732e-01 3.9596816479033694e+00 1.2308152864805353e+00
3.8875000000000004e-01 4.7848636284855921e+00 4.7083635406951624e-01 3.9040376272504158e+00 1.2238711268619924e+00
3.9124999999999999e-01 4.7445196348163581e+00 4.7523000304088070e-01 3.8493497505024172e+00 1.2169882454237362e+00
3.9375000000000004e-01 4.7046336127953792e+00 4.7958339732609412e-01 3.7955867334739790e+00 1.2101643972288205e+00
3.9624999999999999e-01 4.6651894962221814e+00 4.8389642932816118e-01 3.7427175178008460e+00 1.2033972641941952e+00
3.9875000000000005e-01 4.6261759381297152e+00 4.8816946267631733e-01 3.6907178524729360e+00 1.1966853082867286e+00
4.0125000000000000e-01 4.5875907491373873e+00 4.9240382638318192e-01 3.6395759821088327e+00 1.1900285513021802e+00
4.0375000000000005e-01 4.5494314417833897e+00 4.9660078898252613e-01 3.5892798765289800e+00 1.1834269586625439e+00
4.0625000000000000e-01 4.5116911971520581e+00 5.0076111237805954e-01 3.5398119724915578e+00 1.1768797390408769e+00
4.0875000000000006e-01 4.4743543693850638e+00 5.0488455099728913e-01 3.4911434895771674e+00 1.1703845520589515e+00
4.1125000000000000e-01 4.4374082724559436e+00 5.0897114288519563e-01 3.4432499920029405e+00 1.1639395500441163e+00
4.1375000000000006e-01 4.4008435109341963e+00 5.1302125350440020e-01 3.3961117054191212e+00 1.1575434449036586e+00
4.1625000000000001e-01 4.3646594793286555e+00 5.1703618963423437e-01 3.3497204312200610e+00 1.1511964840846967e+00
4.1874999999999996e-01 4.3288520017939867e+00 5.2101683820940070e-01 3.3040635119543369e+00 1.1448982930988567e+00
4.2125000000000001e-01 4.2934156818284288e+00 5.2496391896672090e-01 3.2591269271400285e+00 1.1386482821593702e+00
4.2374999999999996e-01 4.2583354167675367e+00 5.2887703598589175e-01 3.2148846546470629e+00 1.1324441383791175e+00
4.2625000000000002e-01 4.2236017374783366e+00 5.3275637202932147e-01 3.1713181929621861e+00 1.1262845280207192e+00
4.2874999999999996e-01 4.1892070199816134e+00 5.3660226833390912e-01 3.1284116428260678e+00 1.1201684332753976e+00
4.3125000000000002e-01 4.1551561750118360e+00 5.4041641163142029e-01 3.0861648665362820e+00 1.1140970651461100e+00
4.3374999999999997e-01 4.1214437544536455e+00 5.4419927452588868e-01 3.0445648726746466e+00 1.1080697884271788e+00
4.3625000000000003e-01 4.0880609327725521e+00 5.4795087561837030e-01 3.0035947061888590e+00 1.1020853488667790e+00
4.3874999999999997e-01 4.0549908298784345e+00 5.5167024747899973e-01 2.9632278575964013e+00 1.0961410205033324e+00
4.4125000000000003e-01 4.0222349081754709e+00 5.5535839428053047e-01 2.9234604968389126e+00 1.0902373544481863e+00
4.4374999999999998e-01 3.9897893462412206e+00 5.5901566324585394e-01 2.8842824021877944e+00 1.0843739425384984e+00
4.4625000000000004e-01 3.9576562648145006e+00 5.6264302499127683e-01 2.8456905863231805e+00 1.0785514440539319e+00
4.4874999999999998e-01 3.9258293335430934e+00 5.6624049209917182e-01 2.8076719526265794e+00 1.0727689797811326e+00
4.5125000000000004e-01 3.8943126668018273e+00 5.6980928358432414e-01 2.7702259737348909e+00 1.0670275645881495e+00
4.5374999999999999e-01 3.8630870056975479e+00 5.7334804990267707e-01 2.7333244864358979e+00 1.0613239421237217e+00
4.5625000000000004e-01 3.8321359540818993e+00 5.7685583217508596e-01 2.6969432110489295e+00 1.0556553486220432e+00
4.5874999999999999e-01 3.8014646425739786e+00 5.8033414138867123e-01 2.6610834390649769e+00 1.0500229605962423e+00
4.6125000000000005e-01 3.7710893818135811e+00 5.8378572998716005e-01 2.6257593564039641e+00 1.0444300401895505e+00
4.6375000000000000e-01 3.7410056487803582e+00 5.8721090193888681e-01 2.5909607396857637e+00 1.0388760334525828e+00
4.6625000000000005e-01 3.7111813699580622e+00 5.9060670889207378e-01 2.5566458754200343e+00 1.0333552663779910e+00
4.6875000000000000e-01 3.6816121242620841e+00 5.9397317948629724e-01 2.5228054585103128e+00 1.0278671571150229e+00
4.7125000000000006e-01 3.6523191400402242e+00 5.9731304515076200e-01 2.4894595025131898e+00 1.0224159254956724e+00
4.7375000000000000e-01 3.6233020076725042e+00 6.0062633807917531e-01 2.4566030918285562e+00 1.0170017928231991e+00
4.7625000000000006e-01 3.5945430196830657e+00 6.0391100396022612e-01 2.4242118127719885e+00 1.0116216996837055e+00
4.7875000000000001e-01 3.5660421720264068e+00 6.0716716251981717e-01 2.3922814020178391e+00 1.0062758458595664e+00
4.8124999999999996e-01 3.5378119270057313e+00 6.1039667094799888e-01 2.3608215550537643e+00 1.0009668138514671e+00
4.8375000000000001e-01 3.5098497440164285e+00 6.1359984132953083e-01 2.3298253445293171e+00 9.9569448029841867e-01
4.8624999999999996e-01 3.4821290645934884e+00 6.1677435109098278e-01 2.2992592935051217e+00 9.9045408032867199e-01
4.8875000000000002e-01 3.4546366020396619e+00 6.1992046077171692e-01 2.2691045862787003e+00 9.8524310123052816e-01
4.9124999999999996e-01 3.4273839732221409e+00 6.2304397408646106e-01 2.2393717173197021e+00 9.8006456300886724e-01
4.9375000000000002e-01 3.4003688311841240e+00 6.2614999905660784e-01 2.2100518122475070e+00 9.7491709957147143e-01
4.9624999999999997e-01 3.3735601971042670e+00 6.2923358114783956e-01 2.1810944776683772e+00 9.6978904342979144e-01
4.9875000000000003e-01 3.3467940632034718e+00 6.3230197258589471e-01 2.1523579427629662e+00 9.6466554355429024e-01
5.0124999999999997e-01 3.3200365961508629e+00 6.3537263936837585e-01 2.1237749365514675e+00 9.5952629212598117e-01
5.0375000000000003e-01 3.2933155284986473e+00 6.3844537282215230e-01 2.0954092153359745e+00 9.5439194811583694e-01
5.0625000000000009e-01 3.2661866618031294e+00 6.4155463054224626e-01 2.0668329903825855e+00 9.4919544000046696e-01
5.0875000000000004e-01 3.2385154125433369e+00 6.4473592578053940e-01 2.0377812127761636e+00 9.4384970574023530e-01
5.1124999999999998e-01 3.2106873187813170e+00 6.4794304982047080e-01 2.0086669294454085e+00 9.3842847185497946e-01
5.1374999999999993e-01 3.1830225167713171e+00 6.5113193594152519e-01 1.9799013012155371e+00 9.3302888565040998e-01
5.1624999999999999e-01 3.1555960779847063e+00 6.5429227741919849e-01 1.9515689273480588e+00 9.2767049986055772e-01
5.1875000000000004e-01 3.1283914698356208e+00 6.5742657071645372e-01 1.9236373474211665e+00 9.2234493315613209e-01
5.2124999999999999e-01 3.1013867511285294e+00 6.6053833057318667e-01 1.8960689543815727e+00 9.1704249092360035e-01
5.2374999999999994e-01 3.0745481813599387e+00 6.6363149054699511e-01 1.8688307720426296e+00 9.1175873419684317e-01
5.2625000000000000e-01 3.0478500166768798e+00 6.6670970869009527e-01 1.8418907843765731e+00 9.0648692076299220e-01
5.2875000000000005e-01 3.0212686770470314e+00 6.6977604218188858e-01 1.8152201403794432e+00 9.0122081205649063e-01
5.3125000000000000e-01 2.9947841414573539e+00 6.7283268383512762e-01 1.7887936875645407e+00 8.9595456787783301e-01
5.3374999999999995e-01 2.9683647330344951e+00 6.7588164996786659e-01 1.7625916874023717e+00 8.9068823035125078e-01
5.3625000000000000e-01 2.9419837938828688e+00 6.7892522313132375e-01 1.7365923771377114e+00 8.8541907372936290e-01
5.3875000000000006e-01 2.9156254282141507e+00 6.8196553406752769e-01 1.7107750550737568e+00 8.8014137816819460e-01
5.4125000000000001e-01 2.8892744960933832e+00 6.8500452427462333e-01 1.6851244805090166e+00 8.7485170556872838e-01
5.4374999999999996e-01 2.8629185555476555e+00 6.8804404857968016e-01 1.6596273740446255e+00 8.6954658777945082e-01
5.4625000000000001e-01 2.8365490491299976e+00 6.9108585044632220e-01 1.6342699339772144e+00 8.6422087491055211e-01
5.4875000000000007e-01 2.8101633289388284e+00 6.9413085619878501e-01 1.6090424592243942e+00 8.5886954113375291e-01
5.5125000000000002e-01 2.7837412209403340e+00 6.9718074798968110e-01 1.5839296226628929e+00 8.5348969082398185e-01
5.5374999999999996e-01 2.7572270516340049e+00 7.0024094622806921e-01 1.5588863777875861e+00 8.4807290908292210e-01
5.5625000000000002e-01 2.7305331547638509e+00 7.0332083534505552e-01 1.5338378658429757e+00 8.4260350208545387e-01
5.5875000000000008e-01 2.7035365370642066e+00 7.0643449805487923e-01 1.5086745545202236e+00 8.3705613027806869e-01
5.6125000000000003e-01 2.6760573454700851e+00 7.0960356663842550e-01 1.4832299244065148e+00 8.3138909200727473e-01
5.6374999999999997e-01 2.6481114127143752e+00 7.1283004250634696e-01 1.4574974248476860e+00 8.2558691706652032e-01
5.6625000000000003e-01 2.6203302135231064e+00 7.1604181148238277e-01 1.4320561502547158e+00 8.1977615427862993e-01
5.6875000000000009e-01 2.5933638573698348e+00 7.1915320170952690e-01 1.4075990972844685e+00 8.1415441952987777e-01
5.7125000000000004e-01 2.5678472339024614e+00 7.2209808677143106e-01 1.3845554719762918e+00 8.0878378610093171e-01
5.7374999999999998e-01 2.5445169507876471e+00 7.2477602150538378e-01 1.3637271069106662e+00 8.0392101916742709e-01
5.7625000000000004e-01 2.5244377337236674e+00 7.2708955507453310e-01 1.3458865961767967e+00 7.9971467202216295e-01
5.7874999999999999e-01 2.5084238279622895e+00 7.2893270427643941e-01 1.3317250650613133e+00 7.9635170712546766e-01
5.8125000000000004e-01 2.4969177050645626e+00 7.3024533475410613e-01 1.3216117323034284e+00 7.9394590956448174e-01
5.8374999999999999e-01 2.4900378756010939e+00 7.3103359978855253e-01 1.3155643946906088e+00 7.9249661676714389e-01
5.8624999999999994e-01 2.4871119124711725e+00 7.3137053284360931e-01 1.3130106565549928e+00 7.9188876662795404e-01
5.8875000000000000e-01 2.4865038377342041e+00 7.3143688994452283e-01 1.3125150070192968e+00 7.9178341921360740e-01
5.9125000000000005e-01 2.4872664144533294e+00 7.3134414925392333e-01 1.3132296474217562e+00 7.9197164392443331e-01
5.9375000000000000e-01 2.4906656706193919e+00 7.3094647830156223e-01 1.3162690355777593e+00 7.9272122977293602e-01
5.9624999999999995e-01 2.4981902077520672e+00 7.3007275178802133e-01 1.3229523780430019e+00 7.9434646765753680e-01
5.9875000000000000e-01 2.5113605472605860e+00 7.2854775192913768e-01 1.3346508553871532e+00 7.9716800730365178e-01
6.0125000000000006e-01 2.5312896153181694e+00 7.2624446945827781e-01 1.3523978666318472e+00 8.0140841556480180e-01
6.0375000000000001e-01 2.5555845369364385e+00 7.2344815217205760e-01 1.3740741091818736e+00 8.0651261344835468e-01
6.0624999999999996e-01 2.5769670175473305e+00 7.2097667794327558e-01 1.3933454596600834e+00 8.1103800524359559e-01
6.0875000000000001e-01 2.5921461984867649e+00 7.1921556514717777e-01 1.4071225492895665e+00 8.1426110346959524e-01
6.1125000000000007e-01 2.6028549934783753e+00 7.1796969896104279e-01 1.4168830637740744e+00 8.1653591959070027e-01
6.1375000000000002e-01 2.6104839995397415e+00 7.1708396699053245e-01 1.4238585411521143e+00 8.1815778687198826e-01
6.1624999999999996e-01 2.6159681640784336e+00 7.1644755059740095e-01 1.4288975465560845e+00 8.1933195872404474e-01
6.1875000000000002e-01 2.6199064372586309e+00 7.1598561682321837e-01 1.4325428190262794e+00 8.2018739218330838e-01
6.2125000000000008e-01 2.6227183152485565e+00 7.1565252223359321e-01 1.4351694735032197e+00 8.2081030118204346e-01
6.2375000000000003e-01 2.6246993660800255e+00 7.1541757271193596e-01 1.4370379082254068e+00 8.2125857543731662e-01
6.2624999999999997e-01 2.6260572985030892e+00 7.1525517597762744e-01 1.4383277520668027e+00 8.2157066006519430e-01
6.2875000000000003e-01 2.6269574592762184e+00 7.1514451253733458e-01 1.4391915338006231e+00 8.2178236007511352e-01
6.3125000000000009e-01 2.6275390104282694e+00 7.1506980963603839e-01 1.4397724419088822e+00 8.2193210235585223e-01
6.3375000000000004e-01 2.6279156371295782e+00 7.1501812475947135e-01 1.4401847139508084e+00 8.2204962762268952e-01
6.3624999999999998e-01 2.6281838204558330e+00 7.1497858288812632e-01 1.4405073061192153e+00 8.2214985967155807e-01
6.3875000000000004e-01 2.6284190509074166e+00 7.1494331800162858e-01 1.4407935829916705e+00 8.2223965533250554e-01
6.4124999999999999e-01 2.6286540814560020e+00 7.1490822705628465e-01 1.4410761440038047e+00 8.2232737706149472e-01
6.4375000000000004e-01 2.6288915387425500e+00 7.1487183720486613e-01 1.4413677120799848e+00 8.2241946320620296e-01
6.4624999999999999e-01 2.6291391888077058e+00 7.1483256143396245e-01 1.4416791473379216e+00 8.2251967876511234e-01
6.4874999999999994e-01 2.6293942457791775e+00 7.1479056741164404e-01 1.4420070858549439e+00 8.2262697283017860e-01
6.5125000000000000e-01 2.6297583971037213e+00 7.1473995333162699e-01 1.4424089644426989e+00 8.2274229033622981e-01
6.5375000000000005e-01 2.6303417955151902e+00 7.1466382774140902e-01 1.4430137316081582e+00 8.2290468907987857e-01
6.5625000000000000e-01 2.6310328165070893e+00 7.1457296266837456e-01 1.4437305087216286e+00 8.2309720711026624e-01
6.5874999999999995e-01 2.6315689362614560e+00 7.1449510874461652e-01 1.4443479849143464e+00 8.2328148334559437e-01
6.6125000000000000e-01 2.6319336025162183e+00 7.1443715444002531e-01 1.4448190280406485e+00 8.2343587239018046e-01
6.6375000000000006e-01 2.6322091909672749e+00 7.1439337984289242e-01 1.4451646242030904e+00 8.2354660250541845e-01
6.6625000000000001e-01 2.6323498869501774e+00 7.1436112578313582e-01 1.4454332848870253e+00 8.2365567665571293e-01
6.6874999999999996e-01 2.6324304745661791e+00 7.1433735479660154e-01 1.4456296650707252e+00 8.2374236226065733e-01
6.7125000000000001e-01 2.6324853969115627e+00 7.1431756793224477e-01 1.4457885246077518e+00 8.2381569502946939e-01
6.7375000000000007e-01 2.6325149273949573e+00 7.1429955343754237e-01 1.4459321904830162e+00 8.2388831423295605e-01
6.7625000000000002e-01 2.6324946229829682e+00 7.1428515757972066e-01 1.4460494197142142e+00 8.2396146629673650e-01
6.7874999999999996e-01 2.6324702898624022e+00 7.1427043390050249e-01 1.4461677954947587e+00 8.2403653389589582e-01
6.8125000000000002e-01 2.6325025421561472e+00 7.1424672631696784e-01 1.4463562397862606e+00 8.2413381371416905e-01
6.8375000000000008e-01 2.6325608020133311e+00 7.1421654589002270e-01 1.4465994840716447e+00 8.2425417276135482e-01
6.8625000000000003e-01 2.6326303125378754e+00 7.1418260348093232e-01 1.4468735725263233e+00 8.2438857763408846e-01
6.8874999999999997e-01 2.6326974010235640e+00 7.1414656803475585e-01 1.4471642367247304e+00 8.2453317811729254e-01
6.9125000000000003e-01 2.6327352463887799e+00 7.1411144499597090e-01 1.4474474346706332e+00 8.2468267744888535e-01
6.9375000000000009e-01 2.6327089745612304e+00 7.1408180461663551e-01 1.4476867297881235e+00 8.2482724663636409e-01
6.9625000000000004e-01 2.6325836977165791e+00 7.1406281572643759e-01 1.4478412858047731e+00 8.2495456102340747e-01
6.9874999999999998e-01 2.6323225095688225e+00 7.1405992153773012e-01 1.4478683606503180e+00 8.2505184417209598e-01
7.0125000000000004e-01 2.6318865772533746e+00 7.1407817699896070e-01 1.4477283603624687e+00 8.2510871072945990e-01
7.0374999999999999e-01 2.6312423496951127e+00 7.1412125564429907e-01 1.4473923191653879e+00 8.2511916053633372e-01
7.0625000000000004e-01 2.6304838591361541e+00 7.1417785927877575e-01 1.4469498232876501e+00 8.2510475302602238e-01
7.0874999999999999e-01 2.6298315928890110e+00 7.1422043098460442e-01 1.4466198685659974e+00 8.2512120118886079e-01
7.1124999999999994e-01 2.6293795369128525e+00 7.1423700373277843e-01 1.4464864181438950e+00 8.2518692975123553e-01
7.1375000000000000e-01 2.6290420381548967e+00 7.1423293667441312e-01 1.4465182405973800e+00 8.2531101800823770e-01
7.1625000000000005e-01 2.6287598224708471e+00 7.1421346132071462e-01 1.4466764806692793e+00 8.2548991446630504e-01
7.1875000000000000e-01 2.6285119720611250e+00 7.1418139375655765e-01 1.4469335680867415e+00 8.2571446323990350e-01
7.2124999999999995e-01 2.6282556288795131e+00 7.1413970556170625e-01 1.4472666625529578e+00 8.2598510204844178e-01
7.2375000000000000e-01 2.6278989767027392e+00 7.1409678910596230e-01 1.4476104396672109e+00 8.2629343013228052e-01
7.2625000000000006e-01 2.6273278245472471e+00 7.1406341776761317e-01 1.4478800548479716e+00 8.2662698654524192e-01
7.2875000000000001e-01 2.6264517803853140e+00 7.1404688895302104e-01 1.4480178336352618e+00 8.2698139241461543e-01
7.3124999999999996e-01 2.6252429501342895e+00 7.1404616489921091e-01 1.4480317805408951e+00 8.2737015661740387e-01
7.3375000000000001e-01 2.6237423068064554e+00 7.1405064844136512e-01 1.4480052833749684e+00 8.2782822056414473e-01
7.3625000000000007e-01 2.6220218558769854e+00 7.1404382814356737e-01 1.4480683690646750e+00 8.2840749352583509e-01
7.3875000000000002e-01 2.6201028656758973e+00 7.1401142764289716e-01 1.4483324994555524e+00 8.2916544141975801e-01
7.4124999999999996e-01 2.6178539335894726e+00 7.1395039455709874e-01 1.4488188146772676e+00 8.3015640946631331e-01
7.4375000000000002e-01 2.6150034937381177e+00 7.1388090527653170e-01 1.4493725148950598e+00 8.3137891691104293e-01
7.4625000000000008e-01 2.6122716517278919e+00 7.1382857213406858e-01 1.4497940218371568e+00 8.3249038487910765e-01
7.4875000000000003e-01 2.6110481375344552e+00 7.1379912616017427e-01 1.4500388121231564e+00 8.3302111015026525e-01
7.5124999999999997e-01 2.6108333631507183e+00 7.1379060332832600e-01 1.4501373101454553e+00 8.3314622676384587e-01
7.5375000000000003e-01 2.6108630632876935e+00 7.1381749870921218e-01 1.4499211793848041e+00 8.3301257720445754e-01
7.5625000000000009e-01 2.6111384078551074e+00 7.1392835422363310e-01 1.4490663354503890e+00 8.3243366059674495e-01
7.5875000000000004e-01 2.6125328442143085e+00 7.1411993384396100e-01 1.4475625510885937e+00 8.3112594409732632e-01
7.6124999999999998e-01 2.6164528495080241e+00 7.1435384477612773e-01 1.4457147676869539e+00 8.2882141443450474e-01
7.6375000000000004e-01 2.6249094985890276e+00 7.1456298692382936e-01 1.4440599708910167e+00 8.2520557661163829e-01
7.6625000000000010e-01 2.6403785587610362e+00 7.1467780588400764e-01 1.4431512021785020e+00 8.1985471215291306e-01
7.6875000000000004e-01 2.6656603876142189e+00 7.1464862378517224e-01 1.4433838802504180e+00 8.1220992382806190e-01
7.7124999999999999e-01 2.7037676284402199e+00 7.1446270574217641e-01 1.4448651667923240e+00 8.0158432529158619e-01
7.7374999999999994e-01 2.7578154289891375e+00 7.1415357331452378e-01 1.4473410492727592e+00 7.8722149099909533e-01
7.7625000000000000e-01 2.8309361630444201e+00 7.1379443817384558e-01 1.4502417302509243e+00 7.6842516753785683e-01
7.7875000000000005e-01 2.9262179797293455e+00 7.1347230637181958e-01 1.4528762684250551e+00 7.4475463473133119e-01
7.8125000000000000e-01 3.0466174663730676e+00 7.1325371833583773e-01 1.4546993667511834e+00 7.1622022594272627e-01
7.8374999999999995e-01 3.1947469512039128e+00 7.1316339320298938e-01 1.4554812994809341e+00 6.8337867836407906e-01
7.8625000000000000e-01 3.3725074575928558e+00 7.1319146931889132e-01 1.4552341991564726e+00 6.4724876851502344e-01
7.8875000000000006e-01 3.5807175412807872e+00 7.1332111906954532e-01 1.4539126583116928e+00 6.0905920735860763e-01
7.9125000000000001e-01 3.8197298137956937e+00 7.1350875358026400e-01 1.4514083910125759e+00 5.6996507414105579e-01
7.9374999999999996e-01 4.0857532172771762e+00 7.1374225347868525e-01 1.4478180782779591e+00 5.3153653731054729e-01
7.9625000000000001e-01 4.3342563990267173e+00 7.1412284991788666e-01 1.4452362059866077e+00 5.0016752803703901e-01
7.9875000000000007e-01 4.5098567592283700e+00 7.1440701736894974e-01 1.4443539620018757e+00 4.8039905892122026e-01
8.0125000000000002e-01 4.6387317039628257e+00 7.1495206780022502e-01 1.4494482138525411e+00 4.6869973508522511e-01
8.0374999999999996e-01 4.7522793745009189e+00 7.1565613860397725e-01 1.4598014148072664e+00 4.6076881211152715e-01
8.0625000000000002e-01 4.8551657295642947e+00 7.1568894091759938e-01 1.4629947685224098e+00 4.5199119350773420e-01
8.0875000000000008e-01 4.9287155803502625e+00 7.1490165443956732e-01 1.4553063086536304e+00 4.4290635712140486e-01
8.1125000000000003e-01 4.9768509879224734e+00 7.1381907689004287e-01 1.4485389628218595e+00 4.3658298179021870e-01
8.1374999999999997e-01 4.9871411329812538e+00 7.1266061960242455e-01 1.4547777664564163e+00 4.3755863158822433e-01
8.1625000000000003e-01 4.9834605504399088e+00 7.1222903093246703e-01 1.4500929176640018e+00 4.3647167555163952e-01
8.1875000000000009e-01 4.9758160612701783e+00 7.1205703302457024e-01 1.4359814545668834e+00 4.3288822483130129e-01
8.2125000000000004e-01 4.9721775155463046e+00 7.1109706848200449e-01 1.4170943638461022e+00 4.2750717148030143e-01
8.2374999999999998e-01 4.9630224484583145e+00 7.0847464032897167e-01 1.3915160432941376e+00 4.2056510656920065e-01
8.2625000000000004e-01 4.9188395369622455e+00 7.0319327924518127e-01 1.3499308610342597e+00 4.1166138401862068e-01
8.2875000000000010e-01 4.7904274864725256e+00 6.9327055860786924e-01 1.2750353695715813e+00 3.9924475628910888e-01
8.3125000000000004e-01 4.4988311103436267e+00 6.7423618000147567e-01 1.1344074124990986e+00 3.7823405169319108e-01
8.3374999999999999e-01 3.9138223019182856e+00 6.3272048723327223e-01 8.7022432543954287e-01 3.3351961010583653e-01
8.3624999999999994e-01 2.8393557257674136e+00 5.1403482487431185e-01 4.4517363446169173e-01 2.3518027193019536e-01
8.3875000000000000e-01 1.7301221474141941e+00 2.9765658966252834e-01 1.4677327916516561e-01 1.2725108402131896e-01
8.4125000000000005e-01 1.2081063093359217e+00 9.2267913869411106e-02 2.6218901919192704e-02 3.2553718637896419e-02
8.4375000000000000e-01 1.0407136116181357e+00 1.4606907072111217e-02 2.6805720378304670e-03 3.8635586311722568e-03
8.4624999999999995e-01 1.0061288401160131e+00 1.6678648831411687e-03 2.2322956224846160e-04 3.3280463696287906e-04
8.4875000000000000e-01 1.0007919812126522e+00 1.6965155756102683e-04 1.8726786867454929e-05 2.8067951011303796e-05
8.5125000000000006e-01 1.0000930726265320e+00 1.6371258259368745e-05 2.4076511863438831e-06 3.6111406811678516e-06
8.5375000000000001e-01 1.0000102558619028e+00 1.5288735434441965e-06 1.1116869169985138e-06 1.6675132737119141e-06
8.5624999999999996e-01 1.0000010789561571e+00 1.3950579667123029e-07 1.0088576702926515e-06 1.5132848726709464e-06
8.5875000000000001e-01 1.0000001096294320e+00 1.2512606685576385e-08 1.0007025185165830e-06 1.5010536132152195e-06
8.6125000000000007e-01 1.0000000108410729e+00 1.1074103428600792e-09 1.0000557267852983e-06 1.5000835739154318e-06
8.6375000000000002e-01 1.0000000010489734e+00 9.6964073144353938e-11 1.0000044209368397e-06 1.5000066298317925e-06
8.6624999999999996e-01 1.0000000000997014e+00 8.4156520790316751e-12 1.0000003509702537e-06 1.5000005263058283e-06
8.6875000000000002e-01 1.0000000000093359e+00 7.2543751796219192e-13 1.0000000279508647e-06 1.5000000419122933e-06
8.7125000000000008e-01 1.0000000000008633e+00 6.2276988406244106e-14 1.0000000021936906e-06 1.5000000032892407e-06
8.7375000000000003e-01 1.0000000000000790e+00 5.3766318840798099e-15 1.0000000001397780e-06 1.5000000002095484e-06
8.7624999999999997e-01 1.0000000000000071e+00 6.1051901844190760e-16 1.0000000001397780e-06 1.5000000002096559e-06
8.7875000000000003e-01 1.0000000000000004e+00 2.1392376772006273e-16 1.0000000001397780e-06 1.5000000002096661e-06
8.8125000000000009e-01 1.0000000000000000e+00 5.9451144624869893e-17 9.9999999997324451e-07 1.4999999999598666e-06
8.8375000000000004e-01 1.0000000000000000e+00 6.7684581855524351e-18 9.9999999997324451e-07 1.4999999999598666e-06
8.8624999999999998e-01 1.0000000000000000e+00 4.8243826515314404e-19 9.9999999997324451e-07 1.4999999999598666e-06
8.8875000000000004e-01 1.0000000000000000e+00 3.7353952708184002e-20 9.9999999997324451e-07 1.4999999999598666e-06
8.9125000000000010e-01 1.0000000000000000e+00 3.0768270945195193e-21 9.9999999997324451e-07 1.4999999999598666e-06
8.9375000000000004e-01 1.0000000000000000e+00 2.4774084183077616e-22 9.9999999997324451e-07 1.4999999999598666e-06
8.9624999999999999e-01 1.0000000000000000e+00 0.0000000000000000e+00 9.9999999997324451e-07 1.4999999999598666e-06
8.9874999999999994e-01 1.0000000000000000e+00 0.0000000000000000e+00 9.9999999997324451e-07 1.4999999999598666e-06
9.0125000000000000e-01 1.0000000000000000e+00 0.0000000000000000e+00 9.9999999997324451e-07 1.4999999999598666e-06
9.0375000000000005e-01 1.0000000000000000e+00 0.0000000000000000e+00 9.9999999997324451e-07 1.4999999999598666e-06
9.0625000000000000e-01 1.0000000000000000e+00 0.0000000000000000e+00 9.9999999997324451e-07 1.4999999999598666e-06
9.0874999999999995e-01 1.0000000000000000e+00 0.0000000000000000e+00 9.9999999997324451e-07 1.4999999999598666e-06
9.1125000000000000e-01 1.0000000000000000e+00 0.0000000000000000e+00 9.9999999997324451e-07 1.4999999999598666e-06
9.1375000000000006e-01 1.0000000000000000e+00 0.0000000000000000e+00 9.9999999997324451e-07 1.4999999999598666e-06
9.1625000000000001e-01 1.0000000000000000e+00 0.0000000000000000e+00 9.9999999997324451e-07 1.4999999999598666e-06
9.1874999999999996e-01 1.0000000000000000e+00 0.0000000000000000e+00 9.9999999997324451e-07 1.4999999999598666e-06
9.2125000000000001e-01 1.0000000000000000e+00 0.0000000000000000e+00 9.9999999997324451e-07 1.4999999999598666e-06
9.2375000000000007e-01 1.0000000000000000e+00 0.0000000000000000e+00 9.9999999997324451e-07 1.4999999999598666e-06
9.2625000000000002e-01 1.0000000000000000e+00 0.0000000000000000e+00 9.9999999997324451e-07 1.4999999999598666e-06
9.2874999999999996e-01 1.0000000000000000e+00 0.0000000000000000e+00 9.9999999997324451e-07 1.4999999999598666e-06
9.3125000000000002e-01 1.0000000000000000e+00 0.0000000000000000e+00 9.9999999997324451e-07 1.4999999999598666e-06
9.3375000000000008e-01 1.0000000000000000e+00 0.0000000000000000e+00 9.9999999997324451e-07 1.4999999999598666e-06
9.3625000000000003e-01 1.0000000000000000e+00 0.0000000000000000e+00 9.9999999997324451e-07 1.4999999999598666e-06
9.3874999999999997e-01 1.0000000000000000e+00 0.0000000000000000e+00 9.9999999997324451e-07 1.4999999999598666e-06
9.4125000000000003e-01 1.0000000000000000e+00 0.0000000000000000e+00 9.9999999997324451e-07 1.4999999999598666e-06
9.4375000000000009e-01 1.0000000000000000e+00 0.0000000000000000e+00 9.9999999997324451e-07 1.4999999999598666e-06
9.4625000000000004e-01 1.0000000000000000e+00 0.0000000000000000e+00 9.9999999997324451e-07 1.4999999999598666e-06
9.4874999999999998e-01 1.0000000000000000e+00 0.0000000000000000e+00 9.9999999997324451e-07 1.4999999999598666e-06
9.5125000000000004e-01 1.0000000000000000e+00 0.0000000000000000e+00 9.9999999997324451e-07 1.4999999999598666e-06
9.5375000000000010e-01 1.0000000000000000e+00 0.0000000000000000e+00 9.9999999997324451e-07 1.4999999999598666e-06
9.5625000000000004e-01 1.0000000000000000e+00 0.0000000000000000e+00 9.9999999997324451e-07 1.4999999999598666e-06
9.5874999999999999e-01 1.0000000000000000e+00 0.0000000000000000e+00 9.9999999997324451e-07 1.4999999999598666e-06
9.6124999999999994e-01 1.0000000000000000e+00 0.0000000000000000e+00 9.9999999997324451e-07 1.4999999999598666e-06
9.6375000000000000e-01 1.0000000000000000e+00 0.0000000000000000e+00 9.9999999997324451e-07 1.4999999999598666e-06
9.6625000000000005e-01 1.0000000000000000e+00 0.0000000000000000e+00 9.9999999997324451e-07 1.4999999999598666e-06
9.6875000000000000e-01 1.0000000000000000e+00 0.0000000000000000e+00 9.9999999997324451e-07 1.4999999999598666e-06
9.7124999999999995e-01 1.0000000000000000e+00 0.0000000000000000e+00 9.9999999997324451e-07 1.4999999999598666e-06
9.7375000000000000e-01 1.0000000000000000e+00 0.0000000000000000e+00 9.9999999997324451e-07 1.4999999999598666e-06
9.7625000000000006e-01 1.0000000000000000e+00 0.0000000000000000e+00 9.9999999997324451e-07 1.4999999999598666e-06
9.7875000000000001e-01 1.0000000000000000e+00 0.0000000000000000e+00 9.9999999997324451e-07 1.4999999999598666e-06
9.8124999999999996e-01 1.0000000000000000e+00 0.0000000000000000e+00 9.9999999997324451e-07 1.4999999999598666e-06
9.8375000000000001e-01 1.0000000000000000e+00 0.0000000000000000e+00 9.9999999997324451e-07 1.4999999999598666e-06
9.8625000000000007e-01 1.0000000000000000e+00 0.0000000000000000e+00 9.9999999997324451e-07 1.4999999999598666e-06
9.8875000000000002e-01 1.0000000000000000e+00 0.0000000000000000e+00 9.9999999997324451e-07 1.4999999999598666e-06
9.9124999999999996e-01 1.0000000000000000e+00 0.0000000000000000e+00 9.9999999997324451e-07 1.4999999999598666e-06
9.9375000000000002e-01 1.0000000000000000e+00 0.0000000000000000e+00 9.9999999997324451e-07 1.4999999999598666e-06
9.9625000000000008e-01 1.0000000000000000e+00 0.0000000000000000e+00 9.9999999997324451e-07 1.4999999999598666e-06
9.9875000000000003e-01 1.0000000000000000e+00 0.0000000000000000e+00 9.9999999997324451e-07 1.4999999999598666e-06
