1.2500000000000000e-03 1.0000000000000000e+01 0.0000000000000000e+00 1.3333333333333339e+01 2.0000000000000004e+00
3.7499999999999999e-03 1.0000000000000000e+01 0.0000000000000000e+00 1.3333333333333339e+01 2.0000000000000004e+00
6.2500000000000003e-03 1.0000000000000000e+01 0.0000000000000000e+00 1.3333333333333339e+01 2.0000000000000004e+00
8.7500000000000008e-03 1.0000000000000000e+01 0.0000000000000000e+00 1.3333333333333339e+01 2.0000000000000004e+00
1.1250000000000000e-02 1.0000000000000000e+01 -6.0325677990840153e-18 1.3333333333333339e+01 2.0000000000000004e+00
1.3750000000000000e-02 1.0000000000000000e+01 -3.3304119459698114e-17 1.3333333333333341e+01 2.0000000000000009e+00
1.6250000000000001e-02 1.0000000000000000e+01 -2.4837932212988317e-17 1.3333333333333341e+01 2.0000000000000009e+00
1.8750000000000003e-02 1.0000000000000000e+01 -2.1995181491921636e-17 1.3333333333333341e+01 2.0000000000000009e+00
2.1249999999999998e-02 1.0000000000000000e+01 -2.3285855141443844e-17 1.3333333333333341e+01 2.0000000000000009e+00
2.3750000000000000e-02 1.0000000000000000e+01 -2.2215082078564455e-17 1.3333333333333341e+01 2.0000000000000009e+00
2.6250000000000002e-02 1.0000000000000000e+01 -2.2676689962352295e-17 1.3333333333333341e+01 2.0000000000000009e+00
2.8749999999999998e-02 1.0000000000000000e+01 -2.2504927485316398e-17 1.3333333333333341e+01 2.0000000000000009e+00
3.1250000000000000e-02 1.0000000000000000e+01 -2.1639826932019087e-17 1.3333333333333341e+01 2.0000000000000009e+00
3.3750000000000002e-02 1.0000000000000000e+01 -2.2533669799586372e-17 1.3333333333333341e+01 2.0000000000000009e+00
3.6250000000000004e-02 1.0000000000000000e+01 -2.1636097923893337e-17 1.3333333333333341e+01 2.0000000000000009e+00
3.8750000000000000e-02 1.0000000000000000e+01 -2.2099009399763700e-17 1.3333333333333341e+01 2.0000000000000009e+00
4.1250000000000002e-02 1.0000000000000000e+01 -2.1056251391756096e-17 1.3333333333333341e+01 2.0000000000000009e+00
4.3749999999999997e-02 1.0000000000000000e+01 -2.1946638749676840e-17 1.3333333333333341e+01 2.0000000000000009e+00
4.6249999999999999e-02 1.0000000000000000e+01 -2.1638016552993494e-17 1.3333333333333341e+01 2.0000000000000009e+00
4.8750000000000002e-02 1.0000000000000000e+01 -2.2086583145238924e-17 1.3333333333333341e+01 2.0000000000000009e+00
5.1250000000000004e-02 1.0000000000000000e+01 -2.2108953136756382e-17 1.3333333333333341e+01 2.0000000000000009e+00
5.3749999999999999e-02 1.0000000000000000e+01 -2.1665249638381907e-17 1.3333333333333341e+01 2.0000000000000009e+00
5.6250000000000001e-02 1.0000000000000000e+01 -2.2085531029671194e-17 1.3333333333333341e+01 2.0000000000000009e+00
5.8749999999999997e-02 1.0000000000000000e+01 -2.2076138785063454e-17 1.3333333333333341e+01 2.0000000000000009e+00
6.1249999999999999e-02 1.0000000000000000e+01 -2.2191237255246504e-17 1.3333333333333341e+01 2.0000000000000009e+00
6.3750000000000001e-02 1.0000000000000000e+01 -2.1864673901265923e-17 1.3333333333333341e+01 2.0000000000000009e+00
6.6250000000000003e-02 1.0000000000000000e+01 -2.1493169219914764e-17 1.3333333333333341e+01 2.0000000000000009e+00
6.8750000000000006e-02 1.0000000000000000e+01 -2.1617243994130107e-17 1.3333333333333341e+01 2.0000000000000009e+00
7.1250000000000008e-02 1.0000000000000000e+01 -2.1407845848253515e-17 1.3333333333333341e+01 2.0000000000000009e+00
7.3749999999999996e-02 1.0000000000000000e+01 -2.0929825162797003e-17 1.3333333333333341e+01 2.0000000000000009e+00
7.6249999999999998e-02 1.0000000000000000e+01 -2.0900794967752633e-17 1.3333333333333341e+01 2.0000000000000009e+00
7.8750000000000001e-02 1.0000000000000000e+01 -2.1113139552491391e-17 1.3333333333333341e+01 2.0000000000000009e+00
8.1250000000000003e-02 1.0000000000000000e+01 -2.0846336031089844e-17 1.3333333333333341e+01 2.0000000000000009e+00
8.3750000000000005e-02 1.0000000000000000e+01 -2.1640488260614043e-17 1.3333333333333341e+01 2.0000000000000009e+00
8.6250000000000007e-02 1.0000000000000000e+01 -2.1851804345006299e-17 1.3333333333333341e+01 2.0000000000000009e+00
8.8749999999999996e-02 1.0000000000000000e+01 -2.1653033408539995e-17 1.3333333333333341e+01 2.0000000000000009e+00
9.1249999999999998e-02 1.0000000000000000e+01 -2.1300758220528250e-17 1.3333333333333341e+01 2.0000000000000009e+00
9.3750000000000000e-02 1.0000000000000000e+01 -2.1584080848574887e-17 1.3333333333333341e+01 2.0000000000000009e+00
9.6250000000000002e-02 1.0000000000000000e+01 -2.1789084583174027e-17 1.3333333333333341e+01 2.0000000000000009e+00
9.8750000000000004e-02 1.0000000000000000e+01 -2.1867453194956325e-17 1.3333333333333341e+01 2.0000000000000009e+00
1.0125000000000001e-01 1.0000000000000000e+01 -2.1835602837294629e-17 1.3333333333333341e+01 2.0000000000000009e+00
1.0375000000000001e-01 1.0000000000000000e+01 -2.1862181081840081e-17 1.3333333333333341e+01 2.0000000000000009e+00
1.0625000000000000e-01 1.0000000000000000e+01 -2.1809097255338725e-17 1.3333333333333341e+01 2.0000000000000009e+00
1.0875000000000000e-01 1.0000000000000000e+01 -2.1892257937305727e-17 1.3333333333333341e+01 2.0000000000000009e+00
1.1125000000000000e-01 1.0000000000000000e+01 -2.1982842241635960e-17 1.3333333333333341e+01 2.0000000000000009e+00
1.1375000000000000e-01 1.0000000000000000e+01 -2.2035084794294865e-17 1.3333333333333341e+01 2.0000000000000009e+00
1.1625000000000001e-01 1.0000000000000000e+01 -2.2046957918416488e-17 1.3333333333333341e+01 2.0000000000000009e+00
1.1874999999999999e-01 1.0000000000000000e+01 -2.2029084091346270e-17 1.3333333333333341e+01 2.0000000000000009e+00
1.2125000000000000e-01 1.0000000000000000e+01 -2.2012553005358525e-17 1.3333333333333341e+01 2.0000000000000009e+00
1.2375000000000000e-01 1.0000000000000000e+01 -2.1998553055998357e-17 1.3333333333333341e+01 2.0000000000000009e+00
1.2625000000000000e-01 1.0000000000000000e+01 -2.1990478293313961e-17 1.3333333333333341e+01 2.0000000000000009e+00
1.2875000000000000e-01 1.0000000000000000e+01 -2.2002743440112528e-17 1.3333333333333341e+01 2.0000000000000009e+00
1.3125000000000001e-01 1.0000000000000000e+01 -2.2011673668425841e-17 1.3333333333333341e+01 2.0000000000000009e+00
1.3375000000000001e-01 1.0000000000000000e+01 -2.2003566106117578e-17 1.3333333333333341e+01 2.0000000000000009e+00
1.3625000000000001e-01 1.0000000000000000e+01 -2.2005166799245663e-17 1.3333333333333341e+01 2.0000000000000009e+00
1.3875000001342333e-01 9.9999998926134541e+00 8.3836494294947476e-09 1.3333333094696279e+01 1.9999999856817507e+00
1.4125000006720348e-01 9.9999996771453752e+00 2.3914877713520044e-08 1.3333332615878751e+01 1.9999999569527360e+00
1.4375000019352810e-01 9.9999993122576214e+00 5.0656319680286921e-08 1.3333331805016712e+01 1.9999999083009761e+00
1.4625000045035322e-01 9.9999986331415069e+00 1.0048662290389535e-07 1.3333330295871489e+01 1.9999998177523970e+00
1.4875000094842952e-01 9.9999973822487096e+00 1.9258638338226397e-07 1.3333327516107875e+01 1.9999996509663478e+00
1.5125000189821020e-01 9.9999950195083400e+00 3.6597578330676823e-07 1.3333322265577447e+01 1.9999993359346180e+00
1.5375000369088393e-01 9.9999906391100009e+00 6.8763534190374410e-07 1.3333312531363704e+01 1.9999987518813869e+00
1.5625000704041112e-01 9.9999825647010443e+00 1.2795955297885976e-06 1.3333294588249826e+01 1.9999976752932116e+00
1.5875001322863733e-01 9.9999679295867203e+00 2.3514579542234193e-06 1.3333262065839197e+01 1.9999957239448218e+00
1.6125002451587769e-01 9.9999417728136404e+00 4.2650183476668432e-06 1.3333203939886840e+01 1.9999922363750924e+00
1.6375004483046324e-01 9.9998957115464986e+00 7.6316581625054006e-06 1.3333101582165169e+01 1.9999860948704609e+00
1.6625008090151203e-01 9.9998157233479414e+00 1.3472096068564419e-05 1.3332923832614421e+01 1.9999754297698027e+00
1.6875014407550570e-01 9.9996788947520958e+00 2.3451935086200504e-05 1.3332619775004934e+01 1.9999571859255383e+00
1.7125025314895650e-01 9.9994485475193677e+00 4.0235417370107269e-05 1.3332107909389805e+01 1.9999264728499242e+00
1.7375043871892962e-01 9.9990669789462849e+00 6.8007374136885347e-05 1.3331260027108447e+01 1.9998755966699173e+00
1.7625074968707360e-01 9.9984455174424394e+00 1.1319213492270607e-04 1.3329879131154533e+01 1.9997927339655484e+00
1.7875126272490927e-01 9.9974508354910316e+00 1.8543666242447864e-04 1.3327669066302564e+01 1.9996601062026576e+00
1.8125209564440781e-01 9.9958875316895455e+00 2.9886275187084043e-04 1.3324195916929384e+01 1.9994516556966413e+00
1.8375342564241920e-01 9.9934768650750900e+00 4.7359806978479241e-04 1.3318840977764214e+01 1.9991302062714293e+00
1.8625551335672083e-01 9.9898321825855003e+00 7.3754050788875055e-04 1.3310746620205077e+01 1.9986441779385447e+00
1.8875873327696924e-01 9.9844339760002292e+00 1.1281635016385549e-03 1.3298761787965056e+01 1.9979242418646170e+00
1.9126361034449188e-01 9.9766078414727790e+00 1.6941366240320332e-03 1.3281394724607685e+01 1.9968803428451249e+00
1.9377086162546930e-01 9.9655104703557420e+00 2.4964120126796836e-03 1.3256784791018649e+01 1.9953997585653156e+00
1.9628144058255168e-01 9.9501304858381783e+00 3.6083277848888862e-03 1.3222709061469930e+01 1.9933470842854091e+00
1.9879658004251560e-01 9.9293099029580514e+00 5.1143481273354090e-03 1.3176637032394343e+01 1.9905668915322416e+00
2.0131782887761934e-01 9.9017899860919059e+00 7.1071926568499122e-03 1.3115842011683055e+01 1.9868895467545189e+00
2.0384707696754900e-01 9.8662814084689785e+00 9.6833741589295481e-03 1.3037568538280247e+01 1.9821401800513887e+00
2.0638656382901133e-01 9.8215509067123890e+00 1.2937644781877292e-02 1.2939237203728124e+01 1.9761497944614326e+00
2.0893886858659211e-01 9.7665109736477191e+00 1.6957235062381205e-02 1.2818654975019845e+01 1.9687667903523849e+00
2.1150688278925966e-01 9.7002914930559481e+00 2.1817273071798090e-02 1.2674182131816764e+01 1.9598661763241401e+00
2.1409377287765094e-01 9.6222691589324292e+00 2.7579051295966300e-02 1.2504801462133932e+01 1.9493533056896912e+00
2.1670294561025077e-01 9.5320284065375578e+00 3.4293092657308379e-02 1.2310033870344352e+01 1.9371586002463275e+00
2.1933803608160451e-01 9.4292392452663929e+00 4.2008025497978954e-02 1.2089674595886272e+01 1.9232211021618928e+00
2.2200291095184016e-01 9.3136803133899448e+00 5.0763543247077041e-02 1.1843840276350081e+01 1.9074908969104214e+00
2.2470055155250579e-01 9.1931509022219249e+00 5.9987973110067518e-02 1.1589557503168779e+01 1.8910095613193389e+00
2.2743218916920310e-01 9.0731615515383659e+00 6.9289650995804711e-02 1.1338612929106233e+01 1.8745306470130729e+00
2.3019830217347065e-01 8.9537795112489977e+00 7.8643807391718168e-02 1.1091125344681348e+01 1.8580631783617938e+00
2.3299934808179690e-01 8.8351395605981526e+00 8.8039686837134742e-02 1.0847346390468291e+01 1.8416256442926933e+00
2.3583575432524145e-01 8.7173482206781845e+00 9.7467797410506984e-02 1.0607460761342978e+01 1.8252329423151827e+00
2.3870792364700152e-01 8.6004886101379387e+00 1.0691964828699135e-01 1.0371598467263340e+01 1.8088969599420808e+00
2.4161623753459605e-01 8.4846313824814619e+00 1.1638799865498935e-01 1.0139858858525615e+01 1.7926280591508836e+00
2.4456105922428012e-01 8.3698295034476349e+00 1.2586620812870727e-01 9.9123014004622210e+00 1.7764342863338893e+00
2.4754273618172018e-01 8.2561287502965968e+00 1.3534857560017438e-01 9.6889679114624343e+00 1.7603228228086372e+00
2.5056160215437018e-01 8.1435618831851766e+00 1.4482979680268987e-01 9.4698718949467633e+00 1.7442991219542674e+00
2.5361797882690906e-01 8.0321580390567533e+00 1.5430533696508414e-01 9.2550178959401936e+00 1.7283682388227222e+00
2.5671217768689214e-01 7.9219341037681117e+00 1.6377076398644475e-01 9.0443851594893339e+00 1.7125335254658305e+00
2.5984450127504854e-01 7.8129074171087929e+00 1.7322241797361179e-01 8.8379531335023742e+00 1.6967985146250915e+00
2.6301524385094355e-01 7.7050870521705423e+00 1.8265678315903561e-01 8.6356845571139615e+00 1.6811655401118279e+00
2.6622469352469913e-01 7.5984766208408949e+00 1.9207053842168451e-01 8.4375320527694946e+00 1.6656362466709302e+00
2.6947313214728696e-01 7.4930823882499560e+00 2.0146105166216105e-01 8.2434528969567307e+00 1.6502126501138124e+00
2.7276083694789044e-01 7.3888983349192365e+00 2.1082534217849885e-01 8.0533820696299934e+00 1.6348950218134284e+00
2.7608808104852295e-01 7.2859261877737964e+00 2.2016130579294865e-01 7.8672691505730059e+00 1.6196847760634885e+00
2.7945513390238785e-01 7.1841565796674782e+00 2.2946649974553351e-01 7.6850441347766836e+00 1.6045817034097247e+00
2.8286226298732486e-01 7.0835830458138709e+00 2.3873893545464539e-01 7.5066430778042772e+00 1.5895860250217053e+00
2.8630973347965960e-01 6.9841966186347744e+00 2.4797678706910525e-01 7.3319983550220069e+00 1.5746975827096383e+00
2.8979780934308896e-01 6.8859859281898670e+00 2.5717830804824082e-01 7.1610391615646716e+00 1.5599158717959594e+00
2.9332675349278570e-01 6.7889408681736940e+00 2.6634206569888103e-01 6.9936977882564468e+00 1.5452405443040413e+00
2.9689682921172211e-01 6.6930449895268289e+00 2.7546639969771408e-01 6.8298967242165167e+00 1.5306702857004166e+00
3.0050830041216126e-01 6.5982872203477720e+00 2.8455020817012355e-01 6.6695689659889661e+00 1.5162046020264264e+00
3.0416143143396418e-01 6.5046519489540540e+00 2.9359227364950863e-01 6.5126407278927161e+00 1.5018422459037055e+00
3.0785648870219240e-01 6.4121229918276539e+00 3.0259146768122519e-01 6.3590387597963876e+00 1.4875819056888981e+00
3.1159374043449434e-01 6.3206861342324538e+00 3.1154695402767052e-01 6.2086941386351802e+00 1.4734225066981101e+00
3.1537345782323634e-01 6.2303222470302275e+00 3.2045768523886609e-01 6.0615312667080277e+00 1.4593622190884290e+00
3.1919591519563034e-01 6.1410172562249850e+00 3.2932307742786310e-01 5.9174840178728845e+00 1.4453999486504834e+00
3.2306139037093717e-01 6.0527518912479641e+00 3.3814230842167464e-01 5.7764791453348154e+00 1.4315337673977777e+00
3.2697016581995819e-01 5.9655096644596348e+00 3.4691482455449651e-01 5.6384492290362882e+00 1.4177621560052474e+00
3.3092252828974206e-01 5.8792733531736783e+00 3.5564013005971556e-01 5.5033268746706892e+00 1.4040834327850948e+00
3.3491877035159523e-01 5.7940234687862757e+00 3.6431762988997007e-01 5.3710425338219530e+00 1.3904955415067739e+00
3.3895919012064951e-01 5.7097446116162214e+00 3.7294709677062227e-01 5.2415342046705247e+00 1.3769970185724743e+00
3.4304409187950052e-01 5.6264169698127500e+00 3.8152805798440731e-01 5.1147344207213870e+00 1.3635856837921863e+00
3.4717378748861044e-01 5.5440230072185530e+00 3.9006023116322835e-01 4.9905803917122711e+00 1.3502596540132472e+00
3.5134859542436248e-01 5.4625464715950249e+00 3.9854351073541205e-01 4.8690126012076043e+00 1.3370172573889023e+00
3.5556884260186750e-01 5.3819670476140304e+00 4.0697750817744494e-01 4.7499665043595929e+00 1.3238560722325621e+00
3.5983486465457637e-01 5.3022692688460697e+00 4.1536223409277012e-01 4.6333861860360068e+00 1.3107744866692808e+00
3.6414700566338265e-01 5.2234348551654692e+00 4.2369753955514317e-01 4.5192124981515551e+00 1.2977703245449188e+00
3.6850562010135413e-01 5.1454457003753546e+00 4.3198330526136841e-01 4.4073880020141063e+00 1.2848414671908572e+00
3.7291107239198357e-01 5.0682859363606747e+00 4.4021961918429581e-01 4.2978593581677522e+00 1.2719860556803546e+00
3.7736373800611267e-01 4.9919367736933795e+00 4.4840640183666214e-01 4.1905704147158271e+00 1.2592017701824836e+00
3.8186400462375752e-01 4.9163816052067890e+00 4.5654376206550223e-01 4.0854690413371806e+00 1.2464865533455698e+00
3.8641227159733060e-01 4.8416040984626045e+00 4.6463191137564352e-01 3.9825047175472750e+00 1.2338384045522865e+00
3.9100895253679024e-01 4.7675844783900700e+00 4.7267083954406114e-01 3.8816231492843762e+00 1.2212546521866139e+00
3.9565447523192870e-01 4.6943080249001570e+00 4.8066099361736714e-01 3.7827781492688479e+00 1.2087334690875882e+00
4.0034928239887735e-01 4.6217552172204757e+00 4.8860254554474031e-01 3.6859180062990693e+00 1.1962721411225390e+00
4.0509383407118016e-01 4.5499088663556861e+00 4.9649588734607547e-01 3.5909953124299618e+00 1.1838683206328329e+00
4.0988860731627963e-01 4.4787515924711476e+00 5.0434148911625909e-01 3.4979634106787980e+00 1.1715195647015553e+00
4.1473409802298722e-01 4.4082650193589643e+00 5.1213979177335456e-01 3.4067754534381489e+00 1.1592232222236780e+00
4.1963082312138650e-01 4.3384302985590972e+00 5.1989123833493200e-01 3.3173849868942709e+00 1.1469764725721392e+00
4.2457931977882934e-01 4.2692320604749039e+00 5.2759659526599845e-01 3.2297511976562219e+00 1.1347771046077599e+00
4.2958014848096787e-01 4.2006490943227366e+00 5.3525619360359378e-01 3.1438266579892704e+00 1.1226217379969501e+00
4.3463389440622252e-01 4.1326661395369122e+00 5.4287085346007291e-01 3.0595728181772910e+00 1.1105081011407805e+00
4.3974116702655713e-01 4.0652646311718295e+00 5.5044121024529702e-01 2.9769476256993532e+00 1.0984331510201963e+00
4.4490260503597256e-01 3.9984247359511458e+00 5.5796788960657284e-01 2.8959088563783735e+00 1.0863936603609072e+00
4.5011887653368121e-01 3.9321293679014149e+00 5.6545195185627573e-01 2.8164184398569256e+00 1.0743867417668611e+00
4.5539068171359764e-01 3.8663563392624800e+00 5.7289448177131730e-01 2.7384334016306431e+00 1.0624085681739082e+00
4.6071876043268600e-01 3.8010795786109073e+00 5.8029691664603578e-01 2.6619073472506147e+00 1.0504544665005673e+00
4.6610389546605868e-01 3.7362717040927653e+00 5.8766174622281486e-01 2.5867939316202864e+00 1.0385194666597755e+00
4.7154692394014064e-01 3.6718900382486814e+00 5.9499203742282392e-01 2.5130305545844953e+00 1.0265955114697929e+00
4.7704875222847487e-01 3.6078842379015197e+00 6.0229280200487367e-01 2.4405486820022224e+00 1.0146730830622783e+00
4.8261037423677944e-01 3.5441830312536595e+00 6.0957072265841261e-01 2.3692587287415057e+00 1.0027383071847635e+00
4.8823289798521152e-01 3.4806939191992696e+00 6.1683596203215452e-01 2.2990518687427381e+00 9.9077307087876576e-01
4.9391759158463899e-01 3.4172752522203802e+00 6.2410285600858073e-01 2.2297707063179741e+00 9.7874938733827932e-01
4.9966590898138885e-01 3.3538034651990185e+00 6.3138632656605775e-01 2.1612852834074965e+00 9.6664218960691695e-01
5.0547953178247162e-01 3.2900867527066082e+00 6.3870700070523401e-01 2.0933999142843223e+00 9.5441248436481585e-01
5.1136006974566783e-01 3.2266715701353488e+00 6.4598985952147170e-01 2.0266994123670372e+00 9.4216255124565873e-01
5.1730832689940587e-01 3.1645372794834188e+00 6.5314614418918060e-01 1.9621930588786505e+00 9.3008529474439938e-01
5.2332435554902013e-01 3.1040301110299535e+00 6.6011857237752003e-01 1.9001884058584089e+00 9.1825224203184552e-01
5.2940791037314905e-01 3.0453423120172047e+00 6.6688424896187437e-01 1.8408201356713023e+00 9.0670601876540491e-01
5.3555833084131277e-01 2.9888529107150399e+00 6.7340126378522602e-01 1.7844014173254450e+00 8.9552821967001017e-01
5.4177435303546906e-01 2.9350232724470700e+00 6.7961293898672670e-01 1.7313081191197972e+00 8.8481825785131973e-01
5.4805399105616504e-01 2.8843640645077651e+00 6.8545850000632169e-01 1.6819456455156923e+00 8.7468794224632318e-01
5.5439440760739456e-01 2.8374370753399525e+00 6.9087219182711257e-01 1.6367495407100672e+00 8.6526123606492766e-01
5.6079183143236078e-01 2.7947902939558427e+00 6.9578915053216217e-01 1.5961266092106006e+00 8.5666173916293442e-01
5.6724144379431862e-01 2.7570877873069817e+00 7.0013035981188521e-01 1.5605806583527302e+00 8.4903752368928698e-01
5.7373725853063173e-01 2.7249840077539256e+00 7.0382003933313808e-01 1.5306000317787318e+00 8.4253707219386531e-01
5.8027229613511999e-01 2.6988275473593455e+00 7.0681785071810743e-01 1.5063877330545399e+00 8.3724564090532061e-01
5.8683907504171007e-01 2.6785495763176494e+00 7.0913280230192155e-01 1.4877772719446996e+00 8.3316206937078385e-01
5.9343025965013907e-01 2.6636306815957504e+00 7.1082323746508902e-01 1.4742104974634309e+00 8.3018856986223499e-01
6.0003924164157696e-01 2.6532328494522295e+00 7.1199112693084643e-01 1.4648673589545254e+00 8.2815989515787491e-01
6.0666061125081572e-01 2.6462799016481662e+00 7.1275660583997091e-01 1.4587296476745799e+00 8.2685677737607133e-01
6.1329035494222084e-01 2.6417387434762123e+00 7.1324356251210541e-01 1.4548395693919716e+00 8.2606933008688233e-01
6.1992574844558379e-01 2.6387133814439849e+00 7.1355564560271734e-01 1.4523697701766707e+00 8.2561246347749750e-01
6.2656519277389422e-01 2.6365207783196003e+00 7.1376405850163527e-01 1.4506989615630450e+00 8.2534848966048446e-01
6.3320776887654062e-01 2.6348427099994804e+00 7.1391633976176394e-01 1.4495359404115400e+00 8.2521203347950078e-01
6.3985291722944060e-01 2.6334728346620500e+00 7.1402670511261879e-01 1.4487007202059317e+00 8.2516555770272904e-01
6.4650027145775846e-01 2.6324162055219835e+00 7.1409315929227757e-01 1.4482017436798773e+00 8.2521244587501252e-01
6.5314948307284337e-01 2.6316504865508108e+00 7.1411831161301098e-01 1.4480308682267033e+00 8.2535515770061885e-01
6.5980025431956435e-01 2.6311262627553562e+00 7.1410762232835978e-01 1.4481501468150555e+00 8.2558760139005838e-01
6.6645240442428078e-01 2.6307394314398977e+00 7.1407140225812005e-01 1.4484810547685989e+00 8.2589767583469487e-01
6.7310590716164986e-01 2.6303989620867503e+00 7.1401827481628499e-01 1.4489545361337148e+00 8.2627458249768448e-01
6.7976089196253386e-01 2.6300046557658150e+00 7.1395736982306002e-01 1.4495029670251534e+00 8.2671125534742518e-01
6.8641782945749552e-01 2.6292068712917280e+00 7.1392665349408890e-01 1.4498313203721271e+00 8.2714943593987278e-01
6.9307783395521261e-01 2.6274944543692196e+00 7.1398052492274178e-01 1.4495112227436315e+00 8.2750577475050147e-01
6.9974268012852492e-01 2.6245814840570469e+00 7.1413771835183437e-01 1.4483220158552155e+00 8.2774455164738281e-01
7.0641342966539067e-01 2.6219114100249499e+00 7.1422511424077217e-01 1.4476685408398751e+00 8.2821364709616507e-01
7.1309011870382244e-01 2.6195948567322214e+00 7.1422128331240553e-01 1.4477437242659628e+00 8.2898910143223326e-01
7.1977293674467346e-01 2.6174545533075149e+00 7.1413333984025607e-01 1.4485338232494727e+00 8.3011975590123432e-01
7.2646287058296188e-01 2.6148021143483584e+00 7.1401743112968930e-01 1.4496322931054180e+00 8.3159196932194102e-01
7.3316289900205123e-01 2.6100031739880265e+00 7.1402063446935260e-01 1.4497994092247144e+00 8.3321703801385805e-01
7.3987870515973342e-01 2.6019641674879233e+00 7.1416760248214894e-01 1.4487026443117341e+00 8.3515906699268072e-01
7.4661692571434435e-01 2.5917724938356321e+00 7.1425870450124940e-01 1.4480142131722169e+00 8.3804474541046370e-01
7.5338717962171664e-01 2.5773325675519532e+00 7.1418866590616903e-01 1.4488218632633971e+00 8.4321007783613788e-01
7.6020605807523856e-01 2.5553664451439668e+00 7.1415168630806192e-01 1.4494301360683894e+00 8.5081543127960058e-01
7.6711249232342604e-01 2.5120533825806661e+00 7.1431895810366430e-01 1.4484021524452244e+00 8.6487144092292023e-01
7.7418342486399605e-01 2.4372460935417770e+00 7.1442882456545587e-01 1.4474336816859783e+00 8.9082121345156295e-01
7.8164639407764414e-01 2.2587646634203593e+00 7.1404545536376318e-01 1.4511834786352726e+00 9.6370164329412833e-01
7.8590424598364317e-01 2.2774965149662147e+00 7.1537384835523155e-01 1.4425518188492912e+00 9.5009046734196023e-01
7.8653244403498723e-01 3.5617679959679016e+00 7.1684087905683302e-01 1.4259922571321528e+00 6.0054118856693361e-01
7.8698335931892660e-01 4.2199040467794129e+00 7.1786277639580287e-01 1.4177882751615347e+00 5.0396463738680597e-01
7.8736894783080003e-01 4.8390956024072720e+00 7.1960551427747754e-01 1.3973899311152351e+00 4.3315633103634638e-01
7.8772093809267552e-01 5.0121428705326068e+00 7.2173837493626136e-01 1.3784306657144501e+00 4.1252734648243577e-01
7.8806223613345772e-01 5.1114962962971902e+00 7.2404905040772616e-01 1.3599451053348619e+00 3.9908424847730511e-01
7.8839871628234282e-01 5.1332219080645274e+00 7.2466467789552869e-01 1.3600317598693594e+00 3.9742050438127963e-01
7.8873541100737943e-01 5.0895410314682090e+00 7.2603333778461843e-01 1.3373609318167878e+00 3.9414976425614690e-01
7.8907390185330395e-01 5.0699816453303779e+00 7.2580821499902826e-01 1.3398087505405614e+00 3.9639455650926358e-01
7.8941375590408636e-01 5.0564906162447727e+00 7.2503842852145095e-01 1.3489034827503594e+00 4.0015009968083226e-01
7.8975463429152359e-01 5.0557567403407981e+00 7.2370438671381010e-01 1.3613210915444389e+00 4.0389238291931989e-01
7.9009561530066530e-01 5.0874193033415178e+00 7.2061190299419575e-01 1.3847178341035800e+00 4.0827709046728355e-01
7.9043301907395314e-01 5.2433895180610817e+00 7.1343984312853936e-01 1.4626158279208481e+00 4.1841708198946637e-01
7.9076567232822370e-01 5.3345081701173003e+00 7.0747357461208205e-01 1.5111194259735043e+00 4.2490873885200448e-01
7.9109594957992246e-01 5.3910305718206830e+00 7.0400030676166347e-01 1.5430196378947951e+00 4.2932968492896506e-01
7.9142500810187832e-01 5.4081302826737394e+00 7.0296873785554470e-01 1.5561031859499888e+00 4.3160106301488615e-01
7.9175384289672379e-01 5.4090629055309671e+00 7.0257766174575265e-01 1.5617773587804700e+00 4.3310016523846340e-01
7.9208321895381539e-01 5.3886140460615799e+00 7.0320464634467661e-01 1.5569337847012792e+00 4.3339542544502918e-01
7.9241419885512243e-01 5.3353726018357710e+00 7.0545150681672342e-01 1.5376553288883681e+00 4.3230026569071250e-01
7.9274795072845083e-01 5.2638003627383130e+00 7.0802023099231792e-01 1.5107258895850697e+00 4.3050432733333160e-01
7.9308465832139063e-01 5.2105124610123417e+00 7.0971168162025444e-01 1.4933771649299801e+00 4.2991275122289058e-01
7.9342368418902831e-01 5.1709071443219745e+00 7.1087373698751599e-01 1.4823889308784104e+00 4.3001804794720955e-01
7.9376442416953619e-01 5.1440798995904169e+00 7.1162036687584085e-01 1.4755010814462779e+00 4.3025218608008808e-01
7.9410629111808084e-01 5.1281021035448351e+00 7.1205775296581397e-01 1.4714481074436712e+00 4.3040721822597561e-01
7.9444888587201890e-01 5.1178976703728676e+00 7.1220831883255931e-01 1.4692104054470521e+00 4.3060954909831517e-01
7.9479192147697852e-01 5.1132498616444337e+00 7.1228463683040166e-01 1.4680580827484959e+00 4.3066292156795694e-01
7.9513512270575459e-01 5.1122663003393543e+00 7.1230196538653501e-01 1.4670142912254605e+00 4.3043951695006949e-01
7.9547843641651084e-01 5.1094114738547534e+00 7.1235076948667542e-01 1.4658974264705842e+00 4.3035213565349723e-01
7.9582190411708553e-01 5.1067274814877859e+00 7.1243134690918886e-01 1.4649804797123800e+00 4.3030898506617826e-01
7.9616543216548341e-01 5.1058497172913020e+00 7.1258983858100422e-01 1.4644289259102978e+00 4.3022092511386828e-01
7.9650903285431163e-01 5.0989373597762899e+00 7.1319307287437816e-01 1.4608545198072671e+00 4.2975263767645899e-01
7.9685307635208613e-01 5.0833553446521158e+00 7.1385773744552694e-01 1.4536004444115398e+00 4.2892942137345846e-01
7.9719806168668073e-01 5.0697457895135098e+00 7.1338287263219979e-01 1.4585417695287255e+00 4.3154287120637447e-01
7.9754140260856166e-01 5.1402038543145068e+00 7.1280704438523212e-01 1.4645615889347561e+00 4.2738429168683290e-01
7.9788376437085207e-01 5.1059773991327893e+00 7.1239077037763254e-01 1.4659749793339312e+00 4.3066435612785381e-01
7.9823621078182527e-01 4.8494447429750345e+00 7.1334676990063062e-01 1.4582473748284750e+00 4.5105598231866961e-01
7.9858065944698231e-01 5.3378569014655692e+00 7.1463194975740874e-01 1.4440442394235173e+00 4.0579326106336000e-01
7.9891851158921057e-01 5.0256263859938004e+00 7.1438724912991347e-01 1.4453215408225770e+00 4.3138549202064380e-01
7.9926415460911016e-01 5.1021107185682322e+00 7.1374349219438527e-01 1.4468057061311197e+00 4.2535504988133399e-01
7.9960903254296434e-01 5.0405444740105887e+00 7.1537322284572091e-01 1.4398956811787671e+00 4.2849409084761764e-01
7.9995479571105110e-01 5.0606801816076556e+00 7.1580170747338479e-01 1.4484092978598500e+00 4.2931263561879301e-01
8.0030007942315051e-01 5.0390567681631362e+00 7.1745630178806630e-01 1.4442520179388492e+00 4.2991736878129538e-01
8.0064650445750685e-01 5.0211885241806709e+00 7.1664421727986594e-01 1.4311382404728195e+00 4.2752972734866918e-01
8.0099088819075392e-01 5.1220418287033427e+00 7.1442606812172837e-01 1.4679093343765981e+00 4.2988012890209143e-01
8.0133333352687675e-01 5.0953831443735380e+00 7.1429669591433809e-01 1.4687454025256412e+00 4.3237535654628939e-01
8.0167702036898170e-01 5.0908739219175425e+00 7.1364313897547627e-01 1.4664869689948503e+00 4.3209289548929136e-01
8.0202177260593499e-01 5.0700361288622444e+00 7.1347282335454865e-01 1.4595515712390230e+00 4.3181691435990549e-01
8.0236774701749325e-01 5.0532407617220834e+00 7.1387629561515442e-01 1.4538467672549593e+00 4.3155872710471421e-01
8.0271643303177331e-01 4.9800520442370440e+00 7.1507262448703834e-01 1.4386281711269995e+00 4.3331720984476196e-01
8.0306413889867811e-01 5.0714061010993907e+00 7.1530481582887984e-01 1.4353056142760796e+00 4.2452889366272523e-01
8.0341025747523998e-01 5.0270237148212829e+00 7.1486732929972163e-01 1.4417950467158562e+00 4.3021332159175435e-01
8.0375712235796737e-01 5.0638497032221554e+00 7.1336301938887681e-01 1.4521797928060891e+00 4.3016080983270266e-01
8.0410414398595642e-01 5.0280906075051837e+00 7.1410459492996392e-01 1.4425808166544967e+00 4.3035645017053603e-01
8.0445258640664352e-01 5.0122696864766088e+00 7.1477590263588964e-01 1.4364478500214934e+00 4.2987945777252728e-01
8.0480110379272729e-01 5.0257163619460403e+00 7.1413317151030187e-01 1.4472212227688948e+00 4.3194475728685172e-01
8.0515014574722876e-01 4.9965321958714330e+00 7.1487276021359192e-01 1.4389622391202372e+00 4.3198828188555416e-01
8.0549970332391951e-01 5.0037399793338055e+00 7.1510905397609825e-01 1.4368479760223347e+00 4.3073220689626107e-01
8.0587642969436257e-01 4.3295364914262837e+00 7.1413060239658355e-01 1.4454925587206333e+00 5.0080160829564102e-01
8.0620548477564125e-01 6.8966800797125707e+00 7.1371706922431077e-01 1.4533863365961188e+00 3.1610564499100791e-01
8.0651015394710535e-01 4.9253949493286431e+00 7.1388349832353815e-01 1.4490655841964946e+00 4.4130438242135572e-01
8.0685910988115539e-01 5.1068451760802924e+00 7.1454537289256548e-01 1.4423257240983212e+00 4.2364483581388801e-01
8.0720443093250449e-01 5.0142803021174771e+00 7.1578508122630435e-01 1.4360312588456803e+00 4.2958246417913437e-01
8.0756904569914467e-01 4.5750451948434820e+00 7.1672757587563607e-01 1.4267341750103939e+00 4.6777707571669269e-01
8.0790660418266935e-01 5.9537530536111261e+00 7.1385997845191007e-01 1.4639381405559317e+00 3.6882739190904384e-01
8.0822554985711093e-01 5.1003159845097974e+00 7.1269609497184461e-01 1.4908588493681831e+00 4.3846073083395620e-01
8.0856719039072189e-01 5.1636617098303192e+00 7.1305537912048877e-01 1.4947021580896864e+00 4.3419831955029536e-01
8.0890979005780994e-01 5.0624459262488148e+00 7.1399684480628156e-01 1.4474413082198581e+00 4.2887607965791752e-01
8.0925585194458582e-01 5.0558742539253236e+00 7.1367569439752554e-01 1.4445456116034254e+00 4.2857442819564678e-01
8.0960259192003181e-01 5.0465265900783161e+00 7.1347093389679150e-01 1.4398722395776808e+00 4.2797918941174223e-01
8.0994974110549256e-01 5.0465086746854722e+00 7.1332758529779117e-01 1.4400063328407522e+00 4.2802056599967153e-01
8.1029692844541024e-01 5.0450633173859769e+00 7.1351922403861845e-01 1.4393928555679532e+00 4.2796079008788912e-01
8.1064342781459720e-01 5.0637096135359680e+00 7.1371856881410067e-01 1.4487862191656247e+00 4.2916744730764972e-01
8.1098848758688502e-01 5.0780723236897236e+00 7.1475836177874741e-01 1.4580988716186905e+00 4.3070444216100784e-01
8.1133131549118520e-01 5.1133607096337625e+00 7.1593138634498232e-01 1.4695031713026330e+00 4.3107750110432286e-01
8.1167247808379428e-01 5.1138964283231712e+00 7.1659223857789900e-01 1.4730774163915903e+00 4.3208073443753942e-01
8.1201334066511921e-01 5.1164184365721965e+00 7.1672087489342040e-01 1.4739590347620271e+00 4.3212621867266277e-01
8.1235430140236287e-01 5.1086533292449952e+00 7.1689769534746295e-01 1.4706620411915496e+00 4.3181498520537637e-01
8.1269551529480699e-01 5.1109796316369005e+00 7.1643489800145688e-01 1.4718102404291311e+00 4.3195542141822785e-01
8.1303714409363859e-01 5.1022213642734062e+00 7.1610344601161746e-01 1.4677481089197166e+00 4.3150267426570227e-01
8.1337947054785520e-01 5.0951423342902107e+00 7.1577022569787974e-01 1.4644595802311471e+00 4.3113405401121829e-01
8.1372238448719170e-01 5.0890092053587557e+00 7.1553343372397948e-01 1.4614229692299232e+00 4.3075859472538480e-01
8.1406590930354006e-01 5.0798435899488270e+00 7.1539372244052102e-01 1.4572524288893780e+00 4.3030432032575378e-01
8.1441014760261465e-01 5.0710871309881291e+00 7.1510915987440271e-01 1.4529043683963059e+00 4.2976121220181024e-01
8.1475506687174137e-01 5.0669655464907288e+00 7.1442641944166230e-01 1.4513092423123606e+00 4.2963857628285218e-01
8.1510107255994657e-01 5.0486441436317975e+00 7.1384164898739122e-01 1.4424360215928462e+00 4.2856140596053593e-01
8.1544850171986605e-01 5.0350207257323305e+00 7.1312883309091279e-01 1.4358207247767876e+00 4.2775019299487121e-01
8.1579687353463237e-01 5.0297171691099347e+00 7.1269427761729809e-01 1.4335052594049447e+00 4.2751069628989280e-01
8.1614556027739660e-01 5.0308935374625934e+00 7.1244706149930759e-01 1.4344016559616004e+00 4.2767799952840846e-01
8.1650384496394879e-01 4.7708560658824748e+00 7.1217224124765854e-01 1.4375388672771472e+00 4.5197513216464302e-01
8.1685171320434791e-01 5.3514543800571150e+00 7.1233043404787111e-01 1.4361047017420225e+00 4.0253674975550158e-01
8.1718975876286570e-01 5.0345517256315446e+00 7.1292147690743468e-01 1.4395462765679139e+00 4.2890003569900775e-01
8.1753733459136346e-01 5.0484186360372192e+00 7.1356278223106751e-01 1.4425030917175545e+00 4.2860047741103768e-01
8.1788359057301374e-01 5.0638463108541671e+00 7.1416499094748154e-01 1.4491801527812229e+00 4.2927255207418874e-01
8.1822912236209699e-01 5.0640196490317937e+00 7.1431683230718523e-01 1.4495667737154081e+00 4.2937237832180075e-01
8.1857457451741245e-01 5.0649828265478307e+00 7.1432723797146713e-01 1.4497832338568533e+00 4.2935483204145142e-01
8.1891999887661016e-01 5.0646596158473338e+00 7.1434052287453287e-01 1.4499444849776515e+00 4.2942998985778957e-01
8.1926531899680555e-01 5.0681835023480524e+00 7.1430805060078295e-01 1.4514533595604957e+00 4.2957798160466604e-01
8.1961042877251733e-01 5.0705725720908985e+00 7.1437602701128189e-01 1.4523822703395075e+00 4.2965037469346501e-01
8.1995540828236835e-01 5.0712596934181082e+00 7.1440965285306235e-01 1.4527234944035987e+00 4.2969308876719353e-01
8.2030032230312366e-01 5.0721450623212485e+00 7.1442375234672761e-01 1.4528118027804653e+00 4.2964419932685971e-01
8.2064521364520304e-01 5.0718428646199900e+00 7.1442096797256527e-01 1.4528843671722165e+00 4.2969125994829321e-01
8.2099006434592126e-01 5.0738824735046730e+00 7.1435057105077771e-01 1.4536149238528115e+00 4.2973450748320907e-01
8.2133485204490364e-01 5.0750062983659179e+00 7.1424399847590392e-01 1.4544803981363574e+00 4.2989515065370854e-01
8.2167950575981374e-01 5.0804457900769284e+00 7.1399709352953877e-01 1.4568686288443355e+00 4.3013999825267563e-01
8.2202482621863759e-01 5.0459042820608824e+00 7.1553706246404636e-01 1.4406424644162288e+00 4.2826093715391439e-01
8.2237027016642839e-01 5.0714065188202762e+00 7.1472660215658290e-01 1.4524542273990639e+00 4.2960100575912935e-01
8.2271511586793011e-01 5.0698899772048369e+00 7.1466292890291516e-01 1.4518044262666838e+00 4.2953725804532200e-01
8.2306001790519878e-01 5.0702621993817658e+00 7.1465741573134101e-01 1.4517475146349734e+00 4.2948888761965498e-01
8.2340488939252610e-01 5.0709824257513434e+00 7.1463671194056400e-01 1.4523367158120220e+00 4.2960217386185362e-01
8.2374978468584881e-01 5.0694968995201268e+00 7.1466625417619778e-01 1.4518765848583062e+00 4.2959191423780307e-01
8.2409466037926016e-01 5.0718109979136790e+00 7.1460267857743642e-01 1.4526809523263375e+00 4.2963379932451345e-01
8.2443943464363389e-01 5.0734773954878039e+00 7.1453162152222727e-01 1.4533323683246762e+00 4.2968527945464752e-01
8.2478407612053484e-01 5.0766123769640963e+00 7.1448230816179836e-01 1.4540401855735487e+00 4.2962907474622586e-01
8.2512859342109157e-01 5.0776120242030132e+00 7.1446726287867801e-01 1.4542969485809407e+00 4.2962034367204582e-01
8.2547306432817702e-01 5.0779995255291039e+00 7.1447965775403000e-01 1.4542368414049658e+00 4.2956980423903474e-01
8.2581749330591248e-01 5.0785249159158390e+00 7.1451089682369295e-01 1.4538286406362038e+00 4.2940479707404172e-01
8.2616188446238281e-01 5.0786606962671916e+00 7.1454092204744923e-01 1.4535432966145627e+00 4.2930903939386467e-01
8.2650619791399338e-01 5.0808688601207264e+00 7.1450398551915217e-01 1.4541555319287216e+00 4.2930320737332589e-01
8.2685042438554235e-01 5.0820682063697955e+00 7.1442756611927949e-01 1.4545905528568968e+00 4.2933029244877086e-01
8.2719463468992904e-01 5.0835147137130567e+00 7.1421149535063266e-01 1.4559376827652264e+00 4.2960562664579938e-01
8.2753844736080806e-01 5.1018206513594500e+00 7.1335187412672396e-01 1.4651504605489776e+00 4.3077282425399488e-01
8.2788154876936548e-01 5.1192786303238789e+00 7.1223486747886544e-01 1.4742410765775029e+00 4.3196742638060881e-01
8.2822767099308181e-01 4.9749019047650114e+00 7.1862811219830136e-01 1.4057975935581943e+00 4.2386692857552838e-01
8.2857433703555816e-01 5.0819913453063315e+00 7.1508310584332757e-01 1.4574147552733092e+00 4.3017037699779648e-01
8.2891850549816892e-01 5.0755835035804653e+00 7.1480230364841113e-01 1.4549682571893945e+00 4.2999044035912831e-01
8.2926306989003673e-01 5.0725951928428836e+00 7.1477577229368705e-01 1.4541153190256608e+00 4.2999153206942092e-01
8.2960781302996356e-01 5.0705262799933326e+00 7.1477463435622768e-01 1.4532583480937866e+00 4.2991346494777383e-01
8.2995269654703663e-01 5.0691445630363061e+00 7.1468423980477724e-01 1.4527861651560694e+00 4.2989092550732538e-01
8.3029804457242640e-01 5.0592171000390698e+00 7.1446118740143172e-01 1.4476997037613031e+00 4.2922640256437794e-01
8.3064644203282845e-01 4.9964173355618122e+00 7.1256978761115974e-01 1.4178206614892137e+00 4.2565119152415321e-01
8.3101356514230162e-01 4.6736563623179350e+00 6.9772373142429789e-01 1.2659343396906775e+00 4.0629891509487054e-01
8.3151087217421393e-01 3.2279048007655859e+00 6.1382486915913925e-01 6.3561685452314043e-01 2.9536970283590136e-01
8.3242509391390052e-01 1.8938452797633913e+00 3.8732875675382927e-01 1.5021003305253927e-01 1.1897225818096331e-01
8.3405548939975938e-01 1.2141507737365258e+00 1.2161983930430355e-01 1.2453208057201076e-02 1.5385084365028940e-02
8.3629261434586366e-01 1.0284545053099750e+00 1.6956523024117532e-02 2.7293831193633556e-04 3.9808029017395223e-04
8.3875430284532937e-01 1.0028488052880953e+00 1.7029581410777674e-03 3.8484162770514606e-06 5.7562260483711187e-06
8.4125041065988482e-01 1.0002716503753615e+00 1.6242992846498592e-04 1.0264314709183021e-06 1.5392290742216736e-06
8.4375003896011780e-01 1.0000257705693583e+00 1.5409700821457332e-05 1.0002768623878296e-06 1.5003766280217882e-06
8.4625000369342906e-01 1.0000024433319099e+00 1.4612280898774582e-06 1.0000061753817194e-06 1.5000055980610364e-06
8.4875000034920778e-01 1.0000002320500676e+00 1.3821042853451732e-07 1.0000004068514474e-06 1.5000002622020088e-06
8.5125000003148632e-01 1.0000000221271446e+00 1.2425845751058665e-08 1.0000000370546935e-06 1.5000000223913230e-06
8.5375000000191370e-01 1.0000000015309531e+00 2.1174907332681658e-09 1.0000000023602240e-06 1.5000000012439060e-06
8.5624999999999996e-01 1.0000000000000000e+00 2.5409670922236909e-09 9.9999999997324451e-07 1.4999999999598666e-06
8.5875000000000001e-01 1.0000000000000000e+00 2.6547321404296943e-09 9.9999999997324451e-07 1.4999999999598666e-06
8.6125000000000007e-01 1.0000000000000000e+00 2.6953982446662793e-09 9.9999999997324451e-07 1.4999999999598666e-06
8.6375000000000002e-01 1.0000000000000000e+00 2.6989065326874666e-09 9.9999999997324451e-07 1.4999999999598666e-06
8.6624999999999996e-01 1.0000000000000000e+00 2.6951499938644430e-09 9.9999999997324451e-07 1.4999999999598666e-06
8.6875000000000002e-01 1.0000000000000000e+00 2.6877589170273589e-09 9.9999999997324451e-07 1.4999999999598666e-06
8.7125000000000008e-01 1.0000000000000000e+00 2.6826116438143349e-09 9.9999999997324451e-07 1.4999999999598666e-06
8.7375000000000003e-01 1.0000000000000000e+00 2.6788577270526269e-09 9.9999999997324451e-07 1.4999999999598666e-06
8.7624999999999997e-01 1.0000000000000000e+00 2.6752541782064729e-09 9.9999999997324451e-07 1.4999999999598666e-06
8.7875000000000003e-01 1.0000000000000000e+00 2.6714362069262877e-09 9.9999999997324451e-07 1.4999999999598666e-06
8.8125000000000009e-01 1.0000000000000000e+00 2.6668804797000067e-09 9.9999999997324451e-07 1.4999999999598666e-06
8.8375000000000004e-01 1.0000000000000000e+00 2.6608226039038325e-09 9.9999999997324451e-07 1.4999999999598666e-06
8.8624999999999998e-01 1.0000000000000000e+00 2.6522852916765124e-09 9.9999999997324451e-07 1.4999999999598666e-06
8.8875000000000004e-01 1.0000000000000000e+00 2.6400800654812789e-09 9.9999999997324451e-07 1.4999999999598666e-06
8.9125000000000010e-01 1.0000000000000000e+00 2.6227953982828420e-09 9.9999999997324451e-07 1.4999999999598666e-06
8.9375000000000004e-01 1.0000000000000000e+00 2.5987837885989613e-09 9.9999999997324451e-07 1.4999999999598666e-06
8.9624999999999999e-01 1.0000000000000000e+00 2.5661702505516518e-09 9.9999999997324451e-07 1.4999999999598666e-06
8.9874999999999994e-01 1.0000000000000000e+00 2.5228979323635442e-09 9.9999999997324451e-07 1.4999999999598666e-06
9.0125000000000000e-01 1.0000000000000000e+00 2.4667984500588003e-09 9.9999999997324451e-07 1.4999999999598666e-06
9.0375000000000005e-01 1.0000000000000000e+00 2.3956491731194531e-09 9.9999999997324451e-07 1.4999999999598666e-06
9.0625000000000000e-01 1.0000000000000000e+00 2.3071848050041740e-09 9.9999999997324451e-07 1.4999999999598666e-06
9.0874999999999995e-01 1.0000000000000000e+00 2.1990681530832332e-09 9.9999999997324451e-07 1.4999999999598666e-06
9.1125000000000000e-01 1.0000000000000000e+00 2.0688683116504212e-09 9.9999999997324451e-07 1.4999999999598666e-06
9.1375000000000006e-01 1.0000000000000000e+00 1.9141130966758216e-09 9.9999999997324451e-07 1.4999999999598666e-06
9.1625000000000001e-01 1.0000000000000000e+00 1.7324670054877267e-09 9.9999999997324451e-07 1.4999999999598666e-06
9.1874999999999996e-01 1.0000000000000000e+00 1.5220499170428514e-09 9.9999999997324451e-07 1.4999999999598666e-06
9.2125000000000001e-01 1.0000000000000000e+00 1.2818723510883420e-09 9.9999999997324451e-07 1.4999999999598666e-06
9.2375000000000007e-01 1.0000000000000000e+00 1.0132623362958965e-09 9.9999999997324451e-07 1.4999999999598666e-06
9.2625000000000002e-01 1.0000000000000000e+00 7.5981867998541834e-10 9.9999999997324451e-07 1.4999999999598666e-06
9.2874999999999996e-01 1.0000000000000000e+00 5.5886189642623467e-10 9.9999999997324451e-07 1.4999999999598666e-06
9.3125000000000002e-01 1.0000000000000000e+00 4.0390858885830079e-10 9.9999999997324451e-07 1.4999999999598666e-06
9.3375000000000008e-01 1.0000000000000000e+00 2.8712123475902048e-10 9.9999999997324451e-07 1.4999999999598666e-06
9.3625000000000003e-01 1.0000000000000000e+00 2.0091622388225160e-10 9.9999999997324451e-07 1.4999999999598666e-06
9.3874999999999997e-01 1.0000000000000000e+00 1.3849787803600556e-10 9.9999999997324451e-07 1.4999999999598666e-06
9.4125000000000003e-01 1.0000000000000000e+00 9.4105181045221320e-11 9.9999999997324451e-07 1.4999999999598666e-06
9.4375000000000009e-01 1.0000000000000000e+00 6.3059708857007336e-11 9.9999999997324451e-07 1.4999999999598666e-06
9.4625000000000004e-01 1.0000000000000000e+00 4.1691983317681152e-11 9.9999999997324451e-07 1.4999999999598666e-06
9.4874999999999998e-01 1.0000000000000000e+00 2.7207316469841868e-11 9.9999999997324451e-07 1.4999999999598666e-06
9.5125000000000004e-01 1.0000000000000000e+00 1.7530776910747211e-11 9.9999999997324451e-07 1.4999999999598666e-06
9.5375000000000010e-01 1.0000000000000000e+00 1.1156708304732900e-11 9.9999999997324451e-07 1.4999999999598666e-06
9.5625000000000004e-01 1.0000000000000000e+00 7.0147474636673630e-12 9.9999999997324451e-07 1.4999999999598666e-06
9.5874999999999999e-01 1.0000000000000000e+00 4.3585869432495714e-12 9.9999999997324451e-07 1.4999999999598666e-06
9.6124999999999994e-01 1.0000000000000000e+00 2.6769534622625392e-12 9.9999999997324451e-07 1.4999999999598666e-06
9.6375000000000000e-01 1.0000000000000000e+00 1.6255734861139994e-12 9.9999999997324451e-07 1.4999999999598666e-06
9.6625000000000005e-01 1.0000000000000000e+00 9.7617779014608688e-13 9.9999999997324451e-07 1.4999999999598666e-06
9.6875000000000000e-01 1.0000000000000000e+00 5.7987561392388948e-13 9.9999999997324451e-07 1.4999999999598666e-06
9.7124999999999995e-01 1.0000000000000000e+00 3.4079338043732043e-13 9.9999999997324451e-07 1.4999999999598666e-06
9.7375000000000000e-01 1.0000000000000000e+00 1.9822573218750574e-13 9.9999999997324451e-07 1.4999999999598666e-06
9.7625000000000006e-01 1.0000000000000000e+00 1.1412335276247117e-13 9.9999999997324451e-07 1.4999999999598666e-06
9.7875000000000001e-01 1.0000000000000000e+00 6.5083887702135203e-14 9.9999999997324451e-07 1.4999999999598666e-06
9.8124999999999996e-01 1.0000000000000000e+00 3.6755688708125712e-14 9.9999999997324451e-07 1.4999999999598666e-06
9.8375000000000001e-01 1.0000000000000000e+00 2.0571965038139046e-14 9.9999999997324451e-07 1.4999999999598666e-06
9.8625000000000007e-01 1.0000000000000000e+00 1.1349751367708303e-14 9.9999999997324451e-07 1.4999999999598666e-06
9.8875000000000002e-01 1.0000000000000000e+00 6.1259790785090588e-15 9.9999999997324451e-07 1.4999999999598666e-06
9.9124999999999996e-01 1.0000000000000000e+00 3.0683456215248696e-15 9.9999999997324451e-07 1.4999999999598666e-06
9.9375000000000002e-01 1.0000000000000000e+00 1.1320311937313044e-15 9.9999999997324451e-07 1.4999999999598666e-06
9.9625000000000008e-01 1.0000000000000000e+00 9.8121933846107801e-17 9.9999999997324451e-07 1.4999999999598666e-06
9.9875000000000003e-01 1.0000000000000000e+00 8.5660982288486014e-18 9.9999999997324451e-07 1.4999999999598666e-06
