1.2500000000045014e-03 9.9999999999600515e+00 1.3488851570391886e-12 1.3333333333259361e+01 1.9999999999968936e+00
3.7500000000125471e-03 9.9999999999561791e+00 2.3544907896143884e-12 1.3333333333241290e+01 1.9999999999949574e+00
6.2500000000220834e-03 9.9999999999355520e+00 4.1954748443652336e-12 1.3333333333191982e+01 1.9999999999916866e+00
8.7500000000377658e-03 9.9999999998975238e+00 7.1076785954589766e-12 1.3333333333106244e+01 1.9999999999864320e+00
1.1250000000063255e-02 9.9999999998337934e+00 1.1774032066327542e-11 1.3333333332964180e+01 1.9999999999778681e+00
1.3750000000104824e-02 9.9999999997296793e+00 1.9288011712562151e-11 1.3333333332732639e+01 1.9999999999639599e+00
1.6250000000172505e-02 9.9999999995613749e+00 3.1370890176420519e-11 1.3333333332358592e+01 1.9999999999415135e+00
1.8750000000282298e-02 9.9999999992913136e+00 5.0728169403787743e-11 1.3333333331758421e+01 1.9999999999055003e+00
2.1250000000459575e-02 9.9999999988604298e+00 8.1596637110952642e-11 1.3333333330800881e+01 1.9999999998480460e+00
2.3750000000744474e-02 9.9999999981765377e+00 1.3057511039164361e-10 1.3333333329281153e+01 1.9999999997568652e+00
2.6250000001200022e-02 9.9999999970969551e+00 2.0788904121107033e-10 1.3333333326882070e+01 1.9999999996129194e+00
2.8750000001924746e-02 9.9999999954015859e+00 3.2929828805256478e-10 1.3333333323114573e+01 1.9999999993868685e+00
3.1250000003071897e-02 9.9999999927531977e+00 5.1895600614611088e-10 1.3333333317229251e+01 1.9999999990337480e+00
3.3750000004878433e-02 9.9999999886377466e+00 8.1366814512018712e-10 1.3333333308083834e+01 1.9999999984850256e+00
3.6250000007708984e-02 9.9999999822765115e+00 1.2692072562539209e-09 1.3333333293947735e+01 1.9999999976368577e+00
3.8750000012121324e-02 9.9999999724959814e+00 1.9696040369531610e-09 1.3333333272213260e+01 1.9999999963327926e+00
4.1250000018964027e-02 9.9999999575384386e+00 3.0407368848377937e-09 1.3333333238974255e+01 1.9999999943384505e+00
4.3750000029521174e-02 9.9999999347858815e+00 4.6700817917277102e-09 1.3333333188413020e+01 1.9999999913047766e+00
4.6250000045724993e-02 9.9999999003620239e+00 7.1352291190543553e-09 1.3333333111915509e+01 1.9999999867149214e+00
4.8750000070466828e-02 9.9999998485606696e+00 1.0844795833784941e-08 1.3333332996801444e+01 1.9999999798080823e+00
5.1250000108049087e-02 9.9999997710322823e+00 1.6396719070511920e-08 1.3333332824516136e+01 1.9999999694709631e+00
5.3750000164837754e-02 9.9999996556310506e+00 2.4660774017295439e-08 1.3333332568068943e+01 1.9999999540841296e+00
5.6250000250198974e-02 9.9999994847952074e+00 3.6894584184250127e-08 1.3333332188433769e+01 1.9999999313060202e+00
5.8750000377834642e-02 9.9999992332849370e+00 5.4905606538345622e-08 1.3333331629522137e+01 1.9999998977713251e+00
6.1250000567674628e-02 9.9999988650461500e+00 8.1275730386933735e-08 1.3333330811213868e+01 1.9999998486728330e+00
6.3750000848541141e-02 9.9999983288925272e+00 1.1967050234535027e-07 1.3333329619761441e+01 1.9999997771856735e+00
6.6250001261874691e-02 9.9999975526021796e+00 1.7526180511246520e-07 1.3333327894672310e+01 1.9999996736803305e+00
6.8750001866911381e-02 9.9999964349098533e+00 2.5530142535946469e-07 1.3333325410912428e+01 1.9999995246547240e+00
7.1250002747829000e-02 9.9999948347173113e+00 3.6989361307865391e-07 1.3333321854930791e+01 1.9999993112958003e+00
7.3750004023542481e-02 9.9999925566728329e+00 5.3302781381849049e-07 1.3333316792613374e+01 1.9999990075567005e+00
7.6250005861041914e-02 9.9999893320405278e+00 7.6394861226595008e-07 1.3333309626771337e+01 1.9999985776060774e+00
7.8750008493427087e-02 9.9999847935233817e+00 1.0889587562287952e-06 1.3333299541192540e+01 1.9999979724711212e+00
8.1250012244121358e-02 9.9999784423907201e+00 1.5437731780514736e-06 1.3333285427593633e+01 1.9999971256547042e+00
8.3750017559152123e-02 9.9999696059130248e+00 2.1765672186268890e-06 1.3333265791033543e+01 1.9999959474601090e+00
8.6250025049873058e-02 9.9999573827068797e+00 3.0518906675197065e-06 1.3333238628462690e+01 1.9999943177038109e+00
8.8750035549094358e-02 9.9999405731599804e+00 4.2556502295408614e-06 1.3333201274122350e+01 1.9999920764392691e+00
9.1250050184275316e-02 9.9999175916517267e+00 5.9013958697145444e-06 1.3333150204496020e+01 1.9999890122535093e+00
9.3750070472243596e-02 9.9998863568160914e+00 8.1381797391578672e-06 1.3333080794479624e+01 1.9999848476365287e+00
9.6250098440827367e-02 9.9998441556542570e+00 1.1160288298477503e-05 1.3332987015460958e+01 1.9999792208644611e+00
9.8750136783811365e-02 9.9997874769097379e+00 1.5219176082458086e-05 1.3332861065133288e+01 1.9999716637858356e+00
1.0125018905676272e-01 9.9997118088460617e+00 2.0637950160608236e-05 1.3332692918261090e+01 1.9999615748625725e+00
1.0375025992246885e-01 9.9996113964257756e+00 2.7828763711756336e-05 1.3332469787329714e+01 1.9999481868008222e+00
1.0625035545596660e-01 9.9994789530055712e+00 3.7313470364019584e-05 1.3332175482276908e+01 1.9999305281206101e+00
1.0875048352036124e-01 9.9993053220509207e+00 4.9747863137425909e-05 1.3331789659410003e+01 1.9999073780670746e+00
1.1125065422576425e-01 9.9990790851600604e+00 6.5949767139927241e-05 1.3331286951402308e+01 1.9998772143708232e+00
1.1375088048463211e-01 9.9987861139212608e+00 8.6931168381443593e-05 1.3330635973073681e+01 1.9998381535304823e+00
1.1625117867745635e-01 9.9984090648932611e+00 1.1393443739585635e-04 1.3329798201677281e+01 1.9997878835265854e+00
1.1875156944301944e-01 9.9979268193367101e+00 1.4847254219035492e-04 1.3328726735744109e+01 1.9997235891893193e+00
1.2125207860715306e-01 9.9973138722789106e+00 1.9237293909187241e-04 1.3327364943266574e+01 1.9996418708361363e+00
1.2375273826297960e-01 9.9965396790247727e+00 2.4782458370982527e-04 1.3325645018076715e+01 1.9995386572671592e+00
1.2625358801384753e-01 9.9955679712839789e+00 3.1742722276754991e-04 1.3323486472568327e+01 1.9994091147464117e+00
1.2875467638748153e-01 9.9943560595369796e+00 4.0424182044886630e-04 1.3320794605144254e+01 1.9992475541883057e+00
1.3125606242615834e-01 9.9928541429039743e+00 5.1184065472480731e-04 1.3317458991480358e+01 1.9990473393835959e+00
1.3375781745297083e-01 9.9910046523422533e+00 6.4435530894645229e-04 1.3313352059278921e+01 1.9988007997010273e+00
1.3626002700847423e-01 9.9887416571639243e+00 8.0652050544722175e-04 1.3308327815894803e+01 1.9984991512444517e+00
1.3876279294532068e-01 9.9859903682216498e+00 1.0037115077418739e-03 1.3302220806122339e+01 1.9981324308784494e+00
1.4126623566108165e-01 9.9826667732756782e+00 1.2419726837210978e-03 1.3294845382608003e+01 1.9976894478035567e+00
1.4377049644160700e-01 9.9786774405992880e+00 1.5280348008674146e-03 1.3285995372797828e+01 1.9971577574111732e+00
1.4627573987932357e-01 9.9739195254906079e+00 1.8693187380696349e-03 1.3275444223237507e+01 1.9965236619328699e+00
1.4878215632330233e-01 9.9682810107283846e+00 2.2739235618755671e-03 1.3262945693688840e+01 1.9957722418862236e+00
1.5128996431116448e-01 9.9616412060847797e+00 2.7505973327866503e-03 1.3248235159657845e+01 1.9948874214972043e+00
1.5379941292745167e-01 9.9538715237799646e+00 3.3086895710659073e-03 1.3231031562531248e+01 1.9938520701601521e+00
1.5631078402943666e-01 9.9448365365670650e+00 3.9580849998967693e-03 1.3211040022233941e+01 1.9926481406190657e+00
1.5882439427985739e-01 9.9343953133690519e+00 4.7091189618776712e-03 1.3187955099115891e+01 1.9912568429859658e+00
1.6134059692701988e-01 9.9224030147431126e+00 5.5724757263963367e-03 1.3161464661220373e+01 1.9896588520438845e+00
1.6385978327624895e-01 9.9087127176910865e+00 6.5590717169203058e-03 1.3131254282033726e+01 1.9878345436217597e+00
1.6638238380276166e-01 9.8931774273022484e+00 7.6799264321264259e-03 1.3097012064338642e+01 1.9857642542922695e+00
1.6890886886446069e-01 9.8756522223302525e+00 8.9460244597330089e-03 1.3058433760111804e+01 1.9834285573440145e+00
1.7143974898354036e-01 9.8559964737373207e+00 1.0368172441432255e-02 1.3015228036352198e+01 1.9808085470149706e+00
1.7397557467765479e-01 9.8340760701927916e+00 1.1956855108958194e-02 1.2967121724023086e+01 1.9778861224177318e+00
1.7651693583409761e-01 9.8097655827811074e+00 1.3722094558779017e-02 1.2913864882875224e+01 1.9746442624800353e+00
1.7906446063335302e-01 9.7829503029529725e+00 1.5673316767175465e-02 1.2855235519299978e+01 1.9710672835708321e+00
1.8161881404083163e-01 9.7535280928072901e+00 1.7819228985889519e-02 1.2791043807148284e+01 1.9671410722517424e+00
1.8418069589701017e-01 9.7214109948306895e+00 2.0167711133283084e-02 1.2721135681857671e+01 1.9628532867227917e+00
1.8675083864605327e-01 9.6865265585202742e+00 2.2725723648889241e-02 1.2645395704617933e+01 1.9581935219330557e+00
1.8933000475094017e-01 9.6488188532811385e+00 2.5499233558028696e-02 1.2563749124002982e+01 1.9531534348990192e+00
1.9191898384891259e-01 9.6082491496947657e+00 2.8493159746804213e-02 1.2476163095271525e+01 1.9477268284099187e+00
1.9451858970460623e-01 9.5647962640061621e+00 3.1711337720945074e-02 1.2382647050452910e+01 1.9419096928991730e+00
1.9712965701959850e-01 9.5184565727126191e+00 3.5156503453468331e-02 1.2283252243417083e+01 1.9357002077359695e+00
1.9975303815645468e-01 9.4692437148782496e+00 3.8830295345342054e-02 1.2178070521804283e+01 1.9290987044725452e+00
2.0238959983290622e-01 9.4171880088022188e+00 4.2733272849443796e-02 1.2067232400753463e+01 1.9221075956231715e+00
2.0504021983790072e-01 9.3623356166652485e+00 4.6864949951100604e-02 1.1950904531066270e+01 1.9147312733256359e+00
2.0770578381625288e-01 9.3047474956539205e+00 5.1223841458800774e-02 1.1829286666450512e+01 1.9069759827403845e+00
2.1038718216280758e-01 9.2444981768443046e+00 5.5807519929784603e-02 1.1702608240879490e+01 1.8988496752899384e+00
2.1308530706077264e-01 9.1816744139826376e+00 6.0612681025424150e-02 1.1571124668309412e+01 1.8903618468578969e+00
2.1580104969247504e-01 9.1163737434505769e+00 6.5635215145040657e-02 1.1435113473647888e+01 1.8815233658881880e+00
2.1853529764445953e-01 9.0487029944466428e+00 7.0870283307054693e-02 1.1294870356785346e+01 1.8723462959913511e+00
2.2128893252282938e-01 8.9787767850853282e+00 7.6312395415871578e-02 1.1150705281592201e+01 1.8628437172168042e+00
2.2406282778914899e-01 8.9067160360239210e+00 8.1955489255710362e-02 1.1002938669928694e+01 1.8530295496274551e+00
2.2685784682219387e-01 8.8326465286532816e+00 8.7793008773713807e-02 1.0851897767723711e+01 1.8429183822515602e+00
2.2967484120643702e-01 8.7566975301502534e+00 9.3817980442063631e-02 1.0697913236854344e+01 1.8325253099162571e+00
2.3251464924438603e-01 8.6790005029594788e+00 1.0002308671281321e-01 1.0541316013455846e+01 1.8218657799123292e+00
2.3537809468676346e-01 8.5996879117547103e+00 1.0640073579169537e-01 1.0382434460931158e+01 1.8109554499192324e+00
2.3826598567201673e-01 8.5188921367709600e+00 1.1294312715339096e-01 1.0221591834679808e+01 1.7998100581458201e+00
2.4117911386470173e-01 8.4367444986478599e+00 1.1964231239703220e-01 1.0059104065612267e+01 1.7884453062240568e+00
2.4411825378088392e-01 8.3533743966781895e+00 1.2649025119528368e-01 9.8952778610340406e+00 1.7768767550336912e+00
2.4708416228773600e-01 8.2689085596127345e+00 1.3347886222276309e-01 9.7304091144840950e+00 1.7651197333363315e+00
2.5007757826396526e-01 8.1834704059263483e+00 1.4060006906026748e-01 9.5647816105533749e+00 1.7531892588552713e+00
2.5309922240749072e-01 8.0971795086824692e+00 1.4784584116147595e-01 9.3986660065101368e+00 1.7410999712490203e+00
2.5614979717685282e-01 8.0101511588118743e+00 1.5520823004011994e-01 9.2323190695991304e+00 1.7288660762867307e+00
2.5922998685314413e-01 7.9224960196935506e+00 1.6267940088996752e-01 9.0659831470055146e+00 1.7165013004366636e+00
2.6234045770969872e-01 7.8343198653267256e+00 1.7025165988967852e-01 8.8998858445091340e+00 1.7040188550186230e+00
2.6548185827739651e-01 7.7457233941028374e+00 1.7791747747122549e-01 8.7342398896931996e+00 1.6914314090423683e+00
2.6865481969414279e-01 7.6568021101231043e+00 1.8566950784670738e-01 8.5692431559976239e+00 1.6787510698496784e+00
2.7185995612781544e-01 7.5676462641331073e+00 1.9350060509536163e-01 8.4050788248127279e+00 1.6659893706941553e+00
2.7509786526280133e-01 7.4783408464671037e+00 2.0140383611249291e-01 8.2419156641198157e+00 1.6531572644245223e+00
2.7836912884102760e-01 7.3889656247536530e+00 2.0937249071628894e-01 8.0799084036581466e+00 1.6402651224800213e+00
2.8167431324921077e-01 7.2995952196409570e+00 2.1740008919806095e-01 7.9191981883067362e+00 1.6273227384578703e+00
2.8501397014483348e-01 7.2102992123072722e+00 2.2548038758827593e-01 7.7599130930966149e+00 1.6143393355683224e+00
2.8838863711409113e-01 7.1211422780936982e+00 2.3360738089470920e-01 7.6021686850603238e+00 1.6013235773521284e+00
2.9179883835579867e-01 7.0321843411267420e+00 2.4177530455206822e-01 7.4460686188264029e+00 1.5882835810942375e+00
2.9524508538590177e-01 6.9434807453916321e+00 2.4997863430419912e-01 7.2917052545798580e+00 1.5752269334265832e+00
2.9872787775786791e-01 6.8550824382072557e+00 2.5821208472175466e-01 7.1391602885354022e+00 1.5621607076695720e+00
3.0224770379479804e-01 6.7670361626010447e+00 2.6647060653981797e-01 6.9885053875767733e+00 1.5490914825163138e+00
3.0580504132965142e-01 6.6793846555297316e+00 2.7474938298199925e-01 6.8398028210276580e+00 1.5360253617146720e+00
3.0940035845043701e-01 6.5921668493497068e+00 2.8304382522063160e-01 6.6931060837536656e+00 1.5229679944494841e+00
3.1303411424763394e-01 6.5054180743389107e+00 2.9134956710581689e-01 6.5484605058827832e+00 1.5099245961716872e+00
3.1670675956151539e-01 6.4191702604356840e+00 2.9966245928054991e-01 6.4059038453961250e+00 1.4968999696608782e+00
3.2041873772735913e-01 6.3334521366988641e+00 3.0797856278473612e-01 6.2654668607021060e+00 1.4838985261443387e+00
3.2417048531681980e-01 6.2482894272829768e+00 3.1629414223689623e-01 6.1271738610453887e+00 1.4709243063288473e+00
3.2796243287397081e-01 6.1637050429807099e+00 3.2460565866967067e-01 5.9910432332392221e+00 1.4579810012312033e+00
3.3179500564473430e-01 6.0797192676347995e+00 3.3290976208329431e-01 5.8570879437777155e+00 1.4450719727202894e+00
3.3566862429856459e-01 5.9963499388979438e+00 3.4120328377019915e-01 5.7253160158233305e+00 1.4322002737074013e+00
3.3958370564135126e-01 5.9136126230289303e+00 3.4948322845339241e-01 5.5957309809885567e+00 1.4193686679435666e+00
3.4354066331861255e-01 5.8315207835417331e+00 3.5774676627169116e-01 5.4683323061293097e+00 1.4065796494018896e+00
3.4753990850804461e-01 5.7500859436889895e+00 3.6599122463572714e-01 5.3431157956641933e+00 1.3938354612408532e+00
3.5158185060049285e-01 5.6693178428564917e+00 3.7421407996990202e-01 5.2200739701306729e+00 1.3811381143610038e+00
3.5566689786835409e-01 5.5892245870754236e+00 3.8241294934728826e-01 5.0991964218891646e+00 1.3684894055824652e+00
3.5979545812030106e-01 5.5098127939372654e+00 3.9058558201619070e-01 4.9804701490142822e+00 1.3558909354854722e+00
3.6396793934106075e-01 5.4310877322934576e+00 3.9872985080913104e-01 4.8638798685355988e+00 1.3433441259698624e+00
3.6818475031476189e-01 5.3530534572014075e+00 4.0684374341707202e-01 4.7494083102807387e+00 1.3308502376035705e+00
3.7244630123007094e-01 5.2757129406465895e+00 4.1492535350332976e-01 4.6370364926371472e+00 1.3184103868439911e+00
3.7675300426497704e-01 5.1990681986584359e+00 4.2297287162303571e-01 4.5267439816202906e+00 1.3060255632312252e+00
3.8110527414864692e-01 5.1231204155029175e+00 4.3098457590513584e-01 4.4185091346728536e+00 1.2936966466673723e+00
3.8550352869721660e-01 5.0478700657175954e+00 4.3895882244391093e-01 4.3123093306669160e+00 1.2814244249135263e+00
3.8994818931973435e-01 4.9733170348336433e+00 4.4689403533656707e-01 4.2081211876150055e+00 1.2692096114547520e+00
3.9443968148967012e-01 4.8994607397302152e+00 4.5478869629157187e-01 4.1059207696444773e+00 1.2570528639047425e+00
3.9897843517648490e-01 4.8263002496575718e+00 4.6264133371940752e-01 4.0056837848232059e+00 1.2449548031457669e+00
4.0356488523060663e-01 4.7538344090817297e+00 4.7045051120279996e-01 3.9073857754757699e+00 1.2329160334269624e+00
4.0819947171381676e-01 4.6820619636413001e+00 4.7821481522686454e-01 3.8110023026951430e+00 1.2209371636758339e+00
4.1288264016547571e-01 4.6109816906444392e+00 4.8593284203099740e-01 3.7165091268148371e+00 1.2090188303140099e+00
4.1761484179311403e-01 4.5405925357081935e+00 4.9360318342315274e-01 3.6238823856944742e+00 1.1971617219103516e+00
4.2239653357367990e-01 4.4708937573363761e+00 5.0122441137313667e-01 3.5330987727713126e+00 1.1853666060529113e+00
4.2722817824905640e-01 4.4018850814552088e+00 5.0879506117456330e-01 3.4441357169488582e+00 1.1736343588768574e+00
4.3211024419636562e-01 4.3335668681655370e+00 5.1631361293458111e-01 3.3569715665213651e+00 1.1619659977494776e+00
4.3704320514985046e-01 4.2659402932634016e+00 5.2377847111656506e-01 3.2715857794966716e+00 1.1503627176860722e+00
4.4202753974674980e-01 4.1990075473835367e+00 5.3118794182330253e-01 3.1879591228452662e+00 1.1388259321533238e+00
4.4706373086451501e-01 4.1327720559626897e+00 5.3854020746714770e-01 3.1060738833914554e+00 1.1273573190094288e+00
4.5215226471070014e-01 4.0672387235816867e+00 5.4583329842979833e-01 3.0259140932562087e+00 1.1159588724330638e+00
4.5729362961985887e-01 4.0024142066178046e+00 5.5306506126843302e-01 2.9474657729526421e+00 1.1046329618055817e+00
4.6248831450369920e-01 3.9383072185182399e+00 5.6023312297934802e-01 2.8707171954177539e+00 1.0933823986303335e+00
4.6773680689137137e-01 3.8749288723259450e+00 5.6733485078768942e-01 2.7956591743861625e+00 1.0822105126957031e+00
4.7303959048602751e-01 3.8122930653562115e+00 5.7436730689692062e-01 2.7222853805773446e+00 1.0711212388086619e+00
4.7839714215167761e-01 3.7504169110279220e+00 5.8132719761181206e-01 2.6505926890904541e+00 1.0601192155316836e+00
4.8380992823080082e-01 3.6893212227229597e+00 5.8821081625372962e-01 2.5805815611261931e+00 1.0492098974326591e+00
4.8927840007833079e-01 3.6290310540418642e+00 5.9501397933159361e-01 2.5122564625785455e+00 1.0383996823809891e+00
4.9480298868184847e-01 3.5695762987435771e+00 6.0173195553637115e-01 2.4456263210140587e+00 1.0276960553588135e+00
5.0038409822166663e-01 3.5109923517712502e+00 6.0835938731893469e-01 2.3807050209170049e+00 1.0171077500564631e+00
5.0602209840898560e-01 3.4533208296946660e+00 6.1489020512777870e-01 2.3175119345539836e+00 1.0066449291183692e+00
5.1171731542699861e-01 3.3966103442472262e+00 6.2131753487238828e-01 2.2560724821252460e+00 9.9631938321081448e-01
5.1747002129114361e-01 3.3409173158104091e+00 6.2763359990124123e-01 2.1964187096093579e+00 9.8614474797765417e-01
5.2328042144391629e-01 3.2863068040604126e+00 6.3382961981367858e-01 2.1385898654351001e+00 9.7613673628680442e-01
5.2914864041164167e-01 3.2328533198251734e+00 6.3989570984696076e-01 2.0826329473386096e+00 9.6631338076818507e-01
5.3507470538168533e-01 3.1806415646984423e+00 6.4582078648125985e-01 2.0286031779410867e+00 9.5669527829997048e-01
5.4105852761710271e-01 3.1297670226199692e+00 6.5159248736203812e-01 1.9765643513759652e+00 9.4730582360792959e-01
5.4709988172194124e-01 3.0803363002030988e+00 6.5719711669042358e-01 1.9265889735360033e+00 9.3817141333349319e-01
5.5319838291638623e-01 3.0324670807390608e+00 6.6261963083403674e-01 1.8787580956582519e+00 9.2932159474606812e-01
5.5935346268911867e-01 2.9862875226113803e+00 6.6784368287599727e-01 1.8331607164281736e+00 9.2078912489904163e-01
5.6556434347590634e-01 2.9419349005354789e+00 6.7285174873164111e-01 1.7898926044348236e+00 9.1260989703189954e-01
5.7183001337461437e-01 2.8995532648508102e+00 6.7762536057649425e-01 1.7490543756009462e+00 9.0482268258534970e-01
5.7814920234301936e-01 2.8592898910784488e+00 6.8214547448895668e-01 1.7107486567386228e+00 8.9746863132512256e-01
5.8452036181521483e-01 2.8212903238386251e+00 6.8639299682115307e-01 1.6750761868860859e+00 8.9059047170674932e-01
5.9094165016695710e-01 2.7856919034709509e+00 6.9034948594666445e-01 1.6421307648924583e+00 8.8423136250981793e-01
5.9741092688019481e-01 2.7526158170182997e+00 6.9399803078682487e-01 1.6119930569044552e+00 8.7843336887306978e-01
6.0392575848793451e-01 2.7221579477688342e+00 6.9732428366265053e-01 1.5847234386996594e+00 8.7323557400400742e-01
6.1048343928336979e-01 2.6943791041838412e+00 7.0031759299541818e-01 1.5603542622329629e+00 8.6867189168556835e-01
6.1708102921210228e-01 2.6692955601692989e+00 7.0297214439863831e-01 1.5388821824903569e+00 8.6476870833634123e-01
6.2371541023491028e-01 2.6468711738104855e+00 7.0528798352842670e-01 1.5202614156520766e+00 8.6154254352893922e-01
6.3038336074892287e-01 2.6270125821417105e+00 7.0727177074026826e-01 1.5043989561962139e+00 8.5899795441961513e-01
6.3708164553228652e-01 2.6095689945035518e+00 7.0893711751784549e-01 1.4911527818738444e+00 8.5712589991753974e-01
6.4380711644632371e-01 2.5943378449511174e+00 7.1030438669995155e-01 1.4803338582779497e+00 8.5590270817591341e-01
6.5055681724121894e-01 2.5810769905021509e+00 7.1139990445892232e-01 1.4717123015585951e+00 8.5528965639587839e-01
6.5732808475535198e-01 2.5695233178862722e+00 7.1225462280229890e-01 1.4650274233219722e+00 8.5523299971089106e-01
6.6411863895232071e-01 2.5594166936567744e+00 7.1290236752854297e-01 1.4600006962155148e+00 8.5566412446669682e-01
6.7092665572319077e-01 2.5505273552146077e+00 7.1337788299667981e-01 1.4563501179181768e+00 8.5649941076340796e-01
6.7775081897422451e-01 2.5426842690755578e+00 7.1371491987734126e-01 1.4538041778440414e+00 8.5763942196366350e-01
6.8459035169012639e-01 2.5358017699791371e+00 7.1394459511722796e-01 1.4521137309822663e+00 8.5896721985935032e-01
6.9144502870159097e-01 2.5299019199085269e+00 7.1409419048955458e-01 1.4510605301470243e+00 8.6034592016880818e-01
6.9831517609194282e-01 2.5251303790112782e+00 7.1418646663680319e-01 1.4504618317315052e+00 8.6161600433842001e-01
7.0520166299609555e-01 2.5217640216979338e+00 7.1423947853217451e-01 1.4501711896168847e+00 8.6259331392978655e-01
7.1210589060147234e-01 2.5202089624267425e+00 7.1426680760340211e-01 1.4500761210917421e+00 8.6306898120986231e-01
7.1902978014104313e-01 2.5209880604273396e+00 7.1427808755741062e-01 1.4500936670990370e+00 8.6281269427346718e-01
7.2597575579407969e-01 2.5247174128856282e+00 7.1427969610542941e-01 1.4501649583260154e+00 8.6158055804068068e-01
7.3294670683801111e-01 2.5320719201738053e+00 7.1427550535423467e-01 1.4502497852946707e+00 8.5912831330347228e-01
7.3994588842382858e-01 2.5437407884981220e+00 7.1426761720618182e-01 1.4503219321996834e+00 8.5522978918932058e-01
7.4697666519134487e-01 2.5603748188360309e+00 7.1425704410740154e-01 1.4503657447986544e+00 8.4969927105712006e-01
7.5404185191725959e-01 2.5825283980759157e+00 7.1424431991017612e-01 1.4503741102867429e+00 8.4241519553124455e-01
7.6114199925808401e-01 2.6105999831212228e+00 7.1423003428751108e-01 1.4503477465598462e+00 8.3334162028099157e-01
7.6827266298884000e-01 2.6447751139954763e+00 7.1421527431929299e-01 1.4502954152155243e+00 8.2254370562978885e-01
7.7525343607117414e-01 2.6849780488639854e+00 7.1420193024513290e-01 1.4502343839831897e+00 8.1019343040632152e-01
7.8127579153124427e-01 2.7305708102877380e+00 7.1419241630514430e-01 1.4501862996280368e+00 7.9663909144800071e-01
7.8503531222215583e-01 2.7798157689451304e+00 7.1418759702123724e-01 1.4501609351613627e+00 7.8251279348900615e-01
7.8668681136491936e-01 2.8303829655542700e+00 7.1418500052155642e-01 1.4501441860784121e+00 7.6852366114055104e-01
7.8751668871809732e-01 2.8813993773265523e+00 7.1418309041041517e-01 1.4501296498754439e+00 7.5490905284756993e-01
7.8810920179286825e-01 2.9326160486616928e+00 7.1418139227667687e-01 1.4501158069812086e+00 7.4171786363389058e-01
7.8862024636947736e-01 2.9839251919722334e+00 7.1417977517531539e-01 1.4501022794306899e+00 7.2895708813274951e-01
7.8909067031882496e-01 3.0352516082649719e+00 7.1417819500376201e-01 1.4500889007947939e+00 7.1662373731038165e-01
7.8953507137863477e-01 3.0865319049653541e+00 7.1417663225834238e-01 1.4500755663540925e+00 7.0471111801306774e-01
7.8996049889037034e-01 3.1377090654538664e+00 7.1417507571559369e-01 1.4500621998866510e+00 6.9321063695092822e-01
7.9037128427805681e-01 3.1887303834343279e+00 7.1417351730061551e-01 1.4500487395125909e+00 6.8211258015683596e-01
7.9077056692112946e-01 3.2395462641862673e+00 7.1417195083172602e-01 1.4500351350845524e+00 6.7140658760530891e-01
7.9116066009547037e-01 3.2901094693541690e+00 7.1417037142753037e-01 1.4500213457376165e+00 6.6108196060521107e-01
7.9154330141086771e-01 3.3403746920230488e+00 7.1416877501732701e-01 1.4500073367189039e+00 6.5112785409144991e-01
7.9191985865984349e-01 3.3902982588318928e+00 7.1416715813249887e-01 1.4499930779305430e+00 6.4153341412657716e-01
7.9229141541656067e-01 3.4398379314737224e+00 7.1416551779555382e-01 1.4499785431336210e+00 6.3228787461175950e-01
7.9265882961024103e-01 3.4889528187676442e+00 7.1416385138335492e-01 1.4499637089189281e+00 6.2338061772546949e-01
7.9302279551517540e-01 3.5376033316872375e+00 7.1416215654085669e-01 1.4499485540355128e+00 6.1480121628445927e-01
7.9338388061088239e-01 3.5857511648595017e+00 7.1416043113244621e-01 1.4499330590052304e+00 6.0653946370343381e-01
7.9374255145824257e-01 3.6333593126489836e+00 7.1415867319336690e-01 1.4499172057588960e+00 5.9858539205490824e-01
7.9409919597173284e-01 3.6803920951245175e+00 7.1415688090417129e-01 1.4499009774292151e+00 5.9092928414472135e-01
7.9445413457183545e-01 3.7268151973802346e+00 7.1415505257323730e-01 1.4498843582296850e+00 5.8356167992266472e-01
7.9480762796191584e-01 3.7725957285602725e+00 7.1415318661022353e-01 1.4498673332538954e+00 5.7647337704822332e-01
7.9515988718106279e-01 3.8177022898825528e+00 7.1415128149609097e-01 1.4498498882394428e+00 5.6965542811513159e-01
7.9551108492162304e-01 3.8621050414901985e+00 7.1414933575575679e-01 1.4498320093362278e+00 5.6309913651784371e-01
7.9586136506096050e-01 3.9057757596910254e+00 7.1414734794010526e-01 1.4498136829538024e+00 5.5679605236802920e-01
7.9621084910709095e-01 3.9486878871935280e+00 7.1414531661251368e-01 1.4497948956444151e+00 5.5073796805253528e-01
7.9655964091594433e-01 3.9908165762206584e+00 7.1414324033887777e-01 1.4497756340123353e+00 5.4491691348990279e-01
7.9690783030843826e-01 4.0321387251094638e+00 7.1414111767987121e-01 1.4497558846471157e+00 5.3932515104912138e-01
7.9725549631506332e-01 4.0726330076308832e+00 7.1413894718620441e-01 1.4497356340825260e+00 5.3395517029136663e-01
7.9760270956917445e-01 4.1122798936900331e+00 7.1413672739898548e-01 1.4497148687953421e+00 5.2879968275742162e-01
7.9794953260281076e-01 4.1510616638765523e+00 7.1413445685355403e-01 1.4496935752403237e+00 5.2385161651146062e-01
7.9829601822301510e-01 4.1889624236986815e+00 7.1413213408016696e-01 1.4496717398639447e+00 5.1910410976566268e-01
7.9864220877235670e-01 4.2259681203958932e+00 7.1412975759534469e-01 1.4496493490322728e+00 5.1455050336364161e-01
7.9898813795364254e-01 4.2620665547060392e+00 7.1412732588928596e-01 1.4496263889256342e+00 5.1018433322856105e-01
7.9933383366043498e-01 4.2972473813266570e+00 7.1412483741548072e-01 1.4496028454404899e+00 5.0599932356918376e-01
7.9967932011370380e-01 4.3315020977493850e+00 7.1412229058393584e-01 1.4495787041241468e+00 5.0198938084689027e-01
8.0002461911956968e-01 4.3648240242690237e+00 7.1411968375603618e-01 1.4495539501162074e+00 4.9814858814117846e-01
8.0036975098043595e-01 4.3972082765014449e+00 7.1411701524063376e-01 1.4495285681146519e+00 4.9447119978176529e-01
8.0071473530972237e-01 4.4286517308732831e+00 7.1411428329204929e-01 1.4495025423487389e+00 4.9095163622052718e-01
8.0105959135551852e-01 4.4591529833555050e+00 7.1411148611126340e-01 1.4494758565873997e+00 4.8758447915931497e-01
8.0140433708053083e-01 4.4887123042307744e+00 7.1410862184826729e-01 1.4494484941513259e+00 4.8436446665957000e-01
8.0174898747028966e-01 4.5173315933175022e+00 7.1410568859979517e-01 1.4494204379044953e+00 4.8128648781792743e-01
8.0209355381473602e-01 4.5450143357534305e+00 7.1410268439966007e-01 1.4493916701632932e+00 4.7834557707385966e-01
8.0243804456433765e-01 4.5717655532364256e+00 7.1409960720597887e-01 1.4493621725767392e+00 4.7553690878266247e-01
8.0278246664124775e-01 4.5975917478373569e+00 7.1409645488967988e-01 1.4493319260260416e+00 4.7285579239646075e-01
8.0312682632789012e-01 4.6225008393617086e+00 7.1409322522433505e-01 1.4493009105116215e+00 4.7029766814874585e-01
8.0347112973455570e-01 4.6465020983309975e+00 7.1408991587593162e-01 1.4492691050650321e+00 4.6785810306174280e-01
8.0381538314155065e-01 4.6696060755577742e+00 7.1408652439221565e-01 1.4492364876353667e+00 4.6553278719412916e-01
8.0415959333183284e-01 4.6918245288004803e+00 7.1408304819202684e-01 1.4492030349880349e+00 4.6331753012890503e-01
8.0450376763568099e-01 4.7131703470317028e+00 7.1407948455543679e-01 1.4491687226173036e+00 4.6120825768475743e-01
8.0484791323443172e-01 4.7336574739776651e+00 7.1407583061280433e-01 1.4491335246268322e+00 4.5920100871043812e-01
8.0519203602229628e-01 4.7533008336526033e+00 7.1407208332788619e-01 1.4490974135858146e+00 4.5729193174344401e-01
8.0553614009549479e-01 4.7721162576419092e+00 7.1406823947253484e-01 1.4490603602904706e+00 4.5547728158445211e-01
8.0588022820129912e-01 4.7901204115000224e+00 7.1406429559592666e-01 1.4490223334796424e+00 4.5375341609394393e-01
8.0622430246606736e-01 4.8073307189198902e+00 7.1406024799104773e-01 1.4489832995175631e+00 4.5211679336359045e-01
8.0656836487470795e-01 4.8237652845615733e+00 7.1405609265748848e-01 1.4489432220457026e+00 4.5056396919322594e-01
8.0691241750752951e-01 4.8394428166965771e+00 7.1405182525921229e-01 1.4489020615836450e+00 4.4909159477557514e-01
8.0725646270577511e-01 4.8543825503668314e+00 7.1404744107565954e-01 1.4488597750689467e+00 4.4769641453972159e-01
8.0760050326075983e-01 4.8686041713743942e+00 7.1404293494551774e-01 1.4488163153349658e+00 4.4637526414248480e-01
8.0794454250525860e-01 4.8821277412986026e+00 7.1403830120281808e-01 1.4487716305082730e+00 4.4512506860059520e-01
8.0828858399786507e-01 4.8949736243106932e+00 7.1403353360297317e-01 1.4487256633190906e+00 4.4394284050604027e-01
8.0863263080984971e-01 4.9071624169996779e+00 7.1402862523363397e-01 1.4486783502693532e+00 4.4282567821194091e-01
8.0897668503102871e-01 4.9187148815484250e+00 7.1402356840518444e-01 1.4486296206165872e+00 4.4177076396036835e-01
8.0932074790422370e-01 4.9296518809771008e+00 7.1401835451992424e-01 1.4485793951514876e+00 4.4077536207212858e-01
8.0966482027079545e-01 4.9399943155515054e+00 7.1401297391967489e-01 1.4485275847768426e+00 4.3983681728643681e-01
8.1000890291457761e-01 4.9497630605350409e+00 7.1400741570857362e-01 1.4484740888536751e+00 4.3895255322497295e-01
8.1035299673266570e-01 4.9589789057872453e+00 7.1400166754584249e-01 1.4484187932627934e+00 4.3812007091997945e-01
8.1069710282965879e-01 4.9676624975048052e+00 7.1399571540259166e-01 1.4483615681369357e+00 4.3733694736642120e-01
8.1104122262065204e-01 4.9758342821213990e+00 7.1398954327649455e-01 1.4483022651995932e+00 4.3660083407624756e-01
8.1138535794552213e-01 4.9835144522488317e+00 7.1398313285758896e-01 1.4482407146428140e+00 4.3590945562201261e-01
8.1172951104304913e-01 4.9907228946487141e+00 7.1397646313685947e-01 1.4481767214797214e+00 4.3526060814732587e-01
8.1207368421788417e-01 4.9974791403606664e+00 7.1396950994603892e-01 1.4481100612516791e+00 4.3465215779184901e-01
8.1241787938784882e-01 5.0038023171064303e+00 7.1396224541310305e-01 1.4480404749528197e+00 4.3408203897336939e-01
8.1276209793542842e-01 5.0097111033808241e+00 7.1395463731796260e-01 1.4479676630291840e+00 4.3354825252857904e-01
8.1310634092089429e-01 5.0152236832161803e+00 7.1394664833413546e-01 1.4478912783058751e+00 4.3304886374799723e-01
8.1345060936650304e-01 5.0203577010874323e+00 7.1393823513826460e-01 1.4478109176962237e+00 4.3258200029729588e-01
8.1379490443630975e-01 5.0251302165514602e+00 7.1392934736397984e-01 1.4477261124536347e+00 4.3214584997773930e-01
8.1413922752889167e-01 5.0295576582280033e+00 7.1391992637198920e-01 1.4476363167174386e+00 4.3173865827421432e-01
8.1448358034735402e-01 5.0336557765026866e+00 7.1390990380378916e-01 1.4475408940561436e+00 4.3135872564428945e-01
8.1482796499196886e-01 5.0374395940799008e+00 7.1389919988104655e-01 1.4474391016433523e+00 4.3100440450275912e-01
8.1517238406965231e-01 5.0409233534485240e+00 7.1388772140661938e-01 1.4473300716711286e+00 4.3067409585220195e-01
8.1551684072059327e-01 5.0441204601491618e+00 7.1387535941544100e-01 1.4472127895178082e+00 4.3036624549852992e-01
8.1586133845337161e-01 5.0470434206655197e+00 7.1386198641192256e-01 1.4470860680978868e+00 4.3007933976930274e-01
8.1620588091147461e-01 5.0497037734316317e+00 7.1384745311739239e-01 1.4469485176800685e+00 4.2981190063850938e-01
8.1655047184429963e-01 5.0521120110215856e+00 7.1383158463989105e-01 1.4467985103729288e+00 4.2956248017164572e-01
8.1689511531953141e-01 5.0542774912790023e+00 7.1381417596705110e-01 1.4466341383848496e+00 4.2932965420308972e-01
8.1723981599342765e-01 5.0562083348798623e+00 7.1379498666478935e-01 1.4464531649760044e+00 4.2911201512339564e-01
8.1758457932783701e-01 5.0579113066157344e+00 7.1377373464078253e-01 1.4462529668405457e+00 4.2890816361751460e-01
8.1792941176763845e-01 5.0593916771190139e+00 7.1375008880598623e-01 1.4460304664061934e+00 4.2871669916736244e-01
8.1827432092077257e-01 5.0606530612295266e+00 7.1372366043751323e-01 1.4457820522999840e+00 4.2853620910402401e-01
8.1861931577359137e-01 5.0616972285317328e+00 7.1369399301129632e-01 1.4455034859248699e+00 4.2836525595906877e-01
8.1896440695942074e-01 5.0625238807418027e+00 7.1366055023171060e-01 1.4451897917151186e+00 4.2820236282125668e-01
8.1930960705514622e-01 5.0631303899774434e+00 7.1362270193595700e-01 1.4448351282929219e+00 4.2804599635227603e-01
8.1965493082852747e-01 5.0635114906710568e+00 7.1357970749060318e-01 1.4444326371827729e+00 4.2789454704822200e-01
8.2000039542194914e-01 5.0636589167996462e+00 7.1353069622113974e-01 1.4439742651792198e+00 4.2774630624958621e-01
8.2034602062911111e-01 5.0635609744813905e+00 7.1347464432611452e-01 1.4434505557375237e+00 4.2759943931119393e-01
8.2069182940988727e-01 5.0632020383777281e+00 7.1341034762967392e-01 1.4428504040342887e+00 4.2745195424689708e-01
8.2103784859682238e-01 5.0625619585265946e+00 7.1333638940661870e-01 1.4421607694903114e+00 4.2730166503780531e-01
8.2138410969324882e-01 5.0616153619144582e+00 7.1325110236105327e-01 1.4413663384534248e+00 4.2714614862840616e-01
8.2173064974976207e-01 5.0603308305453423e+00 7.1315252365291326e-01 1.4404491285232517e+00 4.2698269444016285e-01
8.2207751236132531e-01 5.0586699344572903e+00 7.1303834164037572e-01 1.4393880245137758e+00 4.2680824500211173e-01
8.2242474883370265e-01 5.0565860946663044e+00 7.1290583272945784e-01 1.4381582344411963e+00 4.2661932601864561e-01
8.2277241956446379e-01 5.0540232467696899e+00 7.1275178637977865e-01 1.4367306520095269e+00 4.2641196385310115e-01
8.2312059568821827e-01 5.0509142710445349e+00 7.1257241588940012e-01 1.4350711098759363e+00 4.2618158798580097e-01
8.2346936102647439e-01 5.0471791494954026e+00 7.1236325204997164e-01 1.4331395055632699e+00 4.2592291548831274e-01
8.2381881435162652e-01 5.0427228035664049e+00 7.1211901608661188e-01 1.4308887789794060e+00 4.2562981390750659e-01
8.2416907199399336e-01 5.0374325587646478e+00 7.1183346742015097e-01 1.4282637172486383e+00 4.2529513812455816e-01
8.2452027093244040e-01 5.0311751732949563e+00 7.1149922065639604e-01 1.4251995587319926e+00 4.2491053570252196e-01
8.2487257258026270e-01 5.0237933580320924e+00 7.1110752476306116e-01 1.4216203641601879e+00 4.2446621392795342e-01
8.2522616740796662e-01 5.0151017044942812e+00 7.1064799552300106e-01 1.4174371187043664e+00 4.2395066009353233e-01
8.2558128048861468e-01 5.0048819250254741e+00 7.1010828985042196e-01 1.4125455242769311e+00 4.2335030439396665e-01
8.2593817811874093e-01 4.9928772952398273e+00 7.0947370719087421e-01 1.4068234365965602e+00 4.2264911194727794e-01
8.2629717577174766e-01 4.9787861731994933e+00 7.0872669868335314e-01 1.4001278969977013e+00 4.2182808669345112e-01
8.2665864772042663e-01 4.9622544532951771e+00 7.0784625856660888e-01 1.3922917052086567e+00 4.2086466493594682e-01
8.2702303874897920e-01 4.9428667951979435e+00 7.0680716374655594e-01 1.3831194769547674e+00 4.1973196960268633e-01
8.2739087849561677e-01 4.9201364506940255e+00 7.0557901546052015e-01 1.3723831306296115e+00 4.1839788724843963e-01
8.2776279913405748e-01 4.8934934943527129e+00 7.0412502000645782e-01 1.3598167522373235e+00 4.1682391745486314e-01
8.2813955732989020e-01 4.8622712501618981e+00 7.0240042115583279e-01 1.3451108005500079e+00 4.1496372724122077e-01
8.2852206171477094e-01 4.8256906976067144e+00 7.0035046142464019e-01 1.3279056395319571e+00 4.1276131938704463e-01
8.2891140755997617e-01 4.7828426412474947e+00 6.9790769695490140e-01 1.3077844299177404e+00 4.1014869022848560e-01
8.2930892102183007e-01 4.7326674428142947e+00 6.9498841194931926e-01 1.2842654879185500e+00 4.0704280517379571e-01
8.2971621637125581e-01 4.6739321565548666e+00 6.9148775827166287e-01 1.2567943470853375e+00 4.0334165269903532e-01
8.3013527105405727e-01 4.6052049975026499e+00 6.8727305889879720e-01 1.2247359739235260e+00 3.9891904092902042e-01
8.3056852554040828e-01 4.5248272339990558e+00 6.8217441752278640e-01 1.1873679436463080e+00 3.9361766170580675e-01
8.3101901829596247e-01 4.4308828794392081e+00 6.7597129698789615e-01 1.1438759766310675e+00 3.8723974693814567e-01
8.3149057159754203e-01 4.3211670652006999e+00 6.6837293755135407e-01 1.0933542471204343e+00 3.7953435864310392e-01
8.3198805256704667e-01 4.1931549146336708e+00 6.5898915357814514e-01 1.0348146349140028e+00 3.7017996806030523e-01
8.3251774796804945e-01 4.0439745729710825e+00 6.4728576864969956e-01 9.6721223779816146e-01 3.5876050418173994e-01
8.3308791487706491e-01 3.8703919191337222e+00 6.3251502454956099e-01 8.8950027813402477e-01 3.4473263821294647e-01
8.3370960854080089e-01 3.6688234048777408e+00 6.1360464765105649e-01 8.0073867128322018e-01 3.2738234424909740e-01
8.3439795150862539e-01 3.4354160171506019e+00 5.8897887532464832e-01 7.0030256476081676e-01 3.0577194782147260e-01
8.3517409348759775e-01 3.1662957377704108e+00 5.5627356096524794e-01 5.8828162777695403e-01 2.7869236317350454e-01
8.3606814712904853e-01 2.8582720148101743e+00 5.1192367807700800e-01 4.6624760375657354e-01 2.4468329186692450e-01
8.3712294596251935e-01 2.5108574576309945e+00 4.5080058687660812e-01 3.3869778322963973e-01 2.0233991113290992e-01
8.3839596196872679e-01 2.1319706106348324e+00 3.6710226019367603e-01 2.1537373140723159e-01 1.5153144958909648e-01
8.3994996785557730e-01 1.7504255407656819e+00 2.6053806277915059e-01 1.1253154964551851e-01 9.6432164943412210e-02
8.4182052573645516e-01 1.4227719233484410e+00 1.4925140184441993e-01 4.5608043249943421e-02 4.8083648371349541e-02
8.4397655127222426e-01 1.1995238030849356e+00 6.5824289916237053e-02 1.4258723621814358e-02 1.7830480210326505e-02
8.4632605704150843e-01 1.0804616465114847e+00 2.2994994642574304e-02 3.6700215726844431e-03 5.0950742923646652e-03
8.4877247475775353e-01 1.0287149025014839e+00 6.8665331204376687e-03 8.4984965346260940e-04 1.2391912249876977e-03
8.5125611846856319e-01 1.0093648325656570e+00 1.8735991951733780e-03 1.8873020994339203e-04 2.8046877182703238e-04
8.5375158555001429e-01 1.0028591423749902e+00 4.8588543267990918e-04 4.1858424569907597e-05 6.2608629868165242e-05
8.5625039844590711e-01 1.0008311179967568e+00 1.2216571429085032e-04 9.8475017947255639e-06 1.4758986233016198e-05
8.5875009806257252e-01 1.0002327322856850e+00 3.0080269730309296e-05 2.9129807048462746e-06 4.3684543768973656e-06
8.6125002376742921e-01 1.0000632937447016e+00 7.2934080390544206e-06 1.4134503353899723e-06 2.1200413177310367e-06
8.6375000569228300e-01 1.0000168153428359e+00 1.7473358222492883e-06 1.0893499705936675e-06 1.6339974796626875e-06
8.6625000135025954e-01 1.0000043827550111e+00 4.1459554546489224e-07 1.0193090649680218e-06 1.5289568964085331e-06
8.6875000031775951e-01 1.0000011242975919e+00 9.7589641717439180e-08 1.0041728603822932e-06 1.5062575970916503e-06
8.7125000007428044e-01 1.0000002845655491e+00 2.2817299644380571e-08 1.0009018091006183e-06 1.5013522864177895e-06
8.7375000001726466e-01 1.0000000712023933e+00 5.3043782400931495e-09 1.0001948960725038e-06 1.5002922372843576e-06
8.7625000000399300e-01 1.0000000176396633e+00 1.2270284496889565e-09 1.0000421203359977e-06 1.5000631540433874e-06
8.7875000000091918e-01 1.0000000043323405e+00 2.8261750705248512e-10 1.0000091024697788e-06 1.5000136472060980e-06
8.8125000000021025e-01 1.0000000010559573e+00 6.4847423730566104e-11 1.0000019666778215e-06 1.5000029484327931e-06
8.8375000000004778e-01 1.0000000002555596e+00 1.4829206733024617e-11 1.0000004243559957e-06 1.5000006361506539e-06
8.8625000000001042e-01 1.0000000000615823e+00 3.3803286312402893e-12 1.0000000910670437e-06 1.5000001365081919e-06
8.8875000000000182e-01 1.0000000000147136e+00 7.6768972851762299e-13 1.0000000193466363e-06 1.5000000289978839e-06
8.9125000000000010e-01 1.0000000000033831e+00 1.7330570173515705e-13 1.0000000041365809e-06 1.5000000061997965e-06
8.9375000000000004e-01 1.0000000000007261e+00 3.8794873846619885e-14 1.0000000013055121e-06 1.5000000019571789e-06
8.9624999999999999e-01 1.0000000000001561e+00 8.6577122995296019e-15 1.0000000000287557e-06 1.5000000000428993e-06
8.9874999999999994e-01 1.0000000000000322e+00 1.8423534926115672e-15 1.0000000001397780e-06 1.5000000002096185e-06
9.0125000000000000e-01 1.0000000000000060e+00 1.0331939610468142e-16 9.9999999975119991e-07 1.4999999996267908e-06
9.0375000000000005e-01 1.0000000000000009e+00 -2.7782209987590001e-16 9.9999999936262185e-07 1.4999999990439313e-06
9.0625000000000000e-01 1.0000000000000000e+00 -1.4570990552677466e-16 9.9999999997324451e-07 1.4999999999598666e-06
9.0874999999999995e-01 1.0000000000000000e+00 -3.0844707576397458e-17 9.9999999997324451e-07 1.4999999999598666e-06
9.1125000000000000e-01 1.0000000000000000e+00 -6.9706871954377744e-18 9.9999999997324451e-07 1.4999999999598666e-06
9.1375000000000006e-01 1.0000000000000000e+00 -1.5376671379363370e-18 9.9999999997324451e-07 1.4999999999598666e-06
9.1625000000000001e-01 1.0000000000000000e+00 -3.3525304871052519e-19 9.9999999997324451e-07 1.4999999999598666e-06
9.1874999999999996e-01 1.0000000000000000e+00 -7.2838708638740000e-20 9.9999999997324451e-07 1.4999999999598666e-06
9.2125000000000001e-01 1.0000000000000000e+00 -1.5816193512930102e-20 9.9999999997324451e-07 1.4999999999598666e-06
9.2375000000000007e-01 1.0000000000000000e+00 -3.4071790850663471e-21 9.9999999997324451e-07 1.4999999999598666e-06
9.2625000000000002e-01 1.0000000000000000e+00 -7.3540570460485798e-22 9.9999999997324451e-07 1.4999999999598666e-06
9.2874999999999996e-01 1.0000000000000000e+00 -2.2005865843200763e-22 9.9999999997324451e-07 1.4999999999598666e-06
9.3125000000000002e-01 1.0000000000000000e+00 0.0000000000000000e+00 9.9999999997324451e-07 1.4999999999598666e-06
9.3375000000000008e-01 1.0000000000000000e+00 0.0000000000000000e+00 9.9999999997324451e-07 1.4999999999598666e-06
9.3625000000000003e-01 1.0000000000000000e+00 0.0000000000000000e+00 9.9999999997324451e-07 1.4999999999598666e-06
9.3874999999999997e-01 1.0000000000000000e+00 0.0000000000000000e+00 9.9999999997324451e-07 1.4999999999598666e-06
9.4125000000000003e-01 1.0000000000000000e+00 0.0000000000000000e+00 9.9999999997324451e-07 1.4999999999598666e-06
9.4375000000000009e-01 1.0000000000000000e+00 0.0000000000000000e+00 9.9999999997324451e-07 1.4999999999598666e-06
9.4625000000000004e-01 1.0000000000000000e+00 0.0000000000000000e+00 9.9999999997324451e-07 1.4999999999598666e-06
9.4874999999999998e-01 1.0000000000000000e+00 0.0000000000000000e+00 9.9999999997324451e-07 1.4999999999598666e-06
9.5125000000000004e-01 1.0000000000000000e+00 0.0000000000000000e+00 9.9999999997324451e-07 1.4999999999598666e-06
9.5375000000000010e-01 1.0000000000000000e+00 0.0000000000000000e+00 9.9999999997324451e-07 1.4999999999598666e-06
9.5625000000000004e-01 1.0000000000000000e+00 0.0000000000000000e+00 9.9999999997324451e-07 1.4999999999598666e-06
9.5874999999999999e-01 1.0000000000000000e+00 0.0000000000000000e+00 9.9999999997324451e-07 1.4999999999598666e-06
9.6124999999999994e-01 1.0000000000000000e+00 0.0000000000000000e+00 9.9999999997324451e-07 1.4999999999598666e-06
9.6375000000000000e-01 1.0000000000000000e+00 0.0000000000000000e+00 9.9999999997324451e-07 1.4999999999598666e-06
9.6625000000000005e-01 1.0000000000000000e+00 0.0000000000000000e+00 9.9999999997324451e-07 1.4999999999598666e-06
9.6875000000000000e-01 1.0000000000000000e+00 0.0000000000000000e+00 9.9999999997324451e-07 1.4999999999598666e-06
9.7124999999999995e-01 1.0000000000000000e+00 0.0000000000000000e+00 9.9999999997324451e-07 1.4999999999598666e-06
9.7375000000000000e-01 1.0000000000000000e+00 0.0000000000000000e+00 9.9999999997324451e-07 1.4999999999598666e-06
9.7625000000000006e-01 1.0000000000000000e+00 0.0000000000000000e+00 9.9999999997324451e-07 1.4999999999598666e-06
9.7875000000000001e-01 1.0000000000000000e+00 0.0000000000000000e+00 9.9999999997324451e-07 1.4999999999598666e-06
9.8124999999999996e-01 1.0000000000000000e+00 0.0000000000000000e+00 9.9999999997324451e-07 1.4999999999598666e-06
9.8375000000000001e-01 1.0000000000000000e+00 0.0000000000000000e+00 9.9999999997324451e-07 1.4999999999598666e-06
9.8625000000000007e-01 1.0000000000000000e+00 0.0000000000000000e+00 9.9999999997324451e-07 1.4999999999598666e-06
9.8875000000000002e-01 1.0000000000000000e+00 0.0000000000000000e+00 9.9999999997324451e-07 1.4999999999598666e-06
9.9124999999999996e-01 1.0000000000000000e+00 0.0000000000000000e+00 9.9999999997324451e-07 1.4999999999598666e-06
9.9375000000000002e-01 1.0000000000000000e+00 0.0000000000000000e+00 9.9999999997324451e-07 1.4999999999598666e-06
9.9625000000000008e-01 1.0000000000000000e+00 0.0000000000000000e+00 9.9999999997324451e-07 1.4999999999598666e-06
9.9875000000000003e-01 1.0000000000000000e+00 0.0000000000000000e+00 9.9999999997324451e-07 1.4999999999598666e-06
