1.2500000000000000e-03 1.0000000000000000e+01 0.0000000000000000e+00 1.3333333333333339e+01 2.0000000000000004e+00
3.7499999999999999e-03 1.0000000000000000e+01 0.0000000000000000e+00 1.3333333333333339e+01 2.0000000000000004e+00
6.2500000000000003e-03 1.0000000000000000e+01 0.0000000000000000e+00 1.3333333333333339e+01 2.0000000000000004e+00
8.7500000000000008e-03 1.0000000000000000e+01 0.0000000000000000e+00 1.3333333333333339e+01 2.0000000000000004e+00
1.1250000000000000e-02 1.0000000000000000e+01 2.5066462307976168e-17 1.3333333333333339e+01 2.0000000000000004e+00
1.3750000000000000e-02 1.0000000000000000e+01 -2.4875746632898873e-16 1.3333333333333341e+01 2.0000000000000009e+00
1.6250000000000001e-02 1.0000000000000000e+01 -2.5059633182164464e-16 1.3333333333333341e+01 2.0000000000000009e+00
1.8750000000000003e-02 1.0000000000000000e+01 -2.4717985765414237e-16 1.3333333333333341e+01 2.0000000000000009e+00
2.1249999999999998e-02 1.0000000000000000e+01 -2.4903438609711434e-16 1.3333333333333341e+01 2.0000000000000009e+00
2.3750000000000000e-02 1.0000000000000000e+01 -2.4744273063114393e-16 1.3333333333333341e+01 2.0000000000000009e+00
2.6250000000000002e-02 1.0000000000000000e+01 -2.4861732648437666e-16 1.3333333333333341e+01 2.0000000000000009e+00
2.8749999999999998e-02 1.0000000000000000e+01 -2.4895252973352739e-16 1.3333333333333341e+01 2.0000000000000009e+00
3.1250000000000000e-02 1.0000000000000000e+01 -2.5089303962651752e-16 1.3333333333333341e+01 2.0000000000000009e+00
3.3750000000000002e-02 1.0000000000000000e+01 -2.5047790562321275e-16 1.3333333333333341e+01 2.0000000000000009e+00
3.6250000000000004e-02 1.0000000000000000e+01 -2.5144209575762928e-16 1.3333333333333341e+01 2.0000000000000009e+00
3.8750000000000000e-02 1.0000000000000000e+01 -2.4925477185030736e-16 1.3333333333333341e+01 2.0000000000000009e+00
4.1250000000000002e-02 1.0000000000000000e+01 -2.4868083479346904e-16 1.3333333333333341e+01 2.0000000000000009e+00
4.3749999999999997e-02 1.0000000000000000e+01 -2.4794813265481840e-16 1.3333333333333341e+01 2.0000000000000009e+00
4.6249999999999999e-02 1.0000000000000000e+01 -2.4614453342750618e-16 1.3333333333333341e+01 2.0000000000000009e+00
4.8750000000000002e-02 1.0000000000000000e+01 -2.4924383698620768e-16 1.3333333333333341e+01 2.0000000000000009e+00
5.1250000000000004e-02 1.0000000000000000e+01 -2.4802880992069431e-16 1.3333333333333341e+01 2.0000000000000009e+00
5.3749999999999999e-02 1.0000000000000000e+01 -2.4803269103872049e-16 1.3333333333333341e+01 2.0000000000000009e+00
5.6250000000000001e-02 1.0000000000000000e+01 -2.4954009496240525e-16 1.3333333333333341e+01 2.0000000000000009e+00
5.8749999999999997e-02 1.0000000000000000e+01 -2.4722010083892422e-16 1.3333333333333341e+01 2.0000000000000009e+00
6.1249999999999999e-02 1.0000000000000000e+01 -2.4937058172835252e-16 1.3333333333333341e+01 2.0000000000000009e+00
6.3750000000000001e-02 1.0000000000000000e+01 -2.4739829903996628e-16 1.3333333333333341e+01 2.0000000000000009e+00
6.6250000000000003e-02 1.0000000000000000e+01 -2.5285820335383894e-16 1.3333333333333341e+01 2.0000000000000009e+00
6.8750000000000006e-02 1.0000000000000000e+01 -2.5087952124922458e-16 1.3333333333333341e+01 2.0000000000000009e+00
7.1250000000000008e-02 1.0000000000000000e+01 -2.4823387427871281e-16 1.3333333333333341e+01 2.0000000000000009e+00
7.3749999999999996e-02 1.0000000000000000e+01 -2.4686494374576606e-16 1.3333333333333341e+01 2.0000000000000009e+00
7.6249999999999998e-02 1.0000000000000000e+01 -2.4890053734809282e-16 1.3333333333333341e+01 2.0000000000000009e+00
7.8750000000000001e-02 1.0000000000000000e+01 -2.4618214317174587e-16 1.3333333333333341e+01 2.0000000000000009e+00
8.1250000000000003e-02 1.0000000000000000e+01 -2.4734364617714137e-16 1.3333333333333341e+01 2.0000000000000009e+00
8.3750000000000005e-02 1.0000000000000000e+01 -2.4691981008195822e-16 1.3333333333333341e+01 2.0000000000000009e+00
8.6250000000000007e-02 1.0000000000000000e+01 -2.5016097769601106e-16 1.3333333333333341e+01 2.0000000000000009e+00
8.8749999999999996e-02 1.0000000000000000e+01 -2.4785517426396130e-16 1.3333333333333341e+01 2.0000000000000009e+00
9.1249999999999998e-02 1.0000000000000000e+01 -2.5037548351564536e-16 1.3333333333333341e+01 2.0000000000000009e+00
9.3750000000000000e-02 1.0000000000000000e+01 -2.4891493035591652e-16 1.3333333333333341e+01 2.0000000000000009e+00
9.6250000000000002e-02 1.0000000000000000e+01 -2.5078892205383686e-16 1.3333333333333341e+01 2.0000000000000009e+00
9.8750000000000004e-02 1.0000000000000000e+01 -2.5151052757120414e-16 1.3333333333333341e+01 2.0000000000000009e+00
1.0125000000000001e-01 1.0000000000000000e+01 -2.5008430024647937e-16 1.3333333333333341e+01 2.0000000000000009e+00
1.0375000000000001e-01 1.0000000000000000e+01 -2.4648400877414554e-16 1.3333333333333341e+01 2.0000000000000009e+00
1.0625000000000000e-01 1.0000000000000000e+01 -2.4873722756756557e-16 1.3333333333333341e+01 2.0000000000000009e+00
1.0875000000000000e-01 1.0000000000000000e+01 -2.4741459279998405e-16 1.3333333333333341e+01 2.0000000000000009e+00
1.1125000000000000e-01 1.0000000000000000e+01 -2.4993834281363056e-16 1.3333333333333341e+01 2.0000000000000009e+00
1.1375000000000000e-01 1.0000000000000000e+01 -2.4192112120344739e-16 1.3333333333333341e+01 2.0000000000000009e+00
1.1625000000000001e-01 1.0000000000000000e+01 -2.0123110337966798e-16 1.3333333333333341e+01 2.0000000000000009e+00
1.1874999999999999e-01 1.0000000000000000e+01 -2.4739376050817535e-16 1.3333333333333341e+01 2.0000000000000009e+00
1.2125000000000000e-01 1.0000000000000000e+01 -2.4830250067031119e-16 1.3333333333333341e+01 2.0000000000000009e+00
1.2375000000000000e-01 1.0000000000000000e+01 -2.4970628494003893e-16 1.3333333333333341e+01 2.0000000000000009e+00
1.2625000000000000e-01 1.0000000000000000e+01 -2.4846662183965375e-16 1.3333333333333341e+01 2.0000000000000009e+00
1.2875000000000000e-01 1.0000000000000000e+01 -2.4920936643145499e-16 1.3333333333333341e+01 2.0000000000000009e+00
1.3125000000000001e-01 1.0000000000000000e+01 -2.5153750915206366e-16 1.3333333333333341e+01 2.0000000000000009e+00
1.3375000000000001e-01 1.0000000000000000e+01 -2.4925617349647537e-16 1.3333333333333341e+01 2.0000000000000009e+00
1.3625000000064724e-01 9.9999999948221419e+00 4.6584318044292184e-10 1.3333333321826961e+01 1.9999999993096156e+00
1.3875000001683041e-01 9.9999998757125308e+00 9.7875388896467013e-09 1.3333333057138761e+01 1.9999999834283078e+00
1.4125000007529587e-01 9.9999996565638352e+00 2.5422648250132432e-08 1.3333332570141925e+01 1.9999999542085201e+00
1.4375000021047399e-01 9.9999992620111442e+00 5.4044474933780784e-08 1.3333331693358629e+01 1.9999999016015579e+00
1.4625000047826098e-01 9.9999985956931408e+00 1.0346058293222103e-07 1.3333330212651605e+01 1.9999998127590863e+00
1.4875000099276303e-01 9.9999972882908938e+00 1.9955054264174373e-07 1.3333327307313096e+01 1.9999996384386876e+00
1.5125000197894628e-01 9.9999948222458492e+00 3.8068786011474233e-07 1.3333321827215530e+01 1.9999993096328019e+00
1.5375000384666271e-01 9.9999902360316533e+00 7.1721522214175821e-07 1.3333311635634173e+01 1.9999986981375240e+00
1.5625000733772981e-01 9.9999818354623624e+00 1.3326210577856495e-06 1.3333292967724340e+01 1.9999975780617791e+00
1.5875001377174930e-01 9.9999666924871047e+00 2.4420547142479275e-06 1.3333259316736914e+01 1.9999955589983240e+00
1.6125002548755837e-01 9.9999395813885474e+00 4.4255640742960155e-06 1.3333199070073299e+01 1.9999919441846130e+00
1.6375004656027292e-01 9.9998918380190336e+00 7.9143285965307472e-06 1.3333092974400447e+01 1.9999855784002734e+00
1.6625008394299837e-01 9.9998091037044823e+00 1.3955159460563839e-05 1.3332909122508488e+01 1.9999745471494912e+00
1.6875014934218477e-01 9.9996677135721068e+00 2.4266663615218178e-05 1.3332594928560617e+01 1.9999556950974793e+00
1.7125026213227809e-01 9.9994299976232739e+00 4.1586090189089871e-05 1.3332066689165625e+01 1.9999239995181433e+00
1.7375045381482979e-01 9.9990366339717109e+00 7.0214052601763727e-05 1.3331192598668256e+01 1.9998715506315203e+00
1.7625077467071701e-01 9.9983967760245172e+00 1.1673287071880063e-04 1.3329770829733880e+01 1.9997862349838584e+00
1.7875130341647016e-01 9.9973739541906212e+00 1.9101544047293766e-04 1.3327498251885347e+01 1.9996498549949955e+00
1.8125216082924775e-01 9.9957685692165335e+00 3.0748696097875126e-04 1.3323931637329242e+01 1.9994357930157993e+00
1.8375352830352976e-01 9.9932962667905247e+00 4.8667820380830410e-04 1.3318439842702237e+01 1.9991061238164847e+00
1.8625567224768716e-01 9.9895635271772960e+00 7.5698092984826726e-04 1.3310150055053592e+01 1.9986083504312893e+00
1.8875897480965328e-01 9.9840428186676746e+00 1.1564496033862669e-03 1.3297893536934597e+01 1.9978720712321332e+00
1.9126397078564797e-01 9.9760505976839386e+00 1.7344133213605928e-03 1.3280158500985877e+01 1.9968060061868109e+00
1.9377138945806563e-01 9.9647345550422575e+00 2.5524851098948000e-03 1.3255064801519289e+01 1.9952962211339724e+00
1.9628219880581133e-01 9.9490752085225811e+00 3.6846080377718423e-03 1.3220372323599948e+01 1.9932062095995273e+00
1.9879764804181288e-01 9.9279098054381389e+00 5.2156355331033667e-03 1.3173541234018298e+01 1.9903798723275550e+00
2.0131930193107761e-01 9.8999912198373039e+00 7.2382404447352989e-03 1.3111872273322158e+01 1.9866490760692266e+00
2.0384906722014151e-01 9.8640152421509253e+00 9.8476008149937077e-03 1.3032579447164478e+01 1.9818368778679960e+00
2.0638919140585102e-01 9.8188378785987318e+00 1.3138208811233764e-02 1.2933282759598038e+01 1.9757861754374604e+00
2.0894226377024891e-01 9.7632725361338544e+00 1.7193532805837537e-02 1.2811573767516242e+01 1.9683318866856314e+00
2.1151117466320057e-01 9.6966399119138362e+00 2.2091763384728402e-02 1.2666234493055015e+01 1.9593747846858631e+00
2.1409909132047267e-01 9.6181196573758303e+00 2.7885673031345575e-02 1.2495817392142527e+01 1.9487931899287425e+00
2.1670940783702564e-01 9.5275941588363668e+00 3.4632726635643027e-02 1.2300494740180055e+01 1.9365583590856397e+00
2.1934574427581116e-01 9.4244608080061401e+00 4.2368429866336065e-02 1.2079466471417611e+01 1.9225714952025732e+00
2.2201194391297796e-01 9.3088249083539374e+00 5.1139145531673508e-02 1.1833554304427501e+01 1.9068283732258970e+00
2.2471094676883907e-01 9.1882802875000085e+00 6.0361266723253502e-02 1.1579325009264073e+01 1.8903414970400241e+00
2.2744397084681056e-01 9.0683191245231320e+00 6.9667797678353349e-02 1.1328531153186667e+01 1.8738639979957239e+00
2.3021149197703361e-01 8.9489400970954893e+00 7.9024971254230247e-02 1.1081134665338746e+01 1.8573933692329594e+00
2.3301397097951476e-01 8.8303100384689674e+00 8.8424202676587779e-02 1.0837467146680741e+01 1.8409546945918642e+00
2.3585183375152555e-01 8.7125340857726581e+00 9.7855548015130134e-02 1.0597697002858176e+01 1.8245604950052257e+00
2.3872548371006375e-01 8.5956833495565856e+00 1.0731002232453625e-01 1.0361942729682726e+01 1.8082232048864246e+00
2.4163530142484968e-01 8.4798488686794222e+00 1.1678156964075523e-01 1.0130331738875604e+01 1.7919538241345827e+00
2.4458165000184978e-01 8.3650591403670003e+00 1.2626202195905994e-01 9.9028870093094561e+00 1.7757591745265866e+00
2.4756487706234920e-01 8.2513820842430441e+00 1.3574702417674492e-01 9.6796818614376168e+00 1.7596473710607958e+00
2.5058531586330091e-01 8.1388321301685274e+00 1.4523020541887394e-01 9.4607057610185716e+00 1.7436234602904885e+00
2.5364328782956058e-01 8.0274548522483471e+00 1.5470793415347994e-01 9.2459832099717616e+00 1.7276926585358732e+00
2.5673910407521872e-01 7.9172515988999805e+00 1.6417488639684127e-01 9.0354750453259935e+00 1.7118582627678607e+00
2.5987306626237450e-01 7.8082568815753293e+00 1.7362842069755999e-01 8.8291821197885216e+00 1.6961241645281051e+00
2.6304546910822146e-01 7.7004570175814147e+00 1.8306350156787135e-01 8.6270348497593261e+00 1.6804914624019811e+00
2.6625659917475286e-01 7.5938863192736008e+00 1.9247896300117137e-01 8.4290330867649139e+00 1.6649643013561466e+00
2.6950673832864758e-01 7.4885144024941521e+00 2.0186947587510165e-01 8.2350753463516817e+00 1.6495411981064381e+00
2.7279616312041877e-01 7.3843736025851134e+00 2.1123490273075038e-01 8.0451586415991834e+00 1.6342263557973440e+00
2.7612514557371182e-01 7.2814299163993805e+00 2.2057044242169405e-01 7.8591747393295153e+00 1.6190174518391489e+00
2.7949395442665831e-01 7.1797068716999748e+00 2.2987615872446199e-01 7.6771064772621127e+00 1.6039178091356463e+00
2.8290285576739838e-01 7.0791685156340094e+00 2.3914771497142295e-01 7.4988426519248872e+00 1.5889244553291915e+00
2.8635211473066624e-01 6.9798294377828825e+00 2.4838515287240323e-01 7.3243524167390506e+00 1.5740396986832970e+00
2.8984199295441054e-01 6.8816632665748827e+00 2.5758553792767247e-01 7.1535428428458845e+00 1.5592617436524878e+00
2.9337275395017315e-01 6.7846644200996034e+00 2.6674766456559690e-01 6.9863501383974489e+00 1.5445900576232663e+00
2.9694465854477314e-01 6.6888220979356934e+00 2.7587048816827281e-01 6.8227099405481821e+00 1.5300249821236407e+00
3.0055796887912861e-01 6.5941171971367227e+00 2.8495202213711857e-01 6.6625381473778367e+00 1.5155640887617576e+00
3.0421294851983138e-01 6.5005386855404570e+00 2.9399157005067728e-01 6.5057716029938479e+00 1.5012074962645088e+00
3.0790986185888175e-01 6.4080697081301796e+00 3.0298774412302043e-01 6.3523330916734606e+00 1.4869531811461092e+00
3.1164897629601856e-01 6.3166930600892321e+00 3.1193956906046877e-01 6.2021511505287261e+00 1.4728001878979486e+00
3.1543056014254250e-01 6.2263982420976474e+00 3.2084659047722619e-01 6.0551619379290766e+00 1.4587475059792636e+00
3.1925488545513109e-01 6.1371608715126973e+00 3.2970737759742025e-01 5.9112843734184288e+00 1.4447929174035334e+00
3.2312222777027083e-01 6.0489715245342275e+00 3.3852186151683777e-01 5.7704592390934506e+00 1.4309356265826800e+00
3.2703286614751853e-01 5.9618068761408143e+00 3.4728890518385902e-01 5.6326094569008758e+00 1.4171734108268277e+00
3.3098708549978550e-01 5.8756521299807503e+00 3.5600814502570893e-01 5.4976701539224457e+00 1.4035046746225062e+00
3.3498517487763291e-01 5.7904894277947916e+00 3.6467915070250928e-01 5.3655752197342812e+00 1.3899279033251775e+00
3.3902742888363924e-01 5.7063013612770117e+00 3.7330147590708729e-01 5.2362583480630640e+00 1.3764410648541112e+00
3.4311414926551975e-01 5.6230675753249129e+00 3.8187458674843089e-01 5.1096520849674301e+00 1.3630421517757190e+00
3.4724564402559416e-01 5.5407737462988464e+00 3.9039849739847077e-01 4.9856974615440421e+00 1.3497295747388383e+00
3.5142222774310983e-01 5.4594000094450239e+00 3.9887284063342088e-01 4.8643301864718378e+00 1.3365013127970966e+00
3.5564422407306895e-01 5.3789278685156869e+00 4.0729732236101690e-01 4.7454875475907317e+00 1.3233550431213295e+00
3.5991196476070741e-01 5.2993408813188534e+00 4.1567202125251862e-01 4.6291126857918119e+00 1.3102891820311884e+00
3.6422579020206874e-01 5.2206206814835028e+00 4.2399675982800089e-01 4.5151457064254092e+00 1.2973014077922940e+00
3.6858605087934632e-01 5.1427493564209783e+00 4.3227152785755479e-01 4.4035297246920866e+00 1.2843897552174286e+00
3.7299310768454563e-01 5.0657093556763977e+00 4.4049631372144554e-01 4.2942085677795179e+00 1.2715519978364809e+00
3.7744733309235545e-01 4.9894821230568160e+00 4.4867109458018323e-01 4.1871266955079189e+00 1.2587859598170081e+00
3.8194911027125711e-01 4.9140530628540047e+00 4.5679622252484636e-01 4.0822343824493244e+00 1.2460898356920957e+00
3.8649883438618804e-01 4.8394028690399074e+00 4.6487162240507635e-01 3.9794771635655919e+00 1.2334612155430291e+00
3.9109691529130824e-01 4.7655139444888626e+00 4.7289736662625187e-01 3.8788034707100145e+00 1.2208977402728107e+00
3.9574377632999597e-01 4.6923706570126527e+00 4.8087378655188062e-01 3.7801660195664288e+00 1.2083975124334159e+00
4.0043985458378062e-01 4.6199565969777261e+00 4.8880107563256431e-01 3.6835168297521830e+00 1.1959582581885699e+00
4.0518560334529641e-01 4.5482539517192260e+00 4.9667933300364719e-01 3.5888078758057556e+00 1.1835776697723299e+00
4.0998149251721577e-01 4.4772474945675205e+00 5.0450885280776192e-01 3.4959947186294493e+00 1.1712535624414295e+00
4.1482800734394010e-01 4.4069229522855267e+00 5.1229007573947971e-01 3.4050359379142661e+00 1.1589841624579593e+00
4.1972565243167270e-01 4.3372613241546514e+00 5.2002281704287301e-01 3.3158840636320299e+00 1.1467665247072614e+00
4.2467495174358522e-01 4.2682502344710658e+00 5.2770764292467609e-01 3.2285019629645220e+00 1.1345991163629399e+00
4.2967644842466257e-01 4.1998730546728433e+00 5.3534452164953894e-01 3.1428471903245265e+00 1.1224793521417555e+00
4.3473070439453421e-01 4.1321197214894161e+00 5.4293410950168142e-01 3.0588869961116929e+00 1.1104059909749378e+00
4.3983830460557444e-01 4.0649706696998553e+00 5.5047585895734263e-01 2.9765770979439772e+00 1.0983758579605292e+00
4.4499985639007683e-01 3.9984187623200107e+00 5.5797050233598722e-01 2.8958898217358526e+00 1.0863881426174948e+00
4.5021598915878758e-01 3.9324475562443948e+00 5.6541751777715610e-01 2.8167863730548910e+00 1.0744401544206501e+00
4.5548735390118522e-01 3.8670526838131880e+00 5.7281753150075931e-01 2.7392436037224361e+00 1.0625315302226555e+00
4.6081462581597044e-01 3.8022180135569106e+00 5.8016950699573333e-01 2.6632243815959256e+00 1.0506595250851452e+00
4.6619850238921590e-01 3.7379440274231688e+00 5.8747392454844349e-01 2.5887123344279979e+00 1.0388246782600628e+00
4.7163970556295787e-01 3.6742165523524157e+00 5.9472902465838284e-01 2.5156736439606417e+00 1.0270245131645748e+00
4.7713897601587230e-01 3.6110455746379619e+00 6.0193510513315629e-01 2.4441033378237331e+00 1.0152613504755232e+00
4.8269707505537018e-01 3.5484209205925792e+00 6.0908913734710068e-01 2.3739726856412133e+00 1.0035334330818755e+00
4.8831477630871356e-01 3.4863661726138311e+00 6.1619059772467477e-01 2.3052916132645156e+00 9.9184573527004360e-01
4.9399286211289273e-01 3.4248836137529408e+00 6.2323456870724303e-01 2.2380448079988788e+00 9.8019891786036184e-01
4.9973211010451224e-01 3.3640187547266849e+00 6.3021840561002118e-01 2.1722643388936760e+00 9.6860236101901498e-01
5.0553327960200467e-01 3.3038012372509589e+00 6.3713379723293806e-01 2.1079622800958235e+00 9.5706224227179559e-01
5.1139708351838764e-01 3.2443189376383574e+00 6.4397375280951885e-01 2.0452112689585968e+00 9.4559658356864751e-01
5.1732415986425317e-01 3.1856527920553295e+00 6.5072306134732372e-01 1.9840718406085949e+00 9.3422226312138601e-01
5.2331501028798932e-01 3.1279743870252426e+00 6.5736663920677674e-01 1.9246939409956094e+00 9.2297460090107697e-01
5.2936994051474739e-01 3.0714605965634312e+00 6.6387630579929646e-01 1.8672247436076785e+00 9.1189094808681370e-01
5.3548894704621319e-01 3.0164289096540045e+00 6.7022205107315425e-01 1.8119431706322040e+00 9.0103723222174681e-01
5.4167160760387256e-01 2.9632070111432847e+00 6.7635662982596190e-01 1.7591240253522138e+00 8.9048319206367055e-01
5.4791690532268600e-01 2.9123241694933242e+00 6.8222709997133524e-01 1.7092256004602711e+00 8.8034100995578868e-01
5.5422306367992435e-01 2.8643138712496978e+00 6.8776012102574979e-01 1.6626878272053571e+00 8.7072571405028720e-01
5.6058733865687738e-01 2.8199145417148817e+00 6.9288140594611836e-01 1.6201287904117452e+00 8.6179674939359618e-01
5.6700590569058229e-01 2.7797592907813105e+00 6.9750302938807429e-01 1.5820424547911285e+00 8.5369394755029038e-01
5.7347379359687112e-01 2.7445726856930963e+00 7.0155445878817502e-01 1.5489980953467579e+00 8.4657883361299135e-01
5.7998499377625690e-01 2.7147626935989786e+00 7.0497389613113215e-01 1.5212581893777215e+00 8.4054760640660975e-01
5.8653274836557523e-01 2.6906002605823351e+00 7.0774257690291753e-01 1.4989692958386991e+00 8.3567000891890508e-01
5.9310997085333828e-01 2.6718833573013128e+00 7.0987291420660714e-01 1.4818523059551867e+00 8.3191448191730077e-01
5.9970982318175936e-01 2.6581397403122859e+00 7.1142747568141285e-01 1.4694085062650064e+00 8.2919371241880746e-01
6.0632614085121106e-01 2.6485787443863611e+00 7.1249687533750283e-01 1.4608664044607991e+00 8.2734923827945006e-01
6.1295386222664960e-01 2.6422671249770717e+00 7.1318717325489334e-01 1.4553493759084926e+00 8.2619355296322727e-01
6.1958913860336950e-01 2.6383062711068836e+00 7.1360485252936179e-01 1.4520213871483802e+00 8.2554178966067937e-01
6.2622927606617029e-01 2.6358960577017152e+00 7.1384030443109203e-01 1.4501512684280728e+00 8.2523242761656090e-01
6.3287255639945683e-01 2.6344343349881818e+00 7.1396371567821826e-01 1.4491860096716085e+00 8.2514070881829893e-01
6.3951799167027157e-01 2.6334839931617089e+00 7.1402355580704668e-01 1.4487354963947860e+00 8.2518186943038685e-01
6.4616510012424155e-01 2.6327766484883042e+00 7.1405017532726212e-01 1.4485551425016132e+00 8.2530081501597319e-01
6.5281371880949157e-01 2.6321428392906681e+00 7.1406134268745336e-01 1.4485046641211117e+00 8.2547077755369846e-01
6.5946387547220287e-01 2.6314969411825930e+00 7.1406637070291501e-01 1.4485092420561578e+00 8.2567599797695301e-01
6.6611572001685204e-01 2.6307751738229870e+00 7.1406970486512256e-01 1.4485318204874686e+00 8.2591540027867105e-01
6.7276947848138946e-01 2.6299599497234727e+00 7.1407246431111748e-01 1.4485634514999473e+00 8.2618945489203532e-01
6.7942544591945631e-01 2.6290053358000471e+00 7.1407595847862593e-01 1.4485953338657096e+00 8.2650764196236193e-01
6.8608398979452911e-01 2.6278938830848872e+00 7.1408062128202210e-01 1.4486241628213798e+00 8.2687366419882125e-01
6.9274558091217275e-01 2.6265563608184452e+00 7.1408755451167005e-01 1.4486406866561832e+00 8.2730416997683287e-01
6.9941081308742969e-01 2.6249600021715827e+00 7.1409725493008824e-01 1.4486419854423080e+00 8.2780803378558465e-01
7.0608044016675708e-01 2.6230162932727850e+00 7.1410843757369469e-01 1.4486393179300268e+00 8.2841993108010759e-01
7.1275540395025339e-01 2.6206795795607660e+00 7.1411948397387759e-01 1.4486479710775941e+00 8.2916353970315881e-01
7.1943696352622133e-01 2.6177569562690568e+00 7.1413032326397508e-01 1.4486693607590244e+00 8.3010152487020716e-01
7.2612682109684112e-01 2.6141004067052545e+00 7.1414110295619648e-01 1.4487045706896855e+00 8.3128285755993336e-01
7.3282741210032010e-01 2.6092946727612407e+00 7.1415223944441542e-01 1.4487530237001545e+00 8.3284174770899111e-01
7.3954227212366286e-01 2.6029164423562317e+00 7.1416418393403969e-01 1.4488140105126499e+00 8.3491770246828012e-01
7.4627695319692378e-01 2.5938680476694107e+00 7.1417715026123452e-01 1.4488890302162469e+00 8.3787359471778433e-01
7.5304059087310948e-01 2.5805839768706766e+00 7.1419130090016647e-01 1.4489811032542226e+00 8.4224023490875732e-01
7.5985017558702128e-01 2.5588985695526305e+00 7.1420727702199593e-01 1.4490918559871144e+00 8.4944272893188033e-01
7.6674108966911436e-01 2.5200035670487022e+00 7.1422622977735972e-01 1.4492227198832921e+00 8.6263135030829341e-01
7.7380928527149084e-01 2.4326118846411431e+00 7.1424898762754341e-01 1.4493844127304398e+00 8.9372112042294716e-01
7.8149125129526997e-01 2.1412637757733011e+00 7.1427817552438022e-01 1.4495989079367955e+00 1.0154743131167601e+00
7.8585264080179362e-01 3.1716262683612433e+00 7.1429176856908716e-01 1.4497788131577189e+00 6.8566345329842848e-01
7.8632798836994289e-01 4.3844726678089607e+00 7.1429457246142780e-01 1.4497917280248482e+00 4.9599752508527378e-01
7.8670798783263807e-01 4.8472129643973645e+00 7.1429636673222874e-01 1.4498062442589650e+00 4.4865149981270130e-01
7.8706185552805297e-01 5.0452275879986130e+00 7.1429802776623696e-01 1.4498191270601324e+00 4.3104669762834025e-01
7.8740699986980078e-01 5.0933804693863909e+00 7.1429958449721631e-01 1.4498329854533729e+00 4.2697565816088651e-01
7.8775059326709163e-01 5.0907396835929264e+00 7.1430117994327624e-01 1.4498477751365373e+00 4.2720150663251005e-01
7.8809478031106939e-01 5.0758121600610879e+00 7.1430284460917048e-01 1.4498636329348149e+00 4.2846255551270207e-01
7.8844001221175963e-01 5.0599484507313122e+00 7.1430453191176690e-01 1.4498807803870191e+00 4.2981093419364824e-01
7.8878620604746230e-01 5.0476147008724883e+00 7.1430616940602132e-01 1.4498993822626942e+00 4.3086669690103624e-01
7.8913304912623028e-01 5.0409936056635773e+00 7.1430782020211370e-01 1.4499185319905119e+00 4.3143831714888181e-01
7.8948027474870019e-01 5.0364726689534178e+00 7.1430956447176963e-01 1.4499373267568056e+00 4.3183119081377941e-01
7.8982773063973200e-01 5.0342870887917099e+00 7.1431140862606723e-01 1.4499558709304987e+00 4.3202419092029937e-01
7.9017523926902711e-01 5.0349161783091407e+00 7.1431333826327192e-01 1.4499743427134697e+00 4.3197571459881073e-01
7.9052274093628450e-01 5.0344599857564312e+00 7.1431533266235137e-01 1.4499929505522731e+00 4.3202040178726653e-01
7.9087025048803750e-01 5.0346576395363840e+00 7.1431743238293810e-01 1.4500114409743456e+00 4.3200895019781416e-01
7.9121768834648387e-01 5.0365059227602389e+00 7.1431970992586369e-01 1.4500293389386831e+00 4.3185574320063536e-01
7.9156502818686691e-01 5.0374640371451207e+00 7.1432225078412259e-01 1.4500459454312296e+00 4.3177855010147526e-01
7.9191229326407653e-01 5.0386348726703085e+00 7.1432514441846084e-01 1.4500604292018020e+00 4.3168252885329184e-01
7.9225948120046408e-01 5.0396569773865290e+00 7.1432848350234968e-01 1.4500713083044312e+00 4.3159821635015649e-01
7.9260659116474019e-01 5.0408459886568595e+00 7.1433233064684942e-01 1.4500772124796149e+00 4.3149816987346301e-01
7.9295361318133872e-01 5.0421504583967254e+00 7.1433682014287569e-01 1.4500762035587511e+00 4.3138623555270839e-01
7.9330055180290182e-01 5.0432033426505747e+00 7.1434134109822667e-01 1.4500744145937414e+00 4.3129564169971191e-01
7.9364740575872572e-01 5.0445493300772801e+00 7.1434538225494815e-01 1.4500772208703394e+00 4.3118139777853798e-01
7.9399417639434844e-01 5.0455717345275595e+00 7.1434886386270857e-01 1.4500852624710565e+00 4.3109641645204988e-01
7.9434086647244828e-01 5.0468464409416738e+00 7.1435183581915518e-01 1.4500983064958783e+00 4.3099140922900048e-01
7.9468747717489530e-01 5.0478419826044458e+00 7.1435441939724920e-01 1.4501154690775142e+00 4.3091150854408983e-01
7.9503401132029894e-01 5.0490403212152879e+00 7.1435676533755710e-01 1.4501355530402453e+00 4.3081520272684282e-01
7.9538047506030218e-01 5.0498599367076515e+00 7.1435900415879838e-01 1.4501574143086096e+00 4.3075177306424439e-01
7.9572687911964157e-01 5.0507499138192831e+00 7.1436088092529959e-01 1.4501835914150927e+00 4.3068364584255098e-01
7.9607322059305963e-01 5.0516623785649530e+00 7.1436209841425435e-01 1.4502168698384499e+00 4.3061573433488809e-01
7.9641950236755621e-01 5.0524797735036246e+00 7.1436247897441563e-01 1.4502587995401526e+00 4.3055851716982002e-01
7.9676572571678217e-01 5.0533634773830824e+00 7.1436263950401069e-01 1.4503038967510138e+00 4.3049660980513810e-01
7.9711189404827487e-01 5.0540803575164306e+00 7.1436323129576562e-01 1.4503450478351787e+00 4.3044776059354439e-01
7.9745801144957429e-01 5.0548389746070814e+00 7.1436423856479714e-01 1.4503828708519670e+00 4.3039438391745410e-01
7.9780408149059112e-01 5.0554464723556931e+00 7.1436557553653746e-01 1.4504183373144042e+00 4.3035318796636890e-01
7.9815010729560798e-01 5.0561098695562752e+00 7.1436716890653762e-01 1.4504524001565842e+00 4.3030682804877690e-01
7.9849609130051369e-01 5.0566429972619300e+00 7.1436897672809996e-01 1.4504857679112204e+00 4.3027135849711823e-01
7.9884203561084011e-01 5.0572421028553292e+00 7.1437098309381197e-01 1.4505188091842618e+00 4.3023018663629797e-01
7.9918794209063160e-01 5.0577180221068767e+00 7.1437318923520565e-01 1.4505515947555059e+00 4.3019942642569098e-01
7.9953381438618443e-01 5.0582077337956726e+00 7.1437560175702297e-01 1.4505840166627613e+00 4.3016739119991954e-01
7.9987965549368345e-01 5.0585931295297044e+00 7.1437822203392498e-01 1.4506159252686393e+00 4.3014408002116855e-01
8.0022546410503881e-01 5.0591183039276677e+00 7.1438103955225729e-01 1.4506472464577822e+00 4.3010871439739784e-01
8.0057123484017867e-01 5.0596585658840239e+00 7.1438403043837373e-01 1.4506780383160338e+00 4.3007191673888306e-01
8.0091697425666752e-01 5.0599897027402898e+00 7.1438716083041942e-01 1.4507084851615637e+00 4.3005279764974141e-01
8.0126268267935163e-01 5.0605189262380579e+00 7.1439038494973961e-01 1.4507389003594191e+00 4.3001683864006945e-01
8.0160836123747958e-01 5.0608157739202735e+00 7.1439369711650991e-01 1.4507692859016839e+00 4.3000062165211078e-01
8.0195401023734247e-01 5.0613344522268404e+00 7.1439715902068524e-01 1.4507989023553503e+00 4.2996533307052276e-01
8.0229963000034643e-01 5.0616194714968108e+00 7.1440081189258164e-01 1.4508272723624700e+00 4.2994952915734530e-01
8.0264522100897273e-01 5.0621224749050642e+00 7.1440450576060932e-01 1.4508556509156061e+00 4.2991521583329989e-01
8.0299078394852585e-01 5.0623877393129426e+00 7.1440812758536965e-01 1.4508851991450502e+00 4.2990144390104379e-01
8.0333631990958110e-01 5.0628599716411014e+00 7.1441168234085795e-01 1.4509158482514821e+00 4.2987042591892227e-01
8.0368183038783725e-01 5.0630822800221438e+00 7.1441519619205163e-01 1.4509474665622646e+00 4.2986091860112491e-01
8.0402731727706711e-01 5.0634994651403558e+00 7.1441870641397121e-01 1.4509799149019638e+00 4.2983511449677136e-01
8.0437278272359203e-01 5.0636586864703217e+00 7.1442225097626366e-01 1.4510130923445259e+00 4.2983142689539278e-01
8.0471822904838630e-01 5.0640074544520814e+00 7.1442582448016134e-01 1.4510473408216040e+00 4.2981196825033263e-01
8.0506365843598426e-01 5.0641019764137996e+00 7.1442946127604090e-01 1.4510826303544608e+00 4.2981439861783577e-01
8.0540907271778606e-01 5.0643956964252101e+00 7.1443322542680132e-01 1.4511184932134491e+00 4.2980009270535841e-01
8.0575447146151213e-01 5.0645010314997165e+00 7.1443711671770438e-01 1.4511550057401046e+00 4.2980196767095441e-01
8.0609985448518662e-01 5.0647980678307176e+00 7.1444116121958257e-01 1.4511919094661732e+00 4.2978769045605608e-01
8.0644522553134346e-01 5.0647907091853268e+00 7.1444545078227928e-01 1.4512282186625669e+00 4.2979906831016829e-01
8.0679059256136010e-01 5.0648495323470142e+00 7.1445013513974442e-01 1.4512624265914975e+00 4.2980420760466093e-01
8.0713595152179929e-01 5.0649534849660425e+00 7.1445545024464396e-01 1.4512922833732069e+00 4.2980422851295053e-01
8.0748130516319483e-01 5.0649196606557858e+00 7.1446175428147796e-01 1.4513144377662210e+00 4.2981365994015902e-01
8.0782665510057916e-01 5.0649580345228031e+00 7.1446953263683544e-01 1.4513244658837678e+00 4.2981337337590736e-01
8.0817200398748845e-01 5.0648290772375928e+00 7.1447817650320011e-01 1.4513271686111666e+00 4.2982511743596719e-01
8.0851735236395683e-01 5.0648511982317235e+00 7.1448601009251678e-01 1.4513398844049852e+00 4.2982700604660024e-01
8.0886270004562411e-01 5.0647420151227625e+00 7.1449271032294104e-01 1.4513651649621537e+00 4.2984375925620799e-01
8.0920804547529412e-01 5.0648253053705545e+00 7.1449844769646387e-01 1.4514017604584069e+00 4.2984752867568615e-01
8.0955338786556064e-01 5.0647506811329981e+00 7.1450359701643196e-01 1.4514462850016188e+00 4.2986704866099934e-01
8.0989872537420493e-01 5.0648952336663084e+00 7.1450835733362095e-01 1.4514963707488608e+00 4.2986961342283408e-01
8.1024405687758727e-01 5.0648659869156853e+00 7.1451182661391754e-01 1.4515610812594069e+00 4.2989126020588547e-01
8.1058937903527373e-01 5.0651327988083734e+00 7.1451330630349164e-01 1.4516471447990749e+00 4.2989410222588542e-01
8.1093469059376144e-01 5.0651566447066090e+00 7.1451456821063564e-01 1.4517384046346771e+00 4.2991910412637391e-01
8.1127998896472198e-01 5.0654916040831921e+00 7.1451710643756838e-01 1.4518189839563556e+00 4.2991453666197166e-01
8.1162527723685496e-01 5.0654063531451499e+00 7.1452086701997353e-01 1.4518901484213909e+00 4.2994284580542125e-01
8.1197055627495041e-01 5.0657000255471534e+00 7.1452556172813997e-01 1.4519546240475825e+00 4.2993701267104378e-01
8.1231582273328695e-01 5.0657013791746879e+00 7.1453088580242252e-01 1.4520153368996160e+00 4.2995487541041572e-01
8.1266107543754096e-01 5.0660220279369668e+00 7.1453659820287485e-01 1.4520747873025732e+00 4.2994526453744042e-01
8.1300629370243849e-01 5.0666259953712505e+00 7.1454253505241838e-01 1.4521346784831772e+00 4.2991174397216597e-01
8.1335146078711129e-01 5.0674356183980418e+00 7.1454861207465892e-01 1.4521958749971497e+00 4.2986117171121435e-01
8.1369663695807337e-01 5.0662692791305348e+00 7.1455470277260191e-01 1.4522595750643330e+00 4.2997899293863656e-01
8.1404183878887637e-01 5.0665937927253601e+00 7.1456056815929025e-01 1.4523281472526335e+00 4.2997175420039391e-01
8.1438703128309320e-01 5.0664580200480129e+00 7.1456623600651004e-01 1.4524017284293089e+00 4.3000506152882673e-01
8.1473221369166771e-01 5.0668030075631787e+00 7.1457231048243908e-01 1.4524742464670370e+00 4.2999725200454986e-01
8.1507737570244854e-01 5.0669629736124948e+00 7.1457892451013927e-01 1.4525445480203594e+00 4.3000448856194229e-01
8.1542251751340133e-01 5.0672949551468838e+00 7.1458598160511355e-01 1.4526134053335582e+00 4.2999669987380423e-01
8.1576763959740717e-01 5.0674355123508938e+00 7.1459334686509690e-01 1.4526821362666513e+00 4.3000511779361161e-01
8.1611275013245099e-01 5.0675212423456664e+00 7.1460123378784868e-01 1.4527487610759298e+00 4.3001756428853499e-01
8.1645784030124791e-01 5.0679115029950461e+00 7.1460985403357336e-01 1.4528109549763044e+00 4.3000285841151287e-01
8.1680291250353365e-01 5.0679206827284560e+00 7.1461856268676704e-01 1.4528748215841547e+00 4.3002098272835215e-01
8.1714796577946824e-01 5.0683400290238643e+00 7.1462707298831596e-01 1.4529433610588685e+00 4.3000568807693951e-01
8.1749297624189066e-01 5.0690533031407519e+00 7.1463548290695522e-01 1.4530155684965473e+00 4.2996654846663435e-01
8.1783792834992142e-01 5.0699301047362706e+00 7.1464393629332468e-01 1.4530900866470455e+00 4.2991423647722043e-01
8.1818288207949930e-01 5.0688793266725449e+00 7.1465254532152955e-01 1.4531659399034382e+00 4.3002580439926325e-01
8.1852785480532653e-01 5.0692413717838161e+00 7.1466154031189866e-01 1.4532410885658338e+00 4.3001732862479158e-01
8.1887281046603377e-01 5.0692406478100080e+00 7.1467147936239106e-01 1.4533102855014852e+00 4.3003786557144552e-01
8.1921774946247283e-01 5.0695693779312583e+00 7.1468339025195782e-01 1.4533639355176255e+00 4.3002585441804336e-01
8.1956266804503330e-01 5.0696385548379714e+00 7.1469877377097113e-01 1.4533876740807015e+00 4.3002701031626678e-01
8.1990757731832065e-01 5.0696058080246962e+00 7.1471542029751256e-01 1.4533990443578320e+00 4.3003315229871764e-01
8.2025246512435157e-01 5.0700427221111068e+00 7.1472941461860751e-01 1.4534378556785676e+00 4.3000757646674415e-01
8.2059730925452556e-01 5.0707045831985527e+00 7.1474045586573609e-01 1.4535050039754271e+00 4.2997131270223887e-01
8.2094209816432095e-01 5.0715160097942844e+00 7.1474977193443856e-01 1.4535896616324548e+00 4.2992755780280478e-01
8.2128688930572569e-01 5.0705273643634321e+00 7.1475551599331433e-01 1.4537070095925340e+00 4.3004609929021737e-01
8.2163169387091828e-01 5.0710859209529522e+00 7.1475451981359228e-01 1.4538868489017951e+00 4.3005192720987723e-01
8.2197647251763684e-01 5.0713077893374905e+00 7.1475307854963155e-01 1.4540763275707005e+00 4.3008915687229243e-01
8.2232122671000962e-01 5.0717923554743258e+00 7.1475627564662481e-01 1.4542187783668394e+00 4.3009019586454583e-01
8.2266595480618121e-01 5.0719991845003864e+00 7.1476339028377600e-01 1.4543241178732029e+00 4.3010381063866232e-01
8.2301066818516966e-01 5.0721054067234448e+00 7.1477246865413879e-01 1.4544106573521822e+00 4.3012039598711460e-01
8.2335535744827260e-01 5.0725519949106914e+00 7.1478456104471200e-01 1.4544695276446076e+00 4.3009993661096479e-01
8.2370000512500718e-01 5.0731417980212790e+00 7.1479778772824198e-01 1.4545152445922891e+00 4.3006345057010020e-01
8.2404460169794014e-01 5.0738787214268468e+00 7.1480855243960983e-01 1.4545787914825141e+00 4.3001977520861961e-01
8.2438920305517516e-01 5.0728539356232742e+00 7.1481761436243296e-01 1.4546586715101331e+00 4.3013026492691830e-01
8.2473382247683147e-01 5.0732262947589231e+00 7.1482479867698101e-01 1.4547457766591372e+00 4.3012444905976710e-01
8.2507842746341864e-01 5.0731884368402858e+00 7.1482981684445479e-01 1.4548506255489313e+00 4.3015865968553996e-01
8.2542302549165025e-01 5.0733521245465552e+00 7.1483545902462131e-01 1.4549449232065144e+00 4.3017266123723491e-01
8.2576760299019747e-01 5.0737104571411722e+00 7.1484094257733077e-01 1.4550183987815783e+00 4.3016400257931392e-01
8.2611216560409928e-01 5.0737110325652992e+00 7.1484616658149935e-01 1.4550884117841685e+00 4.3018465254862970e-01
8.2645671391881348e-01 5.0740626666395565e+00 7.1485023623819977e-01 1.4551574555099673e+00 4.3017525140471519e-01
8.2680122501985642e-01 5.0747520319251178e+00 7.1485360581542690e-01 1.4552239568393881e+00 4.3013647199447858e-01
8.2714568470940808e-01 5.0755207971456002e+00 7.1485786728449574e-01 1.4552790740860768e+00 4.3008761039000309e-01
8.2749015370029011e-01 5.0743968212663519e+00 7.1486454907784891e-01 1.4553024469005029e+00 4.3018978358219578e-01
8.2783465318443128e-01 5.0744828487602236e+00 7.1487665911975817e-01 1.4552666547747739e+00 4.3017191056138410e-01
8.2817915248726170e-01 5.0742432084108255e+00 7.1488597457038872e-01 1.4552569893808294e+00 4.3018936901822047e-01
8.2852365454173849e-01 5.0742906945125883e+00 7.1489163241854070e-01 1.4553045687155524e+00 4.3019940805401824e-01
8.2886813821548033e-01 5.0747524549081504e+00 7.1489032416359666e-01 1.4553729669221749e+00 4.3018048067977616e-01
8.2921258762832017e-01 5.0753293522089340e+00 7.1488770206661256e-01 1.4554045452400222e+00 4.3014091625598250e-01
8.2955700639263785e-01 5.0757158200356383e+00 7.1488221661044260e-01 1.4553003478842756e+00 4.3007737218256753e-01
8.2990153075808148e-01 5.0726365653951904e+00 7.1483140751229046e-01 1.4543896157456611e+00 4.3006913574312655e-01
8.3024659428610292e-01 5.0633013857231459e+00 7.1441856445562812e-01 1.4498424417212272e+00 4.2951495415895308e-01
8.3059473349123947e-01 5.0036635556514604e+00 7.1207819733614364e-01 1.4215207800231544e+00 4.2614399355975791e-01
8.3096311513668319e-01 4.6422309430053090e+00 6.9737627212595965e-01 1.2520000522995638e+00 4.0454688737082889e-01
8.3146918275154413e-01 3.1629784513895314e+00 6.1023747001898609e-01 6.0902446015282763e-01 2.8882166106061030e-01
8.3240277957808573e-01 1.8628234047164294e+00 3.8063127781050038e-01 1.4096678452839623e-01 1.1351058627308937e-01
8.3405112792422420e-01 1.2067246131456608e+00 1.2425687881249667e-01 1.1839740071100486e-02 1.4717202179505897e-02
8.3629378264366339e-01 1.0287855297212520e+00 1.8331199919453815e-02 2.8519170146566931e-04 4.1581801049866274e-04
8.3875474488904056e-01 1.0030943404456183e+00 1.9890725823501084e-03 4.4436493588179524e-06 6.6449124169774835e-06
8.4125048752213705e-01 1.0003192100552241e+00 1.9074545406385767e-04 1.0364945936389503e-06 1.5542457595836768e-06
8.4375004848634194e-01 1.0000321031037986e+00 1.9187528029086402e-05 1.0004234288915698e-06 1.5005869698381028e-06
8.4625000456779220e-01 1.0000030325900269e+00 1.8254561091623507e-06 1.0000083990824276e-06 1.5000080497141893e-06
8.4875000042368576e-01 1.0000002827027259e+00 1.6964983848472322e-07 1.0000004992589945e-06 1.5000003248343111e-06
8.5125000003900908e-01 1.0000000250386829e+00 1.6751074200029321e-08 1.0000000412735410e-06 1.5000000243522864e-06
8.5375000000385537e-01 1.0000000030842884e+00 1.8857798733355724e-09 1.0000000049137370e-06 1.5000000027441727e-06
8.5624999999999996e-01 1.0000000000000000e+00 2.7594541177482516e-09 9.9999999997324451e-07 1.4999999999598666e-06
8.5875000000000001e-01 1.0000000000000000e+00 2.7375077115214766e-09 9.9999999997324451e-07 1.4999999999598666e-06
8.6125000000000007e-01 1.0000000000000000e+00 2.7085971399879050e-09 9.9999999997324451e-07 1.4999999999598666e-06
8.6375000000000002e-01 1.0000000000000000e+00 2.6929217344306191e-09 9.9999999997324451e-07 1.4999999999598666e-06
8.6624999999999996e-01 1.0000000000000000e+00 2.6742969889117134e-09 9.9999999997324451e-07 1.4999999999598666e-06
8.6875000000000002e-01 1.0000000000000000e+00 2.6448129866697448e-09 9.9999999997324451e-07 1.4999999999598666e-06
8.7125000000000008e-01 1.0000000000000000e+00 2.6063213826744951e-09 9.9999999997324451e-07 1.4999999999598666e-06
8.7375000000000003e-01 1.0000000000000000e+00 2.5815469561874341e-09 9.9999999997324451e-07 1.4999999999598666e-06
8.7624999999999997e-01 1.0000000000000000e+00 2.5706141632589613e-09 9.9999999997324451e-07 1.4999999999598666e-06
8.7875000000000003e-01 1.0000000000000000e+00 2.5666394142071806e-09 9.9999999997324451e-07 1.4999999999598666e-06
8.8125000000000009e-01 1.0000000000000000e+00 2.5655593671048574e-09 9.9999999997324451e-07 1.4999999999598666e-06
8.8375000000000004e-01 1.0000000000000000e+00 2.5652358707878090e-09 9.9999999997324451e-07 1.4999999999598666e-06
8.8624999999999998e-01 1.0000000000000000e+00 2.5647655219449402e-09 9.9999999997324451e-07 1.4999999999598666e-06
8.8875000000000004e-01 1.0000000000000000e+00 2.5635521160130981e-09 9.9999999997324451e-07 1.4999999999598666e-06
8.9125000000000010e-01 1.0000000000000000e+00 2.5602746646034367e-09 9.9999999997324451e-07 1.4999999999598666e-06
8.9375000000000004e-01 1.0000000000000000e+00 2.5529598757062276e-09 9.9999999997324451e-07 1.4999999999598666e-06
8.9624999999999999e-01 1.0000000000000000e+00 2.5390533417059618e-09 9.9999999997324451e-07 1.4999999999598666e-06
8.9874999999999994e-01 1.0000000000000000e+00 2.5153553653965084e-09 9.9999999997324451e-07 1.4999999999598666e-06
9.0125000000000000e-01 1.0000000000000000e+00 2.4782304200852822e-09 9.9999999997324451e-07 1.4999999999598666e-06
9.0375000000000005e-01 1.0000000000000000e+00 2.4237085578658735e-09 9.9999999997324451e-07 1.4999999999598666e-06
9.0625000000000000e-01 1.0000000000000000e+00 2.3478128820155678e-09 9.9999999997324451e-07 1.4999999999598666e-06
9.0874999999999995e-01 1.0000000000000000e+00 2.2467766968172317e-09 9.9999999997324451e-07 1.4999999999598666e-06
9.1125000000000000e-01 1.0000000000000000e+00 2.1172493279452139e-09 9.9999999997324451e-07 1.4999999999598666e-06
9.1375000000000006e-01 1.0000000000000000e+00 1.9566988617704134e-09 9.9999999997324451e-07 1.4999999999598666e-06
9.1625000000000001e-01 1.0000000000000000e+00 1.7634132064764977e-09 9.9999999997324451e-07 1.4999999999598666e-06
9.1874999999999996e-01 1.0000000000000000e+00 1.5368568537575410e-09 9.9999999997324451e-07 1.4999999999598666e-06
9.2125000000000001e-01 1.0000000000000000e+00 1.2776977161508846e-09 9.9999999997324451e-07 1.4999999999598666e-06
9.2375000000000007e-01 1.0000000000000000e+00 9.9363965334958206e-10 9.9999999997324451e-07 1.4999999999598666e-06
9.2625000000000002e-01 1.0000000000000000e+00 7.4361769496243714e-10 9.9999999997324451e-07 1.4999999999598666e-06
9.2874999999999996e-01 1.0000000000000000e+00 5.4706367674843565e-10 9.9999999997324451e-07 1.4999999999598666e-06
9.3125000000000002e-01 1.0000000000000000e+00 3.9560749583419097e-10 9.9999999997324451e-07 1.4999999999598666e-06
9.3375000000000008e-01 1.0000000000000000e+00 2.8135314096491579e-10 9.9999999997324451e-07 1.4999999999598666e-06
9.3625000000000003e-01 1.0000000000000000e+00 1.9699840960661533e-10 9.9999999997324451e-07 1.4999999999598666e-06
9.3874999999999997e-01 1.0000000000000000e+00 1.3582824967667128e-10 9.9999999997324451e-07 1.4999999999598666e-06
9.4125000000000003e-01 1.0000000000000000e+00 9.2240259116340999e-11 9.9999999997324451e-07 1.4999999999598666e-06
9.4375000000000009e-01 1.0000000000000000e+00 6.1826209411031291e-11 9.9999999997324451e-07 1.4999999999598666e-06
9.4625000000000004e-01 1.0000000000000000e+00 4.0852128492223233e-11 9.9999999997324451e-07 1.4999999999598666e-06
9.4874999999999998e-01 1.0000000000000000e+00 2.6616167058194258e-11 9.9999999997324451e-07 1.4999999999598666e-06
9.5125000000000004e-01 1.0000000000000000e+00 1.7149316917767646e-11 9.9999999997324451e-07 1.4999999999598666e-06
9.5375000000000010e-01 1.0000000000000000e+00 1.0927779072810633e-11 9.9999999997324451e-07 1.4999999999598666e-06
9.5625000000000004e-01 1.0000000000000000e+00 6.8427128897766669e-12 9.9999999997324451e-07 1.4999999999598666e-06
9.5874999999999999e-01 1.0000000000000000e+00 4.2698941355373388e-12 9.9999999997324451e-07 1.4999999999598666e-06
9.6124999999999994e-01 1.0000000000000000e+00 2.6590248596148983e-12 9.9999999997324451e-07 1.4999999999598666e-06
9.6375000000000000e-01 1.0000000000000000e+00 1.6169594712064171e-12 9.9999999997324451e-07 1.4999999999598666e-06
9.6625000000000005e-01 1.0000000000000000e+00 9.6873480552217376e-13 9.9999999997324451e-07 1.4999999999598666e-06
9.6875000000000000e-01 1.0000000000000000e+00 5.5822153173605817e-13 9.9999999997324451e-07 1.4999999999598666e-06
9.7124999999999995e-01 1.0000000000000000e+00 2.6213767651323858e-13 9.9999999997324451e-07 1.4999999999598666e-06
9.7375000000000000e-01 1.0000000000000000e+00 3.8660531953716175e-14 9.9999999997324451e-07 1.4999999999598666e-06
9.7625000000000006e-01 1.0000000000000000e+00 -9.5808975934327578e-15 9.9999999997324451e-07 1.4999999999598666e-06
9.7875000000000001e-01 1.0000000000000000e+00 -2.8894365255014017e-15 9.9999999997324451e-07 1.4999999999598666e-06
9.8124999999999996e-01 1.0000000000000000e+00 -1.1222882008504846e-15 9.9999999997324451e-07 1.4999999999598666e-06
9.8375000000000001e-01 1.0000000000000000e+00 -6.6953914901939665e-17 9.9999999997324451e-07 1.4999999999598666e-06
9.8625000000000007e-01 1.0000000000000000e+00 0.0000000000000000e+00 9.9999999997324451e-07 1.4999999999598666e-06
9.8875000000000002e-01 1.0000000000000000e+00 0.0000000000000000e+00 9.9999999997324451e-07 1.4999999999598666e-06
9.9124999999999996e-01 1.0000000000000000e+00 0.0000000000000000e+00 9.9999999997324451e-07 1.4999999999598666e-06
9.9375000000000002e-01 1.0000000000000000e+00 0.0000000000000000e+00 9.9999999997324451e-07 1.4999999999598666e-06
9.9625000000000008e-01 1.0000000000000000e+00 0.0000000000000000e+00 9.9999999997324451e-07 1.4999999999598666e-06
9.9875000000000003e-01 1.0000000000000000e+00 0.0000000000000000e+00 9.9999999997324451e-07 1.4999999999598666e-06
