1.2500000000000002e-03 9.9999999999999982e+00 2.5017786731062889e-15 1.3333333333333337e+01 2.0000000000000004e+00
3.7499999999999999e-03 1.0000000000000005e+01 4.7698451839552769e-15 1.3333333333333346e+01 2.0000000000000004e+00
6.2499999999999986e-03 1.0000000000000000e+01 7.5925330915862200e-15 1.3333333333333343e+01 2.0000000000000013e+00
8.7499999999999991e-03 9.9999999999999964e+00 7.2129424027660559e-15 1.3333333333333327e+01 1.9999999999999998e+00
1.1250000000000000e-02 9.9999999999999964e+00 3.2922156161671293e-15 1.3333333333333325e+01 1.9999999999999993e+00
1.3749999999999998e-02 9.9999999999999964e+00 -4.0042676989162591e-16 1.3333333333333336e+01 2.0000000000000009e+00
1.6250000000000001e-02 9.9999999999999964e+00 -2.3817761383285076e-15 1.3333333333333336e+01 2.0000000000000009e+00
1.8749999999999999e-02 1.0000000000000004e+01 -4.3638055109314769e-15 1.3333333333333330e+01 1.9999999999999987e+00
2.1249999999999998e-02 9.9999999999999840e+00 -7.3797397170635271e-15 1.3333333333333320e+01 2.0000000000000009e+00
2.3750000000000000e-02 9.9999999999999929e+00 -7.3691619585663057e-15 1.3333333333333346e+01 2.0000000000000031e+00
2.6250000000000002e-02 9.9999999999999947e+00 -3.3064833395744997e-15 1.3333333333333346e+01 2.0000000000000027e+00
2.8749999999999998e-02 1.0000000000000004e+01 3.5585955928028662e-17 1.3333333333333339e+01 2.0000000000000000e+00
3.1250000000000000e-02 9.9999999999999911e+00 9.3886767718529857e-16 1.3333333333333329e+01 2.0000000000000009e+00
3.3750000000000002e-02 9.9999999999999929e+00 1.8065057989914293e-15 1.3333333333333346e+01 2.0000000000000031e+00
3.6250000000000004e-02 1.0000000000000004e+01 3.6660549056002155e-15 1.3333333333333339e+01 2.0000000000000000e+00
3.8749999999999993e-02 1.0000000000000014e+01 3.4258814016112848e-15 1.3333333333333334e+01 1.9999999999999971e+00
4.1249999999999995e-02 9.9999999999999858e+00 1.3643058452153979e-15 1.3333333333333325e+01 2.0000000000000013e+00
4.3749999999999997e-02 1.0000000000000000e+01 1.2545390453412510e-15 1.3333333333333341e+01 2.0000000000000009e+00
4.6249999999999999e-02 1.0000000000000014e+01 4.1349161607652705e-15 1.3333333333333337e+01 1.9999999999999978e+00
4.8750000000000002e-02 9.9999999999999947e+00 8.1046387520409182e-15 1.3333333333333348e+01 2.0000000000000031e+00
5.1249999999999990e-02 1.0000000000000004e+01 1.0700061928717750e-14 1.3333333333333339e+01 2.0000000000000000e+00
5.3749999999999992e-02 9.9999999999999840e+00 6.0821606369924221e-15 1.3333333333333306e+01 1.9999999999999987e+00
5.6249999999999994e-02 1.0000000000000004e+01 -1.6889076556517748e-16 1.3333333333333339e+01 2.0000000000000000e+00
5.8749999999999997e-02 1.0000000000000000e+01 -3.0620413984815943e-15 1.3333333333333332e+01 1.9999999999999998e+00
6.1249999999999999e-02 9.9999999999999787e+00 -5.0010785154213139e-15 1.3333333333333323e+01 2.0000000000000027e+00
6.3750000000000001e-02 9.9999999999999911e+00 -3.9256416168627461e-15 1.3333333333333329e+01 2.0000000000000009e+00
6.6250000000000003e-02 1.0000000000000000e+01 -9.2932218453177011e-16 1.3333333333333304e+01 1.9999999999999953e+00
6.8750000000000006e-02 1.0000000000000009e+01 1.1431741547527649e-15 1.3333333333333306e+01 1.9999999999999938e+00
7.1249999999999994e-02 1.0000000000000023e+01 2.9776445657295425e-15 1.3333333333333325e+01 1.9999999999999940e+00
7.3749999999999982e-02 9.9999999999999787e+00 3.5378602409044537e-15 1.3333333333333325e+01 2.0000000000000027e+00
7.6249999999999998e-02 1.0000000000000000e+01 2.7848175506061830e-15 1.3333333333333341e+01 2.0000000000000009e+00
7.8749999999999987e-02 1.0000000000000009e+01 3.7403479443896297e-16 1.3333333333333320e+01 1.9999999999999960e+00
8.1249999999999989e-02 9.9999999999999787e+00 -3.0952375707949081e-15 1.3333333333333325e+01 2.0000000000000027e+00
8.3750000000000005e-02 1.0000000000000000e+01 -5.1108158514599477e-15 1.3333333333333341e+01 2.0000000000000009e+00
8.6249999999999993e-02 1.0000000000000016e+01 -5.3181272066969471e-15 1.3333333333333332e+01 1.9999999999999964e+00
8.8749999999999996e-02 9.9999999999999840e+00 6.4323643099430303e-15 1.3333333333333119e+01 1.9999999999999707e+00
9.1249999999999998e-02 9.9999999999998277e+00 4.5249154971222572e-14 1.3333333333332357e+01 1.9999999999998879e+00
9.3750000000000014e-02 9.9999999999996216e+00 4.4453414172735168e-14 1.3333333333332039e+01 1.9999999999998814e+00
9.6249999999999655e-02 1.0000000000002919e+01 -1.7168791099535150e-13 1.3333333333339107e+01 2.0000000000002820e+00
9.8749999999997978e-02 1.0000000000010848e+01 -7.5405485367063828e-13 1.3333333333356993e+01 2.0000000000013793e+00
1.0124999999999398e-01 1.0000000000022872e+01 -1.5934167135928397e-12 1.3333333333383347e+01 2.0000000000029274e+00
1.0374999999998812e-01 1.0000000000027303e+01 -1.8828755257288935e-12 1.3333333333392877e+01 2.0000000000034710e+00
1.0624999999998527e-01 9.9999999999985132e+00 1.2102068619210476e-13 1.3333333333329950e+01 1.9999999999997895e+00
1.0874999999999646e-01 9.9999999999096421e+00 6.4808959861668729e-12 1.3333333333132652e+01 1.9999999999879694e+00
1.1125000000003493e-01 9.9999999997643130e+00 1.6914224740885158e-11 1.3333333332809485e+01 1.9999999999685598e+00
1.1375000000010113e-01 9.9999999996668674e+00 2.3868137232482043e-11 1.3333333332593066e+01 1.9999999999555862e+00
1.1625000000015187e-01 9.9999999998807905e+00 8.5632355653136941e-12 1.3333333333067888e+01 1.9999999999840248e+00
1.1875000000007106e-01 1.0000000000763992e+01 -5.4659404949206949e-11 1.3333333335030336e+01 2.0000000001017519e+00
1.2124999999968841e-01 1.0000000002438444e+01 -1.7459369109967493e-10 1.3333333338751929e+01 2.0000000003251004e+00
1.2374999999891595e-01 1.0000000004118450e+01 -2.9491612663496814e-10 1.3333333342485398e+01 2.0000000005491194e+00
1.2624999999804964e-01 1.0000000003370651e+01 -2.4134642671438843e-10 1.3333333340823184e+01 2.0000000004493472e+00
1.2874999999814493e-01 9.9999999962045809e+00 2.7181325289858295e-10 1.3333333324898566e+01 1.9999999994938686e+00
1.3125000000109086e-01 9.9999999794601351e+00 1.4709756454429626e-09 1.3333333287687939e+01 1.9999999972611635e+00
1.3375000000870418e-01 9.9999999566409219e+00 3.1050708963746938e-09 1.3333333236979064e+01 1.9999999942186750e+00
1.3625000002016924e-01 9.9999999460520907e+00 3.8633185901191434e-09 1.3333333213448578e+01 1.9999999928068684e+00
1.3875000002801469e-01 9.9999999851472285e+00 1.0636434160102093e-09 1.3333333300326549e+01 1.9999999980195367e+00
1.4125000001497506e-01 1.0000000119151382e+01 -8.5325736986461229e-09 1.3333333598113292e+01 2.0000000158867168e+00
1.4374999995710641e-01 1.0000000360432901e+01 -2.5811124113452908e-08 1.3333334134295081e+01 2.0000000480576796e+00
1.4624999984037904e-01 1.0000000616442408e+01 -4.4144374278917125e-08 1.3333334703205528e+01 2.0000000821923423e+00
1.4874999969469455e-01 1.0000000615445833e+01 -4.4072902378744908e-08 1.3333334700988647e+01 2.0000000820591253e+00
1.5124999963652191e-01 9.9999999070352992e+00 6.6573318192019172e-09 1.3333333126743083e+01 1.9999999876044026e+00
1.5374999988829802e-01 9.9999980525771228e+00 1.3945777402779301e-07 1.3333329005723034e+01 1.9999997403429799e+00
1.5625000071785894e-01 9.9999950978821914e+00 3.5105169474102128e-07 1.3333322439624871e+01 1.9999993463669716e+00
1.5875000223629843e-01 9.9999922766525824e+00 5.5308279910653400e-07 1.3333316170259991e+01 1.9999989702076866e+00
1.6125000403951548e-01 9.9999926071013174e+00 5.2933275092659842e-07 1.3333316907311907e+01 1.9999990146757942e+00
1.6375000480178487e-01 1.0000000702791766e+01 -5.0498412406288478e-08 1.3333334902660432e+01 2.0000000948407046e+00
1.6625000211599680e-01 1.0000020936199146e+01 -1.4989769649112688e-06 1.3333379857742200e+01 2.0000027914156564e+00
1.6874999305016611e-01 1.0000053338862916e+01 -3.8205916719856883e-06 1.3333451897632907e+01 2.0000071168343920e+00
1.7124997589952334e-01 1.0000087804977081e+01 -6.2964196708018132e-06 1.3333528729113086e+01 2.0000117482683906e+00
1.7374995321376044e-01 1.0000099794990843e+01 -7.1294865841495620e-06 1.3333554623353749e+01 2.0000132343728207e+00
1.7624993539236544e-01 1.0000051105940782e+01 -3.4307523282717706e-06 1.3333438674664340e+01 2.0000055799829775e+00
1.7874994412878584e-01 9.9998877267417274e+00 8.6757521984290887e-06 1.3333053686925847e+01 1.9999805074716825e+00
1.8125001820608472e-01 9.9995112620279265e+00 3.5253642411394171e-05 1.3332188337221831e+01 1.9999259945607624e+00
1.8375022895021736e-01 9.9987284784825725e+00 8.8939482173299860e-05 1.3330437414700905e+01 1.9998198936077056e+00
1.8625070975572877e-01 9.9972180685201479e+00 1.9290464643913755e-04 1.3327096349316573e+01 1.9996207331840268e+00
1.8875169485678445e-01 9.9945141347580044e+00 3.8199657929030177e-04 1.3321108734940152e+01 1.9992630790245052e+00
1.9125355848723263e-01 9.9899995224368698e+00 7.0191022347191700e-04 1.3311096943112830e+01 1.9986633002159304e+00
1.9375684849171743e-01 9.9829302770652752e+00 1.2071358648541909e-03 1.3295412963568264e+01 1.9977220006403931e+00
1.9626231692958862e-01 9.9724331589075970e+00 1.9608843970377256e-03 1.3272130141757481e+01 1.9963227524722771e+00
1.9877095734831698e-01 9.9574710023329605e+00 3.0378407375214254e-03 1.3238968926110264e+01 1.9943270117997540e+00
2.0128405380910014e-01 9.9368145400820129e+00 4.5269670101069472e-03 1.3193241498060949e+01 1.9915700516765495e+00
2.0380323515350990e-01 9.9090597385638404e+00 6.5312416478170519e-03 1.3131901573384607e+01 1.9878629133112680e+00
2.0633052056611778e-01 9.8727062475380283e+00 9.1629003524705804e-03 1.3051733190363304e+01 1.9830023597052784e+00
2.0886834095309625e-01 9.8262971994945918e+00 1.2534102148182088e-02 1.2949676780330160e+01 1.9767888937344906e+00
2.1141952165888633e-01 9.7686101805340364e+00 1.6743720480584621e-02 1.2823265314635675e+01 1.9690516477239515e+00
2.1398721509918439e-01 9.6988752115975583e+00 2.1861752989546145e-02 1.2671109936001324e+01 1.9596772295074500e+00
2.1657477846224762e-01 9.6169784422934548e+00 2.7913943388421444e-02 1.2493335890935152e+01 1.9486373967511581e+00
2.1918560314509211e-01 9.5235911136732412e+00 3.4870725892396655e-02 1.2291830737230573e+01 1.9360077397038136e+00
2.2182291976781901e-01 9.4201491230193692e+00 4.2646113790026911e-02 1.2070144825546334e+01 1.9219671580439239e+00
2.2448962079664550e-01 9.3086347309908142e+00 5.1110915637519454e-02 1.1832954778050564e+01 1.9067707220247312e+00
2.2718814695416401e-01 9.1912128229809493e+00 6.0117594983832900e-02 1.1585228833381105e+01 1.8907018676165928e+00
2.2992046078197093e-01 9.0698786158385563e+00 6.9525881966029018e-02 1.1331451332348154e+01 1.8740247492221542e+00
2.3268809328463652e-01 8.9462545100469235e+00 7.9218661688509648e-02 1.1075200326222085e+01 1.8569559440407637e+00
2.3549222677596193e-01 8.8215533052970994e+00 8.9106027407636276e-02 1.0819097377478736e+01 1.8396585617720234e+00
2.3833378038737241e-01 8.6966391302115156e+00 9.9121936900782637e-02 1.0564965911505753e+01 1.8222497944298621e+00
2.4121348097978007e-01 8.5721148881427371e+00 1.0921853921089408e-01 1.0314038852084790e+01 1.8048122872836572e+00
2.4413191591673544e-01 8.4483990041399899e+00 1.1936098458141225e-01 1.0067136050403136e+01 1.7874042251324620e+00
2.4708957057701020e-01 8.3257818272310491e+00 1.2952354531061494e-01 9.8247931526186250e+00 1.7700667678712358e+00
2.5008685483011223e-01 8.2044641996376342e+00 1.3968694572191101e-01 9.5873492674072409e+00 1.7528291368187121e+00
2.5312412199085221e-01 8.0845833800187137e+00 1.4983656439556184e-01 9.3550057605910659e+00 1.7357120313173289e+00
2.5620168269609667e-01 7.9662306854742901e+00 1.5996120957610760e-01 9.1278661947616637e+00 1.7187299530640341e+00
2.5931981528919779e-01 7.8494638005175750e+00 1.7005226226405945e-01 8.9059641017958828e+00 1.7018928288850717e+00
2.6247877373046558e-01 7.7343155898701825e+00 1.8010305877745084e-01 8.6892827501034979e+00 1.6852071749213449e+00
2.6567879370314185e-01 7.6208005415910254e+00 1.9010843479442663e-01 8.4777694726972772e+00 1.6686769506226975e+00
2.6892009737226075e-01 7.5089195469591941e+00 2.0006438263075990e-01 8.2713461788079510e+00 1.6523041951136981e+00
2.7220289712166829e-01 7.3986634784684524e+00 2.0996779065717294e-01 8.0699171175470088e+00 1.6360895061044540e+00
2.7552739850831082e-01 7.2900158811272657e+00 2.1981624381107656e-01 7.8733746272130025e+00 1.6200324023153287e+00
2.7889380261385671e-01 7.1829550007136778e+00 2.2960787030687263e-01 7.6816033913135007e+00 1.6041315984612763e+00
2.8230230793134764e-01 7.0774553123152630e+00 2.3934122363251728e-01 7.4944835806558894e+00 1.5883852140221151e+00
2.8575311189325420e-01 6.9734886705982504e+00 2.4901519164521388e-01 7.3118931619668617e+00 1.5727909316312645e+00
2.8924641212350488e-01 6.8710251732889303e+00 2.5862892653346115e-01 7.1337095824848635e+00 1.5573461170431562e+00
2.9278240747777318e-01 6.7700338070890291e+00 2.6818179085952615e-01 6.9598109875738823e+00 1.5420479097798891e+00
2.9636129892217999e-01 6.6704829286674476e+00 2.7767331599063982e-01 6.7900770894901799e+00 1.5268932914082032e+00
2.9998329028951576e-01 6.5723406207918966e+00 2.8710317006638064e-01 6.6243897761941684e+00 1.5118791367654343e+00
3.0364858894352442e-01 6.4755749540706544e+00 2.9647113329572644e-01 6.4626335270388671e+00 1.4970022522038018e+00
3.0735740637508918e-01 6.3801541775166406e+00 3.0577707888010813e-01 6.3046956855940657e+00 1.4822594039682095e+00
3.1110995874897374e-01 6.2860468555437752e+00 3.1502095824572329e-01 6.1504666272886555e+00 1.4676473390898568e+00
3.1490646741567452e-01 6.1932219647951259e+00 3.2420278956914839e-01 5.9998398501236219e+00 1.4531628006139365e+00
3.1874715939985243e-01 6.1016489609661901e+00 3.3332264881388640e-01 5.8527120095911336e+00 1.4388025385512415e+00
3.2263226787432087e-01 6.0112978233095768e+00 3.4238066267420103e-01 5.7089829135626413e+00 1.4245633176147074e+00
3.2656203262669714e-01 5.9221390826685694e+00 3.5137700296128804e-01 5.5685554889090554e+00 1.4104419225493299e+00
3.3053670052437023e-01 5.8341438374578400e+00 3.6031188207362680e-01 5.4313357285926722e+00 1.3964351616738624e+00
3.3455652598226515e-01 5.7472837609452156e+00 3.6918554927421632e-01 5.2972326257196762e+00 1.3825398691072659e+00
3.3862177143706462e-01 5.6615311023838277e+00 3.7799828756028070e-01 5.1661580993578813e+00 1.3687529060423160e+00
3.4273270783078658e-01 5.5768586839299781e+00 3.8675041095805157e-01 5.0380269156692536e+00 1.3550711613474991e+00
3.4688961510615024e-01 5.4932398948369370e+00 3.9544226211075900e-01 4.9127566069761874e+00 1.3414915517144055e+00
3.5109278271566990e-01 5.4106486840810675e+00 4.0407421005618049e-01 4.7902673906933275e+00 1.3280110215214136e+00
3.5534251014612339e-01 5.3290595522835984e+00 4.1264664810933899e-01 4.6704820895106867e+00 1.3146265425508241e+00
3.5963910745971139e-01 5.2484475436624525e+00 4.2115999178222818e-01 4.5533260538810305e+00 1.3013351136697209e+00
3.6398289585297167e-01 5.1687882385515076e+00 4.2961467668403053e-01 4.4387270875308174e+00 1.2881337605663019e+00
3.6837420823436223e-01 5.0900577469395305e+00 4.3801115635380050e-01 4.3266153765184470e+00 1.2750195356191840e+00
3.7281338982111561e-01 5.0122327034125611e+00 4.4634989998447633e-01 4.2169234222115168e+00 1.2619895179668450e+00
3.7730079875585665e-01 4.9352902638176444e+00 4.5463139000166519e-01 4.1095859784325253e+00 1.2490408138386562e+00
3.8183680674322840e-01 4.8592081039306123e+00 4.6285611946211691e-01 4.0045399929476639e+00 1.2361705572071688e+00
3.8642179970653956e-01 4.7839644204375782e+00 4.7102458923675922e-01 3.9017245534639087e+00 1.2233759108226268e+00
3.9105617846418572e-01 4.7095379345473587e+00 4.7913730493871531e-01 3.8010808382988150e+00 1.2106540677002136e+00
3.9574035942520197e-01 4.6359078986582114e+00 4.8719477354679813e-01 3.7025520719863638e+00 1.1980022531480858e+00
4.0047477530285236e-01 4.5630541066204779e+00 4.9519749965926346e-01 3.6060834862049358e+00 1.1854177274513074e+00
4.0525987584441092e-01 4.4909569083766367e+00 5.0314598128848065e-01 3.5116222866608884e+00 1.1728977893700991e+00
4.1009612857434868e-01 4.4195972300349728e+00 5.1104070507273835e-01 3.4191176268460910e+00 1.1604397806694597e+00
4.1498401954675296e-01 4.3489566008360887e+00 5.1888214073694627e-01 3.3285205899817121e+00 1.1480410919742687e+00
4.1992405410086664e-01 4.2790171889512898e+00 5.2667073457776925e-01 3.2397841809207728e+00 1.1356991703443420e+00
4.2491675761105197e-01 4.2097618486429935e+00 5.3440690168060734e-01 3.1528633303132252e+00 1.1234115290855025e+00
4.2996267621895001e-01 4.1411741819947974e+00 5.4209101649661262e-01 3.0677149139106619e+00 1.1111757604577313e+00
4.3506237753102239e-01 4.0732386192191425e+00 5.4972340131434838e-01 2.9842977905292605e+00 1.0989895521151776e+00
4.4021645125859021e-01 4.0059405225348188e+00 5.5730431204725073e-01 2.9025728629580962e+00 1.0868507083280843e+00
4.4542550976953649e-01 3.9392663199091515e+00 5.6483392060755011e-01 2.8225031671381631e+00 1.0747571773225233e+00
4.5069018851029502e-01 3.8732036769027132e+00 5.7231229291283570e-01 2.7440539965776556e+00 1.0627070864907346e+00
4.5601114624228994e-01 3.8077417180590389e+00 5.7973936120614911e-01 2.6671930718436112e+00 1.0506987878906824e+00
4.6138906501629157e-01 3.7428713147097725e+00 5.8711488874660900e-01 2.5918907700508340e+00 1.0387309175703570e+00
4.6682464977748322e-01 3.6785854654316967e+00 5.9443842385358514e-01 2.5181204381879279e+00 1.0268024741511950e+00
4.7231862744637815e-01 3.6148798111625244e+00 6.0170923847322944e-01 2.4458588291750534e+00 1.0149129253021330e+00
4.7787174524527942e-01 3.5517533529516627e+00 6.0892624344487845e-01 2.3750867241263025e+00 1.0030623560131933e+00
4.8348476791856393e-01 3.4892094820300983e+00 6.1608786783271252e-01 2.3057898432018136e+00 9.9125168110869111e-01
4.8915847329839784e-01 3.4272574979145101e+00 6.2319188206554299e-01 2.2379602080566126e+00 9.7948295805833674e-01
4.9489364534891972e-01 3.3659148943443338e+00 6.3023513259485420e-01 2.1715982130373455e+00 9.6775985781142138e-01
5.0069106330397162e-01 3.3052108586576758e+00 6.3721313665496249e-01 2.1067158101727776e+00 9.5608838600468193e-01
5.0655148467005673e-01 3.2451916967330199e+00 6.4411945507531487e-01 2.0433414475550129e+00 9.4447800246072056e-01
5.1247561849464218e-01 3.1859293171010150e+00 6.5094471269790000e-01 1.9815277673693752e+00 9.3294337545399519e-01
5.1846408311062908e-01 3.1275345180662391e+00 6.5767506481600901e-01 1.9213635978970962e+00 9.2150714251033072e-01
5.2451733926818767e-01 3.0701775128254121e+00 6.6428982447205465e-01 1.8629923596601208e+00 9.1020422363737497e-01
5.3063558527311538e-01 3.0141183785911156e+00 6.7075793563589303e-01 1.8066390877041720e+00 8.9908832075234202e-01
5.3681859717751124e-01 2.9597484353193275e+00 6.7703320452116911e-01 1.7526462092496713e+00 8.8824079861059779e-01
5.4306549972340723e-01 2.9076363544615744e+00 6.8304909033464489e-01 1.7015108877459726e+00 8.7778044448463299e-01
5.4937447330676392e-01 2.8585545305227340e+00 6.8871575570134735e-01 1.6539018436051378e+00 8.6786966591609549e-01
5.5574244809977358e-01 2.8134375001647398e+00 6.9392419523849558e-01 1.6106182857474718e+00 8.5871018228759088e-01
5.6216489589397423e-01 2.7732397321662128e+00 6.9856155432766498e-01 1.5724623745275499e+00 8.5051917237206143e-01
5.6863585318496424e-01 2.7387489788498711e+00 7.0253553307875682e-01 1.5400480890759294e+00 8.4347713187792817e-01
5.7514824566860256e-01 2.7104415670960069e+00 7.0579791665024727e-01 1.5136281708009887e+00 8.3766508149963792e-01
5.8169445568917455e-01 2.6883384942133808e+00 7.0835609797921484e-01 1.4930216068562463e+00 8.3305447401989685e-01
5.8826697056284627e-01 2.6718669809416258e+00 7.1026841821592179e-01 1.4776658961154590e+00 8.2956930864576361e-01
5.9485894332653522e-01 2.6599857963126872e+00 7.1162793562435167e-01 1.4667595304032448e+00 8.2712445256464673e-01
6.0146456942530968e-01 2.6516528316279957e+00 7.1254346115088540e-01 1.4594247159157852e+00 8.2557454270121988e-01
6.0807925118403139e-01 2.6461906100326544e+00 7.1312456851690254e-01 1.4548077682642508e+00 8.2466155088104065e-01
6.1469957056811109e-01 2.6430962740534572e+00 7.1347208448079713e-01 1.4521049047211132e+00 8.2409308297394845e-01
6.2132313853348164e-01 2.6416985005965072e+00 7.1366965217439859e-01 1.4506108926580970e+00 8.2368080176288605e-01
6.2794838704926470e-01 2.6412745418191896e+00 7.1377762329212890e-01 1.4498064462969984e+00 8.2335616196401018e-01
6.3457437586121790e-01 2.6413289787883887e+00 7.1383770250201606e-01 1.4493502166881080e+00 8.2308010190741743e-01
6.4120067984987050e-01 2.6414007039787992e+00 7.1388203083583379e-01 1.4489970811705744e+00 8.2285721302408887e-01
6.4782726662665335e-01 2.6411283700781247e+00 7.1393077623909240e-01 1.4486030572914275e+00 8.2271827850339074e-01
6.5445421002881821e-01 2.6403332832005417e+00 7.1398655790807464e-01 1.4481556205444872e+00 8.2271183135774706e-01
6.6108134104820215e-01 2.6389113815681231e+00 7.1404005225053513e-01 1.4477318377691126e+00 8.2291424100919897e-01
6.6770819412900739e-01 2.6371524511221587e+00 7.1408260898537124e-01 1.4474004606811590e+00 8.2327462339080681e-01
6.7433443447062347e-01 2.6359001480902542e+00 7.1411235842458931e-01 1.4471680599168688e+00 8.2353350579233542e-01
6.8096036266557780e-01 2.6353755216030912e+00 7.1413197178137411e-01 1.4470006418264341e+00 8.2360215648483437e-01
6.8758666815708858e-01 2.6354825978832634e+00 7.1414456554918848e-01 1.4468668437822014e+00 8.2349254266236427e-01
6.9421314803828804e-01 2.6362583585509722e+00 7.1415203513745884e-01 1.4467601834041199e+00 8.2318952847208959e-01
7.0083765495577932e-01 2.6377001214416125e+00 7.1415600304763327e-01 1.4466931899347517e+00 8.2270147666221838e-01
7.0745737389449304e-01 2.6388936009481339e+00 7.1415865022122782e-01 1.4466784272739834e+00 8.2232100609562453e-01
7.1407251269556515e-01 2.6392072783617184e+00 7.1416176098371842e-01 1.4467126384937363e+00 8.2224271489872125e-01
7.2068846633301453e-01 2.6381842418673327e+00 7.1416483387950247e-01 1.4467711692003240e+00 8.2259484359000923e-01
7.2731102050884444e-01 2.6350181067865432e+00 7.1416436749257173e-01 1.4468147227404338e+00 8.2360803461699139e-01
7.3393551299444426e-01 2.6279624158667692e+00 7.1415599007242092e-01 1.4468084300694031e+00 8.2581570877919597e-01
7.4054175260380140e-01 2.6182787191223604e+00 7.1413860028403453e-01 1.4467477076156872e+00 8.2883519832103636e-01
7.4710770970534757e-01 2.6122022496624875e+00 7.1411728648494344e-01 1.4466744625829207e+00 8.3072116416512531e-01
7.5364094109858870e-01 2.6101378322282467e+00 7.1410193105685449e-01 1.4466626905567601e+00 8.3137143527115553e-01
7.6020745594146877e-01 2.6135486468305102e+00 7.1410115047228662e-01 1.4467759581309942e+00 8.3035146096411161e-01
7.6691588786788589e-01 2.6260392192281725e+00 7.1411541064862583e-01 1.4470146893831106e+00 8.2653831602431682e-01
7.7382824095321423e-01 2.6549348489390159e+00 7.1413250243676429e-01 1.4472754741845415e+00 8.1768982472182627e-01
7.8060027226832807e-01 2.7085976825202356e+00 7.1413216484474695e-01 1.4473946686061516e+00 8.0155573377332201e-01
7.8509952924106929e-01 2.7735773674344433e+00 7.1411674468085395e-01 1.4473476623996009e+00 7.8275137340322110e-01
7.8659406613163219e-01 2.8227374605296900e+00 7.1410799860116148e-01 1.4473023559557630e+00 7.6909509449251512e-01
7.8701693050213972e-01 2.8625164721760146e+00 7.1410512745988031e-01 1.4472862144357670e+00 7.5839889228772306e-01
7.8733295498041067e-01 2.9244880364408683e+00 7.1410286343495510e-01 1.4472731242416788e+00 7.4232127446297813e-01
7.8763669488137911e-01 3.0230674119815855e+00 7.1410058823415623e-01 1.4472596437399166e+00 7.1810818938598586e-01
7.8795085663511100e-01 3.1721967787011329e+00 7.1409812856914101e-01 1.4472446790404383e+00 6.8434185203653297e-01
7.8828408847309772e-01 3.3840495876458188e+00 7.1409539802404542e-01 1.4472275602575064e+00 6.4149217798443914e-01
7.8862858947579351e-01 3.6538710840046598e+00 7.1409243842205294e-01 1.4472083658426895e+00 5.9411306498115779e-01
7.8897759257462796e-01 3.9428540906152656e+00 7.1408929430909007e-01 1.4471872289667500e+00 5.5056078504578487e-01
7.8932686242784467e-01 4.1994916573624419e+00 7.1408599716011423e-01 1.4471642921096544e+00 5.1690695333535996e-01
7.8967484351861961e-01 4.4075034100776884e+00 7.1408255741941373e-01 1.4471396486054613e+00 4.9250318625843786e-01
7.9002128358936086e-01 4.5721085777430091e+00 7.1407897479542637e-01 1.4471133437377293e+00 4.7476344419583549e-01
7.9036639194167302e-01 4.7010878141437624e+00 7.1407524526668220e-01 1.4470853928536409e+00 4.6172889660769101e-01
7.9071047529837846e-01 4.8012810354066122e+00 7.1407136389050918e-01 1.4470557992220494e+00 4.5208428392887257e-01
7.9105384837805803e-01 4.8784027567478798e+00 7.1406732550814367e-01 1.4470245590252990e+00 4.4492776565764874e-01
7.9139677773551553e-01 4.9371659495815612e+00 7.1406312536667704e-01 1.4469916661646787e+00 4.3962214789052673e-01
7.9173946826844277e-01 4.9814305521698570e+00 7.1405875937118091e-01 1.4469571147647238e+00 4.3570529578128259e-01
7.9208206643993984e-01 5.0143391435018945e+00 7.1405422417140163e-01 1.4469209005112731e+00 4.3283497359358242e-01
7.9242467255616011e-01 5.0384354838757055e+00 7.1404951712977960e-01 1.4468830210341876e+00 4.3075366123013387e-01
7.9276735298976109e-01 5.0557658603763684e+00 7.1404463626744918e-01 1.4468434760437756e+00 4.2926537225046679e-01
7.9311015026145437e-01 5.0679651978812288e+00 7.1403958021653902e-01 1.4468022674709049e+00 4.2821987059296640e-01
7.9345309291242549e-01 5.0763298600438347e+00 7.1403434815409161e-01 1.4467593994257151e+00 4.2750159248316327e-01
7.9379620100255310e-01 5.0818784419039558e+00 7.1402893978465987e-01 1.4467148784846160e+00 4.2702168942748137e-01
7.9413948685278435e-01 5.0854015780461888e+00 7.1402335539050887e-01 1.4466687145170520e+00 4.2671223471191294e-01
7.9448295565189797e-01 5.0875009888761547e+00 7.1401759588606184e-01 1.4466209215352579e+00 4.2652205612292793e-01
7.9482660723643317e-01 5.0886160456290090e+00 7.1401166285503292e-01 1.4465715184057772e+00 4.2641403048526672e-01
7.9517043927493991e-01 5.0890313473561601e+00 7.1400555856284720e-01 1.4465205293615024e+00 4.2636420291839860e-01
7.9551445004507626e-01 5.0888573149581511e+00 7.1399928597071649e-01 1.4464679846236836e+00 4.2636329585384886e-01
7.9585864001598083e-01 5.0880827218206619e+00 7.1399284875767977e-01 1.4464139211797420e+00 4.2641226575680752e-01
7.9620301301316965e-01 5.0865629412549289e+00 7.1398625135564076e-01 1.4463583835493052e+00 4.2652329291509783e-01
7.9654757680003307e-01 5.0840816616202185e+00 7.1397949898849300e-01 1.4463014246493338e+00 4.2671465199924213e-01
7.9689234189884450e-01 5.0804078874666700e+00 7.1397259776083122e-01 1.4462431067828923e+00 4.2700600192479532e-01
7.9723731959732924e-01 5.0753908100313483e+00 7.1396555473773426e-01 1.4461835022107183e+00 4.2741048611046345e-01
7.9758251977815708e-01 5.0694008661435905e+00 7.1395837792421779e-01 1.4461226919752714e+00 4.2789751594709752e-01
7.9792794885116813e-01 5.0636553235209689e+00 7.1395107627543641e-01 1.4460607631470066e+00 4.2836469035421060e-01
7.9827360826378424e-01 5.0589476426498790e+00 7.1394365992700215e-01 1.4459978080546727e+00 4.2874464518986155e-01
7.9861949396749887e-01 5.0552427190442959e+00 7.1393614020475615e-01 1.4459339274290173e+00 4.2903991196560409e-01
7.9896559682816415e-01 5.0523388330467807e+00 7.1392852949425090e-01 1.4458692326114646e+00 4.2926729987531603e-01
7.9931190371093597e-01 5.0500613364482945e+00 7.1392084119991595e-01 1.4458038452418258e+00 4.2944147078181588e-01
7.9965839887225709e-01 5.0482719733839412e+00 7.1391308967557765e-01 1.4457378963310701e+00 4.2957409108110145e-01
8.0000506533089233e-01 5.0468620009820597e+00 7.1390529011951775e-01 1.4456715252100627e+00 4.2967437734440295e-01
8.0035188598152562e-01 5.0457450944737943e+00 7.1389745845621799e-01 1.4456048783589353e+00 4.2974967560554889e-01
8.0069884439481731e-01 5.0448509450197534e+00 7.1388961120921479e-01 1.4455381081520848e+00 4.2980599146713477e-01
8.0104592532911478e-01 5.0441196705671514e+00 7.1388176536774517e-01 1.4454713715809884e+00 4.2984845701087288e-01
8.0139311498828025e-01 5.0434974489650388e+00 7.1387393825001777e-01 1.4454048289512127e+00 4.2988169724795439e-01
8.0174040111174871e-01 5.0429339939678099e+00 7.1386614736537657e-01 1.4453386425872048e+00 4.2991004174833658e-01
8.0208777295708933e-01 5.0423821937925144e+00 7.1385841027675623e-01 1.4452729755226978e+00 4.2993755331614447e-01
8.0243522117800525e-01 5.0417993802731580e+00 7.1385074446743335e-01 1.4452079902516644e+00 4.2996791856879624e-01
8.0278273765796904e-01 5.0411490800175951e+00 7.1384316721356311e-01 1.4451438474836991e+00 4.3000429799191386e-01
8.0313031534232771e-01 5.0404025781232420e+00 7.1383569546460668e-01 1.4450807050008447e+00 4.3004919228264604e-01
8.0347794806424033e-01 5.0395409196349341e+00 7.1382834573501353e-01 1.4450187165788397e+00 4.3010427128851958e-01
8.0382563038781685e-01 5.0385590370640942e+00 7.1382113400741010e-01 1.4449580310239081e+00 4.3017002095083134e-01
8.0417335746054119e-01 5.0374730884661698e+00 7.1381407564914512e-01 1.4448987913081459e+00 4.3024511474306287e-01
8.0452112487588323e-01 5.0363269623215956e+00 7.1380718534374632e-01 1.4448411338235425e+00 4.3032585393071282e-01
8.0486892858316139e-01 5.0351861737170305e+00 7.1380047703950633e-01 1.4447851878101359e+00 4.3040668347628719e-01
8.0521676484368987e-01 5.0341152195601797e+00 7.1379396391476180e-01 1.4447310749936930e+00 4.3048212406228442e-01
8.0556463018904922e-01 5.0331573881035983e+00 7.1378765835760749e-01 1.4446789094898689e+00 4.3054850010388729e-01
8.0591252138710967e-01 5.0323326163325399e+00 7.1378157195851355e-01 1.4446287978702459e+00 4.3060412775032186e-01
8.0626043542592130e-01 5.0316459117322268e+00 7.1377571551486818e-01 1.4445808393131356e+00 4.3064859828813401e-01
8.0660836949284609e-01 5.0310951888762148e+00 7.1377009904871591e-01 1.4445351258400652e+00 4.3068210944426427e-01
8.0695632095092618e-01 5.0306755695805228e+00 7.1376473183624511e-01 1.4444917425893131e+00 4.3070509793670525e-01
8.0730428732439774e-01 5.0303811605692550e+00 7.1375962244480451e-01 1.4444507681642635e+00 4.3071808737475603e-01
8.0765226628681797e-01 5.0302054752994749e+00 7.1375477877548743e-01 1.4444122750570456e+00 4.3072165207258811e-01
8.0800025564759870e-01 5.0301411047078277e+00 7.1375020811099632e-01 1.4443763301040045e+00 4.3071644513675128e-01
8.0834825334286342e-01 5.0301788973497175e+00 7.1374591716666425e-01 1.4443429949591440e+00 4.3070326854184077e-01
8.0869625742816054e-01 5.0303068525166150e+00 7.1374191214541860e-01 1.4443123265948472e+00 4.3068316772930204e-01
8.0904426606736835e-01 5.0305091233804466e+00 7.1373819879321343e-01 1.4442843777749350e+00 4.3065751667031815e-01
8.0939227752294496e-01 5.0307658445209400e+00 7.1373478244856203e-01 1.4442591975562491e+00 4.3062803224956503e-01
8.0974029015066407e-01 5.0310545297578404e+00 7.1373166808991795e-01 1.4442368318111538e+00 4.3059665422092014e-01
8.1008830239262009e-01 5.0313530488460954e+00 7.1372886038613670e-01 1.4442173236425904e+00 4.3056529017790091e-01
8.1043631276609862e-01 5.0316430102041085e+00 7.1372636375064646e-01 1.4442007137529576e+00 4.3053552611665907e-01
8.1078431984878863e-01 5.0319119937112040e+00 7.1372418239130031e-01 1.4441870408174398e+00 4.3050843574640002e-01
8.1113232226016940e-01 5.0321539656015464e+00 7.1372232034746386e-01 1.4441763419678622e+00 4.3048454553652288e-01
8.1148031864125170e-01 5.0323683093972678e+00 7.1372078152414808e-01 1.4441686533303468e+00 4.3046391814174956e-01
8.1182830763639502e-01 5.0325582753638773e+00 7.1371956974584172e-01 1.4441640104398743e+00 4.3044628539411828e-01
8.1217628787957619e-01 5.0327294329683356e+00 7.1371868883346401e-01 1.4441624485142843e+00 4.3043118085801052e-01
8.1252425798559580e-01 5.0328884032939509e+00 7.1371814267470279e-01 1.4441640029176106e+00 4.3041804840310782e-01
8.1287221654543185e-01 5.0330419570207621e+00 7.1371793526325911e-01 1.4441687101131735e+00 4.3040631961114084e-01
8.1322016212456427e-01 5.0331964658110895e+00 7.1371807074054106e-01 1.4441766088000489e+00 4.3039546099875597e-01
8.1356809326316515e-01 5.0333576412266137e+00 7.1371855351276225e-01 1.4441877406596442e+00 4.3038499653713258e-01
8.1391600847743384e-01 5.0335304685581708e+00 7.1371938844680805e-01 1.4442021506556826e+00 4.3037451337888694e-01
8.1426390626143208e-01 5.0337192433708919e+00 7.1372058103302827e-01 1.4442198880034891e+00 4.3036365900981871e-01
8.1461178508907517e-01 5.0339276373896222e+00 7.1372213742526758e-01 1.4442410085954980e+00 4.3035213633238251e-01
8.1495964341631932e-01 5.0341587472121914e+00 7.1372406446943781e-01 1.4442655777609970e+00 4.3033970032057495e-01
8.1530747968333128e-01 5.0344151071021797e+00 7.1372636995186156e-01 1.4442936711194514e+00 4.3032615717820394e-01
8.1565529231648415e-01 5.0346986730826266e+00 7.1372906304719252e-01 1.4443253735395745e+00 4.3031136538363518e-01
8.1600307973110997e-01 5.0350108030750613e+00 7.1373215455425709e-01 1.4443607797520499e+00 4.3029523756034255e-01
8.1635084033478922e-01 5.0353522569661777e+00 7.1373565662194394e-01 1.4443999991771976e+00 4.3027774189351004e-01
8.1669857252873779e-01 5.0357232219930488e+00 7.1373958238798085e-01 1.4444431607747470e+00 4.3025890138270811e-01
8.1704627470737767e-01 5.0361233551104601e+00 7.1374394631817872e-01 1.4444904103607423e+00 4.3023878939390853e-01
8.1739394525990250e-01 5.0365518444335065e+00 7.1374876513548469e-01 1.4445419013706227e+00 4.3021752162657412e-01
8.1774158257356011e-01 5.0370075098080545e+00 7.1375405794906732e-01 1.4445977919959105e+00 4.3019524663691433e-01
8.1808918503493855e-01 5.0374889489409780e+00 7.1375984470891529e-01 1.4446582571201230e+00 4.3017213688096445e-01
8.1843675102910363e-01 5.0379946857506237e+00 7.1376614461580223e-01 1.4447235002435677e+00 4.3014837957147861e-01
8.1878427893827677e-01 5.0385232583845392e+00 7.1377297720043953e-01 1.4447937407920217e+00 4.3012416536564352e-01
8.1913176714170166e-01 5.0390732493998387e+00 7.1378036551614676e-01 1.4448691825479436e+00 4.3009967637998603e-01
8.1947921401658919e-01 5.0396433469807489e+00 7.1378833661959962e-01 1.4449500087462632e+00 4.3007507950297702e-01
8.1982661793708012e-01 5.0402324893143176e+00 7.1379691663237821e-01 1.4450364295078417e+00 4.3005052819629769e-01
8.2017397726858421e-01 5.0408399820009935e+00 7.1380612628403028e-01 1.4451287270923423e+00 4.3002616595221377e-01
8.2052129036007782e-01 5.0414654202056495e+00 7.1381598591719797e-01 1.4452272153770038e+00 4.3000212088672340e-01
8.2086855554053972e-01 5.0421084743882476e+00 7.1382652712621808e-01 1.4453321393092957e+00 4.2997849411143102e-01
8.2121577111975030e-01 5.0427688676128781e+00 7.1383779406928094e-01 1.4454436706613509e+00 4.2995536042055049e-01
8.2156293538331004e-01 5.0434467039758957e+00 7.1384982604043201e-01 1.4455620762684218e+00 4.2993279034618620e-01
8.2191004657473032e-01 5.0441427355060506e+00 7.1386264260453303e-01 1.4456878592365536e+00 4.2991086941104839e-01
8.2225710287594667e-01 5.0448579962337199e+00 7.1387626134562399e-01 1.4458215952471458e+00 4.2988968063913857e-01
8.2260410240595061e-01 5.0455930507214530e+00 7.1389073632268685e-01 1.4459635801167758e+00 4.2986926380537827e-01
8.2295104323554402e-01 5.0463479854966842e+00 7.1390615885480235e-01 1.4461138342841284e+00 4.2984961751754680e-01
8.2329792338368535e-01 5.0471235945107367e+00 7.1392259517559231e-01 1.4462726873185610e+00 4.2983077199403147e-01
8.2364474077396554e-01 5.0479222249190059e+00 7.1394003614970569e-01 1.4464412050002755e+00 4.2981284394397046e-01
8.2399149319952913e-01 5.0487463538613415e+00 7.1395845693071069e-01 1.4466205164579347e+00 4.2979595776827106e-01
8.2433817837541112e-01 5.0495959450201537e+00 7.1397793914433538e-01 1.4468105401538245e+00 4.2978009208261014e-01
8.2468479405341044e-01 5.0504686917189430e+00 7.1399866516969779e-01 1.4470101046161163e+00 4.2976509496694509e-01
8.2503133801777695e-01 5.0513648115993455e+00 7.1402072807317263e-01 1.4472192756585747e+00 4.2975096720455269e-01
8.2537780781451997e-01 5.0522909007418120e+00 7.1404402751405349e-01 1.4474412332307194e+00 4.2973809159074633e-01
8.2572420040613281e-01 5.0532554215681618e+00 7.1406851640046898e-01 1.4476800305844650e+00 4.2972695118641280e-01
8.2607051231439677e-01 5.0542572142973592e+00 7.1409448722333990e-01 1.4479350756942249e+00 4.2971746815684653e-01
8.2641674070141380e-01 5.0552795646562450e+00 7.1412217275976952e-01 1.4481986176537720e+00 4.2970876263069191e-01
8.2676288493745731e-01 5.0563023179432571e+00 7.1415078838218948e-01 1.4484612633052041e+00 4.2969976048457242e-01
8.2710894674902991e-01 5.0573237644166769e+00 7.1417879233138837e-01 1.4487230855413380e+00 4.2969062878707259e-01
8.2745492604708459e-01 5.0583750331437347e+00 7.1420683570549304e-01 1.4490042506447780e+00 4.2968470343258669e-01
8.2780081142627537e-01 5.0595435286907735e+00 7.1424119620720705e-01 1.4493508222997082e+00 4.2968821616445735e-01
8.2814657223962196e-01 5.0609906970115102e+00 7.1429131790725797e-01 1.4498207086658064e+00 4.2970461579446834e-01
8.2849217299402611e-01 5.0626058946796295e+00 7.1435542763212889e-01 1.4503922700894207e+00 4.2973686879725126e-01
8.2883763488090878e-01 5.0637597907680503e+00 7.1439809668549692e-01 1.4508249334821370e+00 4.2976710786929379e-01
8.2918311438810355e-01 5.0640538120702780e+00 7.1434846606060787e-01 1.4507258324058021e+00 4.2971280112030996e-01
8.2952897838754913e-01 5.0618301547700701e+00 7.1414748783777882e-01 1.4492409141394786e+00 4.2946153955020716e-01
8.2987597708295624e-01 5.0524344994444181e+00 7.1364342439933692e-01 1.4443167806323833e+00 4.2879826966323015e-01
8.3022566101225004e-01 5.0280272972628959e+00 7.1244001552859193e-01 1.4323111630196159e+00 4.2729814647167552e-01
8.3058147398439641e-01 4.9739243282794980e+00 7.0958821674308670e-01 1.4063151738919522e+00 4.2410632362145401e-01
8.3095141884157475e-01 4.8542294911529886e+00 7.0278179196940660e-01 1.3493131951548192e+00 4.1694975411051083e-01
8.3135561630564092e-01 4.5702471871525825e+00 6.8629180300190884e-01 1.2143540145365774e+00 3.9856291076013795e-01
8.3185520298508886e-01 3.8608952846774232e+00 6.3898489988452167e-01 9.0047398948904156e-01 3.4984398297308750e-01
8.3267524069413423e-01 2.6646362085494832e+00 4.6369156343829770e-01 4.5065951688785050e-01 2.5368914269154813e-01
8.3417358448443535e-01 1.4881033698907591e+00 1.9411101379783618e-01 8.6412725461593551e-02 8.7103551282130084e-02
8.3632674495323633e-01 1.0921927732207686e+00 3.4529883231677709e-02 8.1249395539336883e-03 1.1158661391762432e-02
8.3875881693007059e-01 1.0128455902841107e+00 3.6810701502343933e-03 5.4186367212252437e-04 8.0248708784503989e-04
8.4125062686805530e-01 1.0014574714766982e+00 2.8397691596820170e-04 2.7382164861265482e-06 4.1013471327278329e-06
8.4374993867939119e-01 1.0000535441451068e+00 -2.5530506740542192e-05 0.0000000000000000e+00 0.0000000000000000e+00
8.4624997950928749e-01 9.9995904540312686e-01 -7.9578733096976732e-06 9.0967700336917599e-07 1.3645713905249673e-06
8.4875000323584060e-01 9.9999876765351137e-01 9.6888625115354880e-07 1.0478481902889027e-06 1.5717742224037978e-06
8.5125000073897705e-01 1.0000023734852597e+00 2.8670564744037094e-07 1.0055573989770557e-06 1.5083325184605842e-06
8.5374999987760458e-01 1.0000000185110665e+00 -3.7098989904219728e-08 9.9836414618748037e-07 1.4975461915600434e-06
8.5624999997325757e-01 9.9999988499634429e-01 -1.0393438276847684e-08 9.9980758178075391e-07 1.4997115451434409e-06
8.5875000000454915e-01 1.0000000005730885e+00 1.3898113489855593e-09 1.0000550498268090e-06 1.5000825738805334e-06
8.6125000000094631e-01 1.0000000051228113e+00 3.7022342244490846e-10 1.0000059650350224e-06 1.5000089398682708e-06
8.6374999999982693e-01 9.9999999992569033e-01 -5.1712997697227346e-11 9.9999811975504116e-07 1.4999971797440260e-06
8.6624999999996311e-01 9.9999999978260878e-01 -1.3093349004677223e-11 9.9999981223453105e-07 1.4999997186778833e-06
8.6875000000000402e-01 1.0000000000042271e+00 1.8854070603151608e-12 1.0000000635335127e-06 1.5000000952939281e-06
8.7125000000000064e-01 1.0000000000081810e+00 4.3694117897448029e-13 1.0000000063015158e-06 1.5000000094400018e-06
8.7375000000000003e-01 9.9999999999980638e-01 -8.1251765170821189e-14 9.9999999791933192e-07 1.4999999968792880e-06
8.7624999999999997e-01 9.9999999999971279e-01 -2.2117070667047578e-14 9.9999999902955494e-07 1.4999999985447629e-06
8.7874999999999992e-01 9.9999999999998646e-01 -6.4256722155470977e-15 9.9999999958466645e-07 1.4999999993770198e-06
8.8125000000000009e-01 1.0000000000000009e+00 -1.2288436791901680e-14 9.9999999836342113e-07 1.4999999975451302e-06
8.8375000000000004e-01 1.0000000000000211e+00 -6.9970027683472222e-15 1.0000000003063114e-06 1.5000000004594352e-06
8.8624999999999998e-01 1.0000000000000282e+00 2.0670438558802792e-14 1.0000000029153355e-06 1.5000000043729609e-06
8.8874999999999993e-01 1.0000000000000000e+00 4.5067107809971827e-14 9.9999999980671106e-07 1.4999999997100664e-06
8.9124999999999988e-01 9.9999999999997502e-01 4.7332872931202865e-14 9.9999999975119991e-07 1.4999999996268371e-06
8.9375000000000004e-01 9.9999999999997846e-01 3.8957821595658021e-14 9.9999999969568876e-07 1.4999999995435653e-06
8.9624999999999999e-01 1.0000000000000115e+00 2.3804665508910865e-14 9.9999999925159955e-07 1.4999999988773817e-06
8.9874999999999994e-01 1.0000000000000251e+00 7.9087416972993888e-15 9.9999999969568876e-07 1.4999999995434954e-06
9.0124999999999988e-01 1.0000000000000004e+00 -4.9922554285669691e-15 9.9999999969568876e-07 1.4999999995435323e-06
9.0374999999999983e-01 9.9999999999997569e-01 -1.7547533693474515e-14 9.9999999952915530e-07 1.4999999992937694e-06
9.0625000000000000e-01 9.9999999999997990e-01 -2.9837796256022391e-14 9.9999999947364415e-07 1.4999999992104963e-06
9.0874999999999995e-01 1.0000000000000100e+00 -3.7864313049407837e-14 9.9999999975119991e-07 1.4999999996267848e-06
9.1124999999999989e-01 1.0000000000000155e+00 -3.6811469609894970e-14 1.0000000002508003e-06 1.5000000003761771e-06
9.1374999999999984e-01 9.9999999999999867e-01 -2.5660500334739118e-14 1.0000000006948895e-06 1.5000000010423359e-06
9.1625000000000001e-01 9.9999999999999689e-01 -7.8460047729319964e-15 1.0000000015830679e-06 1.5000000023746065e-06
9.1874999999999996e-01 9.9999999999999345e-01 1.0570823698007629e-15 9.9999999975119991e-07 1.4999999996268096e-06
9.2124999999999990e-01 9.9999999999997846e-01 -2.3832988394375147e-15 1.0000000001397780e-06 1.5000000002096991e-06
9.2375000000000007e-01 9.9999999999998890e-01 -5.4376318888547116e-15 1.0000000000842668e-06 1.5000000001264165e-06
9.2625000000000002e-01 1.0000000000000211e+00 -4.2231318340061732e-16 1.0000000003063114e-06 1.5000000004594352e-06
9.2874999999999996e-01 1.0000000000000282e+00 2.2189340618430012e-14 1.0000000029153355e-06 1.5000000043729609e-06
9.3124999999999991e-01 1.0000000000000000e+00 3.8263793864936308e-14 9.9999999980671106e-07 1.4999999997100664e-06
9.3374999999999986e-01 9.9999999999997569e-01 2.6486960645089905e-14 9.9999999930711070e-07 1.4999999989607025e-06
9.3625000000000003e-01 9.9999999999997990e-01 3.2339859191136795e-15 9.9999999947364415e-07 1.4999999992104963e-06
9.3874999999999997e-01 1.0000000000000100e+00 -1.6875307800107603e-14 9.9999999975119991e-07 1.4999999996267848e-06
9.4124999999999992e-01 1.0000000000000155e+00 -2.4087732699821625e-14 1.0000000002508003e-06 1.5000000003761771e-06
9.4374999999999987e-01 9.9999999999999867e-01 -1.5326082748181072e-14 1.0000000006948895e-06 1.5000000010423359e-06
9.4625000000000004e-01 9.9999999999999689e-01 5.1140645960500828e-15 1.0000000015830679e-06 1.5000000023746065e-06
9.4874999999999998e-01 9.9999999999999345e-01 1.8319534490655807e-14 9.9999999975119991e-07 1.4999999996268096e-06
9.5124999999999993e-01 9.9999999999997957e-01 1.5138477167720650e-14 9.9999999980671106e-07 1.4999999997100969e-06
9.5375000000000010e-01 9.9999999999998790e-01 4.6513360991161187e-15 9.9999999958466645e-07 1.4999999993770177e-06
9.5625000000000004e-01 1.0000000000000107e+00 -4.0317768995037418e-15 1.0000000003063114e-06 1.5000000004594510e-06
9.5874999999999999e-01 1.0000000000000195e+00 -6.3105152611427446e-15 1.0000000006948895e-06 1.5000000010423048e-06
9.6124999999999994e-01 1.0000000000000000e+00 -9.5422024815188324e-15 9.9999999997324451e-07 1.4999999999598666e-06
9.6374999999999988e-01 9.9999999999997757e-01 -1.6477842242508006e-14 9.9999999980671106e-07 1.4999999997101000e-06
9.6625000000000005e-01 9.9999999999998790e-01 -1.9795851540869959e-14 9.9999999991773336e-07 1.4999999998766180e-06
9.6875000000000000e-01 1.0000000000000211e+00 -1.1464598321342772e-14 1.0000000003063114e-06 1.5000000004594352e-06
9.7124999999999995e-01 1.0000000000000282e+00 1.5592333627419271e-14 1.0000000029153355e-06 1.5000000043729609e-06
9.7374999999999989e-01 1.0000000000000000e+00 3.5015315694142417e-14 9.9999999980671106e-07 1.4999999997100664e-06
9.7624999999999984e-01 9.9999999999997569e-01 2.4602410423590872e-14 9.9999999930711070e-07 1.4999999989607025e-06
9.7875000000000001e-01 9.9999999999997990e-01 6.8103932442794681e-16 9.9999999947364415e-07 1.4999999992104963e-06
9.8124999999999996e-01 1.0000000000000100e+00 -2.1607012012867770e-14 9.9999999975119991e-07 1.4999999996267848e-06
9.8374999999999990e-01 1.0000000000000155e+00 -3.1561414271890937e-14 1.0000000002508003e-06 1.5000000003761771e-06
9.8624999999999985e-01 9.9999999999999867e-01 -2.4720055741265841e-14 1.0000000006948895e-06 1.5000000010423359e-06
9.8875000000000002e-01 9.9999999999999667e-01 -3.1859199323523311e-15 1.0000000017496014e-06 1.5000000026244069e-06
9.9124999999999996e-01 9.9999999999999345e-01 1.7304522674077844e-14 1.0000000012500010e-06 1.5000000018750112e-06
9.9374999999999991e-01 9.9999999999998124e-01 1.3343921762254412e-14 9.9999999869648803e-07 1.4999999980447602e-06
9.9625000000000008e-01 9.9999999999998712e-01 -4.2758719605476582e-15 1.0000000001397780e-06 1.5000000002096862e-06
9.9875000000000003e-01 1.0000000000000004e+00 -1.3705084446933787e-14 1.0000000004173337e-06 1.5000000006259997e-06
