1.2499999999999998e-03 1.0000000000000002e+01 1.5145824145491254e-15 1.3333333333333343e+01 2.0000000000000009e+00
3.7499999999999994e-03 1.0000000000000000e+01 1.3088027982731026e-15 1.3333333333333343e+01 2.0000000000000013e+00
6.2499999999999986e-03 1.0000000000000000e+01 8.0751550252937282e-16 1.3333333333333343e+01 2.0000000000000013e+00
8.7499999999999991e-03 9.9999999999999964e+00 2.7143048074487586e-15 1.3333333333333350e+01 2.0000000000000031e+00
1.1250000000000000e-02 9.9999999999999911e+00 4.0060568457320188e-15 1.3333333333333329e+01 2.0000000000000009e+00
1.3749999999999998e-02 9.9999999999999964e+00 3.5571933853685707e-15 1.3333333333333341e+01 2.0000000000000018e+00
1.6250000000000001e-02 9.9999999999999964e+00 3.2228784740893475e-15 1.3333333333333336e+01 2.0000000000000009e+00
1.8749999999999999e-02 1.0000000000000004e+01 7.3326564267058079e-16 1.3333333333333336e+01 1.9999999999999993e+00
2.1249999999999998e-02 9.9999999999999840e+00 -2.7539629880356970e-15 1.3333333333333332e+01 2.0000000000000027e+00
2.3750000000000000e-02 9.9999999999999929e+00 -2.5453604163567318e-15 1.3333333333333346e+01 2.0000000000000031e+00
2.6250000000000002e-02 9.9999999999999947e+00 1.2448550113220461e-15 1.3333333333333346e+01 2.0000000000000027e+00
2.8749999999999998e-02 1.0000000000000004e+01 4.2573912850183995e-15 1.3333333333333339e+01 2.0000000000000000e+00
3.1250000000000000e-02 9.9999999999999911e+00 5.7398452507655899e-15 1.3333333333333329e+01 2.0000000000000009e+00
3.3750000000000002e-02 9.9999999999999964e+00 7.2665766946126476e-15 1.3333333333333336e+01 2.0000000000000009e+00
3.6250000000000004e-02 1.0000000000000004e+01 8.6827615462859013e-15 1.3333333333333336e+01 1.9999999999999993e+00
3.8749999999999993e-02 1.0000000000000014e+01 7.3272358721210619e-15 1.3333333333333332e+01 1.9999999999999967e+00
4.1249999999999995e-02 9.9999999999999840e+00 4.2131811018222302e-15 1.3333333333333325e+01 2.0000000000000018e+00
4.3749999999999997e-02 1.0000000000000000e+01 2.4528114406088963e-15 1.3333333333333332e+01 1.9999999999999998e+00
4.6249999999999999e-02 1.0000000000000014e+01 3.1850851727584548e-15 1.3333333333333334e+01 1.9999999999999971e+00
4.8750000000000002e-02 9.9999999999999947e+00 4.0425761980481714e-15 1.3333333333333329e+01 2.0000000000000000e+00
5.1249999999999990e-02 1.0000000000000004e+01 3.7244077407351116e-15 1.3333333333333330e+01 1.9999999999999987e+00
5.3749999999999992e-02 9.9999999999999787e+00 6.7087134882501352e-16 1.3333333333333311e+01 2.0000000000000004e+00
5.6249999999999994e-02 1.0000000000000004e+01 -4.0670176852029218e-15 1.3333333333333336e+01 1.9999999999999993e+00
5.8749999999999997e-02 1.0000000000000000e+01 -5.9331732604755848e-15 1.3333333333333325e+01 1.9999999999999987e+00
6.1249999999999999e-02 9.9999999999999787e+00 -6.3553369407622252e-15 1.3333333333333323e+01 2.0000000000000027e+00
6.3750000000000001e-02 9.9999999999999911e+00 -5.2408359353965715e-15 1.3333333333333323e+01 2.0000000000000000e+00
6.6250000000000003e-02 1.0000000000000000e+01 -2.5191629273963854e-15 1.3333333333333325e+01 1.9999999999999987e+00
6.8750000000000006e-02 1.0000000000000009e+01 1.0810006684478390e-15 1.3333333333333343e+01 1.9999999999999993e+00
7.1249999999999994e-02 1.0000000000000023e+01 3.5927776388163604e-15 1.3333333333333329e+01 1.9999999999999944e+00
7.3749999999999982e-02 9.9999999999999698e+00 3.6526503771357918e-15 1.3333333333333323e+01 2.0000000000000044e+00
7.6249999999999998e-02 1.0000000000000000e+01 5.4053495776123463e-15 1.3333333333333339e+01 2.0000000000000004e+00
7.8749999999999987e-02 1.0000000000000016e+01 5.0277872823581775e-15 1.3333333333333332e+01 1.9999999999999964e+00
8.1249999999999989e-02 9.9999999999999787e+00 5.1100333987032216e-15 1.3333333333333318e+01 2.0000000000000018e+00
8.3750000000000005e-02 9.9999999999999414e+00 1.4942619471232886e-14 1.3333333333333062e+01 1.9999999999999707e+00
8.6249999999999993e-02 9.9999999999998863e+00 1.0961219092071004e-14 1.3333333333333025e+01 1.9999999999999765e+00
8.8749999999999885e-02 1.0000000000000931e+01 -6.5251426280278766e-14 1.3333333333335341e+01 2.0000000000001150e+00
9.1249999999999346e-02 1.0000000000003547e+01 -2.1807784676988638e-13 1.3333333333340510e+01 2.0000000000003668e+00
9.3749999999998196e-02 1.0000000000005855e+01 -3.8094405518315300e-13 1.3333333333345649e+01 2.0000000000006759e+00
9.6249999999996755e-02 1.0000000000006221e+01 -4.1768736428257937e-13 1.3333333333346655e+01 2.0000000000007536e+00
9.8749999999996146e-02 9.9999999999994333e+00 6.8988037178109707e-14 1.3333333333331515e+01 1.9999999999998406e+00
1.0124999999999873e-01 9.9999999999787779e+00 1.5764411641839882e-12 1.3333333333285310e+01 1.9999999999970408e+00
1.0375000000000752e-01 9.9999999999458353e+00 3.9030043197606662e-12 1.3333333333212622e+01 1.9999999999927258e+00
1.0625000000002180e-01 9.9999999999301412e+00 5.0270248692509559e-12 1.3333333333177723e+01 1.9999999999906302e+00
1.0875000000002942e-01 9.9999999999981757e+00 1.7530445191384485e-13 1.3333333333328735e+01 1.9999999999996749e+00
1.1125000000000085e-01 1.0000000000234014e+01 -1.6737973383983478e-11 1.3333333333853131e+01 2.0000000000311666e+00
1.1374999999989653e-01 1.0000000000644695e+01 -4.6150515708677901e-11 1.3333333334765589e+01 2.0000000000858993e+00
1.1624999999970717e-01 1.0000000000974842e+01 -6.9764947432425758e-11 1.3333333335499026e+01 2.0000000001298854e+00
1.1874999999953625e-01 1.0000000000530164e+01 -3.7932007296607788e-11 1.3333333334511185e+01 2.0000000000706444e+00
1.2124999999968969e-01 9.9999999982811456e+00 1.2310814923193249e-10 1.3333333329513698e+01 1.9999999997708253e+00
1.2375000000065579e-01 9.9999999936669361e+00 4.5351612806157526e-10 1.3333333319260410e+01 1.9999999991556741e+00
1.2625000000277975e-01 9.9999999883728474e+00 8.3265303671009757e-10 1.3333333307495414e+01 1.9999999984497425e+00
1.2875000000546957e-01 9.9999999885231272e+00 8.2191593484523934e-10 1.3333333307828877e+01 1.9999999984697059e+00
1.3125000000610010e-01 1.0000000005139006e+01 -3.6798551367697519e-10 1.3333333344752992e+01 2.0000000006851475e+00
1.3374999999949294e-01 1.0000000048970543e+01 -3.5068101020609642e-09 1.3333333442155867e+01 2.0000000065292709e+00
1.3624999997975590e-01 1.0000000115944010e+01 -8.3028860975824688e-09 1.3333333590985955e+01 2.0000000154590909e+00
1.3874999994654894e-01 1.0000000164485694e+01 -1.1779048643178512e-08 1.3333333698856650e+01 2.0000000219313581e+00
1.4124999991609349e-01 1.0000000097962253e+01 -7.0151893567460817e-09 1.3333333551026373e+01 2.0000000130615048e+00
1.4374999993211640e-01 9.9999997818468795e+00 1.5622276838319229e-08 1.3333332848548070e+01 1.9999999709128338e+00
1.4625000006377192e-01 9.9999991343059271e+00 6.1993670634882335e-08 1.3333331409568165e+01 1.9999998845740292e+00
1.4875000037067965e-01 9.9999983096524243e+00 1.2104835849396139e-07 1.3333329577005378e+01 1.9999997746202836e+00
1.5125000081892603e-01 9.9999979249815247e+00 1.4859515842702775e-07 1.3333328722181990e+01 1.9999997233309361e+00
1.5375000115823784e-01 9.9999991607068637e+00 6.0103030561452449e-08 1.3333331468236997e+01 1.9999998880941672e+00
1.5625000082571616e-01 1.0000003445479964e+01 -2.4673591656775285e-07 1.3333340989955689e+01 2.0000004593972021e+00
1.5874999901240822e-01 1.0000011425932600e+01 -8.1822767340192356e-07 1.3333358724306175e+01 2.0000015234576654e+00
1.6124999507178867e-01 1.0000021164742488e+01 -1.5156374635066818e-06 1.3333380366134609e+01 2.0000028219657207e+00
1.6374998938582092e-01 1.0000026152576273e+01 -1.8728225255611347e-06 1.3333391450215949e+01 2.0000034870080179e+00
1.6624998456597928e-01 1.0000014537294838e+01 -1.0410343113858768e-06 1.3333365638377588e+01 2.0000019382948526e+00
1.6874998660122514e-01 9.9999703386341245e+00 2.1241051436604513e-06 1.3333267419018577e+01 1.9999960451142309e+00
1.7125000572281193e-01 9.9998744641017936e+00 8.9898814474147999e-06 1.3333054365314336e+01 1.9999832617666666e+00
1.7375005744705413e-01 9.9997019855776905e+00 2.1341581414039846e-05 1.3332671084618756e+01 1.9999602643930969e+00
1.7625016490697082e-01 9.9994142745661438e+00 4.1945861441404367e-05 1.3332031744710283e+01 1.9999219022189278e+00
1.7875036371283584e-01 9.9989469430812932e+00 7.5414745952296223e-05 1.3330993285100998e+01 1.9998595893628515e+00
1.8125071023933548e-01 9.9981948637069564e+00 1.2927947184103870e-04 1.3329322152809112e+01 1.9997593067315598e+00
1.8375129405597376e-01 9.9969935694546557e+00 2.1532522426234062e-04 1.3326653030144273e+01 1.9995991201089547e+00
1.8625225564790371e-01 9.9950951956442946e+00 3.5132051538636061e-04 1.3322435519529474e+01 1.9993459680106671e+00
1.8875381105552147e-01 9.9921380691621930e+00 5.6320980925079654e-04 1.3315866901346482e+01 1.9989515971224421e+00
1.9125628509170522e-01 9.9876107413487833e+00 8.8772133883530493e-04 1.3305812940985843e+01 1.9983477458577270e+00
1.9376015438188790e-01 9.9808134112890450e+00 1.3751954950803485e-03 1.3290723672898473e+01 1.9974409587497655e+00
1.9626610051282528e-01 9.9708224939789858e+00 2.0922491238618774e-03 1.3268557580524476e+01 1.9961077817607629e+00
1.9877507189242172e-01 9.9564673748425641e+00 3.1236686621789159e-03 1.3236735201493953e+01 1.9941915194147750e+00
2.0128835045059709e-01 9.9363314293560894e+00 4.5727137414454571e-03 1.3192150274278685e+01 1.9915021506786006e+00
2.0380761619226184e-01 9.9087909073315732e+00 6.5588850959499940e-03 1.3131270223677593e+01 1.9878212710031586e+00
2.0633499927343926e-01 9.8721042307162357e+00 9.2122549863249345e-03 1.3050354341697401e+01 1.9829137795808975e+00
2.0887310643408830e-01 9.8245607019591414e+00 1.2663750577028980e-02 1.2945804140363236e+01 1.9765470232854807e+00
2.1142500713447451e-01 9.7646894223572502e+00 1.7031303529012217e-02 1.2814636310926778e+01 1.9685167274628874e+00
2.1399416491954482e-01 9.6915138911522192e+00 2.2402234129684565e-02 1.2655044798021352e+01 1.9586792538534143e+00
2.1658430049618613e-01 9.6048293836878660e+00 2.8812273400218320e-02 1.2467007799775864e+01 1.9469905141077639e+00
2.1919917678155704e-01 9.5054690253328378e+00 3.6223334853689219e-02 1.2252841240882717e+01 1.9335460262236261e+00
2.2184231863870152e-01 9.3954196677841981e+00 4.4511138237655914e-02 1.2017358748392429e+01 1.9185985043752576e+00
2.2451673580921094e-01 9.2775236621134951e+00 5.3482995397714540e-02 1.1767109574732375e+01 1.9025189269177889e+00
2.2722475985374385e-01 9.1547676861282419e+00 6.2927747001717382e-02 1.1508780278315843e+01 1.8857027299154490e+00
2.2996805497930634e-01 9.0296226309352257e+00 7.2665298490024774e-02 1.1247783998942030e+01 1.8684807425518724e+00
2.3274775415458018e-01 8.9038036845178805e+00 8.2567002087378480e-02 1.0987798186771908e+01 1.8510849816709884e+00
2.3556462531496622e-01 8.7783722695731612e+00 9.2550493204823184e-02 1.0731037268787770e+01 1.8336606615527287e+00
2.3841920705034858e-01 8.6539412063747694e+00 1.0256589550901117e-01 1.0478727933295630e+01 1.8162928918866463e+00
2.4131190036420189e-01 8.5308484005604868e+00 1.1258359566986229e-01 1.0231499733358024e+01 1.7990296954554605e+00
2.4424302534626957e-01 8.4092715623006900e+00 1.2258598632497383e-01 9.9896391241948876e+00 1.7818973469079806e+00
2.4721285487811367e-01 8.2892967871254779e+00 1.3256245532251534e-01 9.7532396363636327e+00 1.7649095973096069e+00
2.5022163446853896e-01 8.1709580715158605e+00 1.4250645907311343e-01 9.5222875434910517e+00 1.7480730154556701e+00
2.5326959393624515e-01 8.0542599268057451e+00 1.5241382931011407e-01 9.2967103822539929e+00 1.7313900594354781e+00
2.5635695432343442e-01 7.9391903170090758e+00 1.6228178751162228e-01 9.0764043989581698e+00 1.7148608428329339e+00
2.5948393200404035e-01 7.8257281317870397e+00 1.7210837244249513e-01 8.8612501865948960e+00 1.6984841609693235e+00
2.6265074114353559e-01 7.7138474461140003e+00 1.8189210233924241e-01 8.6511214601108186e+00 1.6822580794883988e+00
2.6585759518200891e-01 7.6035200013671203e+00 1.9163178196587161e-01 8.4458900569457267e+00 1.6661802800730081e+00
2.6910470775396689e-01 7.4947165570441081e+00 2.0132638704013242e-01 8.2454285898372000e+00 1.6502482502999092e+00
2.7239229327488229e-01 7.3874076894400433e+00 2.1097500327280730e-01 8.0496119469279304e+00 1.6344593973948014e+00
2.7572056735255224e-01 7.2815641622498246e+00 2.2057678808150993e-01 7.8583179359406277e+00 1.6188111017439555e+00
2.7908974709274842e-01 7.1771571622549759e+00 2.3013095512611345e-01 7.6714276498256702e+00 1.6033007518986948e+00
2.8250005136954282e-01 7.0741583522352141e+00 2.3963676243372203e-01 7.4888254860014793e+00 1.5879257530972379e+00
2.8595170106671675e-01 6.9725399261551937e+00 2.4909351156451723e-01 7.3103991663430961e+00 1.5726835365088121e+00
2.8944491933447675e-01 6.8722745726618619e+00 2.5850054428123576e-01 7.1360395933791736e+00 1.5575715546421653e+00
2.9297993183879634e-01 6.7733354779624806e+00 2.6785724545489931e-01 6.9656407806657370e+00 1.5425872828820308e+00
2.9655696704561219e-01 6.6756962751905782e+00 2.7716304215312770e-01 6.7990996917299213e+00 1.5277282124857801e+00
3.0017625649890667e-01 6.5793310357331132e+00 2.8641740667425541e-01 6.6363161583581309e+00 1.5129918503071644e+00
3.0383803514354824e-01 6.4842142261698417e+00 2.9561985606578461e-01 6.4771927410104579e+00 1.4983757125579582e+00
3.0754254163578920e-01 6.3903206995367849e+00 3.0476995429964820e-01 6.3216346547775570e+00 1.4838773244750751e+00
3.1129001870657808e-01 6.2976256636166879e+00 3.1386731165100895e-01 6.1695496557328982e+00 1.4694942154254125e+00
3.1508071350340822e-01 6.2061046742727957e+00 3.2291158592239316e-01 6.0208479770259009e+00 1.4552239189547822e+00
3.1891487799392537e-01 6.1157336136726919e+00 3.3190248157578151e-01 5.8754422364464567e+00 1.4410639690006217e+00
3.2279276933758611e-01 6.0264886851614143e+00 3.4083975017089552e-01 5.7332473808344906e+00 1.4270119003834809e+00
3.2671465032987168e-01 5.9383463991259049e+00 3.4972318927760748e-01 5.5941806090875303e+00 1.4130652457166271e+00
3.3068078980298032e-01 5.8512835683695457e+00 3.5855264232680761e-01 5.4581613226784818e+00 1.3992215363267873e+00
3.3469146311216458e-01 5.7652772997024240e+00 3.6732799735556637e-01 5.3251110594752999e+00 1.3854782994783674e+00
3.3874695256571280e-01 5.6803049889093309e+00 3.7604918643446927e-01 5.1949534487370483e+00 1.3718330597248067e+00
3.4284754795623656e-01 5.5963443168238038e+00 3.8471618428978815e-01 5.0676141525464091e+00 1.3582833361357201e+00
3.4699354702113228e-01 5.5133732431314968e+00 3.9332900742284443e-01 4.9430208242898770e+00 1.3448266441369194e+00
3.5118525602288597e-01 5.4313700064295087e+00 4.0188771263527384e-01 4.8211030557001777e+00 1.3314604924705238e+00
3.5542299024192364e-01 5.3503131161988460e+00 4.1039239591349536e-01 4.7017923383260873e+00 1.3181823856506820e+00
3.5970707461122864e-01 5.2701813568747742e+00 4.1884319086327509e-01 4.5850220150325383e+00 1.3049898204313779e+00
3.6403784424393171e-01 5.1909537775243120e+00 4.2724026739465487e-01 4.4707272443759125e+00 1.2918802890520362e+00
3.6841564512867525e-01 5.1126097003515829e+00 4.3558383005246731e-01 4.3588449559844182e+00 1.2788512750204664e+00
3.7284083469448515e-01 5.0351287077187630e+00 4.4387411650404807e-01 4.2493138180581935e+00 1.2659002573888738e+00
3.7731378257438442e-01 4.9584906559255613e+00 4.5211139572946957e-01 4.1420741965014916e+00 1.2530247056788062e+00
3.8183487120992649e-01 4.8826756593336791e+00 4.6029596628193581e-01 4.0370681260110395e+00 1.2402220854954236e+00
3.8640449669146282e-01 4.8076641106805393e+00 4.6842815427381590e-01 3.9342392732057188e+00 1.2274898524417135e+00
3.9102306940407894e-01 4.7334366621905124e+00 4.7650831134188470e-01 3.8335329120593400e+00 1.2148254594850580e+00
3.9569101495352299e-01 4.6599742542166025e+00 4.8453681232375057e-01 3.7348958916365631e+00 1.2022263497240426e+00
4.0040877485386589e-01 4.5872580934867804e+00 4.9251405280875038e-01 3.6382766170326337e+00 1.1896899660600440e+00
4.0517680754808960e-01 4.5152696925855249e+00 5.0044044633866569e-01 3.5436250228277952e+00 1.1772137427295017e+00
4.0999558913508527e-01 4.4439908459214275e+00 5.0831642134558541e-01 3.4508925612968397e+00 1.1647951180403444e+00
4.1486561449264542e-01 4.3734036836785233e+00 5.1614241760911073e-01 3.3600321834824962e+00 1.1524315246802230e+00
4.1978739803642384e-01 4.3034906469554857e+00 5.2391888225202599e-01 3.2709983374671228e+00 1.1401204065987216e+00
4.2476147494951588e-01 4.2342345615536745e+00 5.3164626501242052e-01 3.1837469602726434e+00 1.1278592083138252e+00
4.2978840195689222e-01 4.1656186154365029e+00 5.3932501274141820e-01 3.0982354907974914e+00 1.1156453975346117e+00
4.3486875865753305e-01 4.0976264607036450e+00 5.4695556273901635e-01 3.0144228780984275e+00 1.1034764541156308e+00
4.4000314828120890e-01 4.0302421996853210e+00 5.5453833478683601e-01 2.9322696168580169e+00 1.0913499009142551e+00
4.4519219910186802e-01 3.9634505288068573e+00 5.6207372122398735e-01 2.8517377819349985e+00 1.0792632938931148e+00
4.5043656511259522e-01 3.8972367459739718e+00 5.6956207477161969e-01 2.7727911004008079e+00 1.0672142653119152e+00
4.5573692746334749e-01 3.8315869599802963e+00 5.7700369292204834e-01 2.6953950306213263e+00 1.0552005182606583e+00
4.6109399493066155e-01 3.7664881447175111e+00 5.8439879827032326e-01 2.6195168970479292e+00 1.0432198893504261e+00
4.6650850524913695e-01 3.7019284577886720e+00 5.9174751254803215e-01 2.5451260492281165e+00 1.0312703547282087e+00
4.7198122513444773e-01 3.6378973946609428e+00 5.9904982293104869e-01 2.4721941110054866e+00 1.0193501256936488e+00
4.7751295122112841e-01 3.5743863031367735e+00 6.0630553615859062e-01 2.4006952924527960e+00 1.0074576817617691e+00
4.8310450914936276e-01 3.5113887544167013e+00 6.1351421686535412e-01 2.3306068633951473e+00 9.9559192661179674e-01
4.8875675346930203e-01 3.4489014428339075e+00 6.2067510045458130e-01 2.2619097825590218e+00 9.8375228462622266e-01
4.9447056473615558e-01 3.3869250564413398e+00 6.2778697035422470e-01 2.1945896564066625e+00 9.7193897997518541e-01
5.0024684687262644e-01 3.3254660372329305e+00 6.3484797544402716e-01 2.1286381082937775e+00 9.6015329180672582e-01
5.0608651974960983e-01 3.2645387455501078e+00 6.4185535410926142e-01 2.0640549537772550e+00 9.4839812665300771e-01
5.1199051000378337e-01 3.2041695319289158e+00 6.4880498954967214e-01 2.0008516291817169e+00 9.3667872872063695e-01
5.1795973197979395e-01 3.1444029334290735e+00 6.5569066432179035e-01 1.9390571112808521e+00 9.2500411954182060e-01
5.2399505923416045e-01 3.0853135105782532e+00 6.6250272512579012e-01 1.8787284120755483e+00 9.1338938764286282e-01
5.3009726918929156e-01 3.0270270425247960e+00 6.6922560221986460e-01 1.8199703069472413e+00 9.0186028141454877e-01
5.3626694754356719e-01 2.9697616846435819e+00 6.7583309755847609e-01 1.7629724373067881e+00 8.9046157125485259e-01
5.4250430478141376e-01 2.9139024066153674e+00 6.8227975812886943e-01 1.7080768930909789e+00 8.7927287263284970e-01
5.4880885333325458e-01 2.8601232034810091e+00 6.8848682558438079e-01 1.6558859477560262e+00 8.6843424038901951e-01
5.5517887335018368e-01 2.8095326306770807e+00 6.9432542680327192e-01 1.6073859901847789e+00 8.5817796132736579e-01
5.6161071434983612e-01 2.7637222706524853e+00 6.9961112380372892e-01 1.5639730272768504e+00 8.4884055312888562e-01
5.6809818881948848e-01 2.7245091333051459e+00 7.0413385632024927e-01 1.5271986742418575e+00 8.4081127985934934e-01
5.7463255137092317e-01 2.6933343405112753e+00 7.0772760271974289e-01 1.4982224422558901e+00 8.3440575110969095e-01
5.8120334698389509e-01 2.6706517595816237e+00 7.1034048377643388e-01 1.4772912305554839e+00 8.2973635101731402e-01
5.8779991868518866e-01 2.6557288802176435e+00 7.1205727404396835e-01 1.4636014729794544e+00 8.2666654183813471e-01
5.9441291050270473e-01 2.6469513705276229e+00 7.1306431192584652e-01 1.4555955750955030e+00 8.2487097683552590e-01
6.0103521777572533e-01 2.6423918163871805e+00 7.1358396432565796e-01 1.4514725954750218e+00 8.2395384352549550e-01
6.0766215710104121e-01 2.6403243228763502e+00 7.1381528512079806e-01 1.4496407459552894e+00 8.2355834095566394e-01
6.1429107263842564e-01 2.6395045588703185e+00 7.1390170840074119e-01 1.4489589661029871e+00 8.2342666992198355e-01
6.2092064351264420e-01 2.6392411962522542e+00 7.1392283511674370e-01 1.4487953968665019e+00 8.2341587361765434e-01
6.2755022450115971e-01 2.6392871969716438e+00 7.1390696480713067e-01 1.4489255435989661e+00 8.2347548909880897e-01
6.3417956610379167e-01 2.6393072521344858e+00 7.1389253499519523e-01 1.4490446240804224e+00 8.2353690892290232e-01
6.4080887903649519e-01 2.6389887145526978e+00 7.1391531601129998e-01 1.4488690084754710e+00 8.2353649363050652e-01
6.4743860552273258e-01 2.6383351933941666e+00 7.1397451144171287e-01 1.4484050958161270e+00 8.2347673228327478e-01
6.5406883858103038e-01 2.6378883812516305e+00 7.1400712905208685e-01 1.4481524616731156e+00 8.2347255780359818e-01
6.6069923209805070e-01 2.6376683405729260e+00 7.1401021381775120e-01 1.4481345436112425e+00 8.2353106416140298e-01
6.6732957601126763e-01 2.6374420344446223e+00 7.1400982200315199e-01 1.4481448155858350e+00 8.2360756938347868e-01
6.7395991693433732e-01 2.6370339956138444e+00 7.1402507768277468e-01 1.4480317336619140e+00 8.2367068612146010e-01
6.8059039509056962e-01 2.6365356007320790e+00 7.1404387447326767e-01 1.4478913978241681e+00 8.2374654684473225e-01
6.8722093465746648e-01 2.6360850577028212e+00 7.1404804668004762e-01 1.4478679115859405e+00 8.2387397213635294e-01
6.9385142753303986e-01 2.6355987609679037e+00 7.1404408552911991e-01 1.4479099548160603e+00 8.2404991396584559e-01
7.0048184015187620e-01 2.6349100886032644e+00 7.1404659721457953e-01 1.4479019208571708e+00 8.2426071791961242e-01
7.0711231276745456e-01 2.6339669876844702e+00 7.1405444333464696e-01 1.4478529976039964e+00 8.2452798632651558e-01
7.1374287249742241e-01 2.6327532733529417e+00 7.1405768626533117e-01 1.4478422657305687e+00 8.2490198400931236e-01
7.2037361147694756e-01 2.6310836629805783e+00 7.1405662573429107e-01 1.4478676273359929e+00 8.2543990203021556e-01
7.2700467255533940e-01 2.6285507114481863e+00 7.1405796847192349e-01 1.4478761955581299e+00 8.2624021057620944e-01
7.3363644522375626e-01 2.6244525053519148e+00 7.1406185832938607e-01 1.4478675256403872e+00 8.2752546827642515e-01
7.4026965514134968e-01 2.6173974629861654e+00 7.1406431008153082e-01 1.4478737956850971e+00 8.2975960825217820e-01
7.4690552350338968e-01 2.6044259662448286e+00 7.1406553406173834e-01 1.4478936615226043e+00 8.3390371637837635e-01
7.5354723114895639e-01 2.5836121673410992e+00 7.1406787419308493e-01 1.4479099197357239e+00 8.4063115472890049e-01
7.6020098108752010e-01 2.5678720031062285e+00 7.1407103813698880e-01 1.4479268323920633e+00 8.4579381135853571e-01
7.6688886006005741e-01 2.5633144456320656e+00 7.1407409396580246e-01 1.4479536669222917e+00 8.4731333063114678e-01
7.7363505991057036e-01 2.5786896575028613e+00 7.1407709924547424e-01 1.4479913087061660e+00 8.4228319477674041e-01
7.8057418883343355e-01 2.6388929423178595e+00 7.1408312577045518e-01 1.4480211718895264e+00 8.2308445447070522e-01
7.8525128687040036e-01 2.7326302809460477e+00 7.1410025823847745e-01 1.4479477864990200e+00 7.9480992906094927e-01
7.8662098769514499e-01 2.8141921271902168e+00 7.1403896573875225e-01 1.4484612050376418e+00 7.7204814360906848e-01
7.8702538276921230e-01 2.9013721616418047e+00 7.1401071161096308e-01 1.4486968730032734e+00 7.4897158600820268e-01
7.8734388778575770e-01 3.0517769268304566e+00 7.1402716815319756e-01 1.4485724036737009e+00 7.1199784833790558e-01
7.8766118440194921e-01 3.3017972990341038e+00 7.1404026946859600e-01 1.4484741166178430e+00 6.5803893399584568e-01
7.8798433247195843e-01 3.6619135343679607e+00 7.1408435563497474e-01 1.4481107362346755e+00 5.9317787926058296e-01
7.8831399906205935e-01 4.0600481084788607e+00 7.1412293316771747e-01 1.4477806468832084e+00 5.3488798957568295e-01
7.8864459946261234e-01 4.3819059574385131e+00 7.1415094435659165e-01 1.4475343120728001e+00 4.9551530525736248e-01
7.8897805437350343e-01 4.6157275994624989e+00 7.1415606538375198e-01 1.4474900367179298e+00 4.7039930504775335e-01
7.8931292340258641e-01 4.7819839472955019e+00 7.1414207689680398e-01 1.4476206964365419e+00 4.5408580802177029e-01
7.8964917751267671e-01 4.8977694864704819e+00 7.1410095111026439e-01 1.4480046878820028e+00 4.4346861113470543e-01
7.8998666713595611e-01 4.9773321907799852e+00 7.1404748775738192e-01 1.4485078810940080e+00 4.3653140645622118e-01
7.9032517840239724e-01 5.0298989465650559e+00 7.1402312468179940e-01 1.4487435165618041e+00 4.3203954948771639e-01
7.9066447818785268e-01 5.0638124356713465e+00 7.1402038590199846e-01 1.4487778275946042e+00 4.2915624719496415e-01
7.9100449767229464e-01 5.0845390237063937e+00 7.1404217575388584e-01 1.4485824868104382e+00 4.2734920906000495e-01
7.9134511678915254e-01 5.0961586740715061e+00 7.1410174254120640e-01 1.4480333346438399e+00 4.2621318151195436e-01
7.9168630453986666e-01 5.1024534823858119e+00 7.1415063249765232e-01 1.4475839210466304e+00 4.2555525279471057e-01
7.9202794010556754e-01 5.1059392299708453e+00 7.1416909685962493e-01 1.4474193644296092e+00 4.2521638994454125e-01
7.9236996908761093e-01 5.1077958041573073e+00 7.1416431320137008e-01 1.4474725896395397e+00 4.2507746349063752e-01
7.9271230371151880e-01 5.1091740368396579e+00 7.1412531686780090e-01 1.4478463873680838e+00 4.2507253919960425e-01
7.9305489635680881e-01 5.1103600731102841e+00 7.1405388976275241e-01 1.4485242111105305e+00 4.2517284214444545e-01
7.9339770105389995e-01 5.1101290453171506e+00 7.1401650332291133e-01 1.4488833840061279e+00 4.2529749380806653e-01
7.9374072818571428e-01 5.1082006840740641e+00 7.1400811437150702e-01 1.4489710210379001e+00 4.2548377911875651e-01
7.9408396370829204e-01 5.1043366270866484e+00 7.1402569935807991e-01 1.4488154893730358e+00 4.2576017077853717e-01
7.9442743286697448e-01 5.0982355206109240e+00 7.1409406588747781e-01 1.4481847542101729e+00 4.2608410743938213e-01
7.9477112665761385e-01 5.0922959348036612e+00 7.1416277667313455e-01 1.4475513463800209e+00 4.2639450797231582e-01
7.9511502979064841e-01 5.0882072155632834e+00 7.1418872731641825e-01 1.4473184247575974e+00 4.2666847971443328e-01
7.9545908761900519e-01 5.0854189731467683e+00 7.1418864203881227e-01 1.4473292373617859e+00 4.2690560355134427e-01
7.9580326914310473e-01 5.0839279203603400e+00 7.1414965832647570e-01 1.4477039910326093e+00 4.2714137976901084e-01
7.9614751793079042e-01 5.0838474217641485e+00 7.1405690232377816e-01 1.4485818272883968e+00 4.2740715066121815e-01
7.9649182102263016e-01 5.0832013864089740e+00 7.1400519504744053e-01 1.4490759237338113e+00 4.2760727352104094e-01
7.9683619522682347e-01 5.0819979452589488e+00 7.1399054009261176e-01 1.4492236076335618e+00 4.2775212325269379e-01
7.9718066604618265e-01 5.0803496103416004e+00 7.1400523482362388e-01 1.4490969664814257e+00 4.2785351726531740e-01
7.9752525779575922e-01 5.0775587443662502e+00 7.1408349307848684e-01 1.4483761633832799e+00 4.2787574786514576e-01
7.9787000602857572e-01 5.0745325885579389e+00 7.1417860891136675e-01 1.4474982256215008e+00 4.2787139515627143e-01
7.9821488527578111e-01 5.0727273411023219e+00 7.1421601662880374e-01 1.4471600932642212e+00 4.2792367772414558e-01
7.9855985810745755e-01 5.0716477301830771e+00 7.1422059004084970e-01 1.4471290618488446e+00 4.2800559270998673e-01
7.9890488378599644e-01 5.0714736609080422e+00 7.1418278852185957e-01 1.4474942395640227e+00 4.2812829258730201e-01
7.9924990963921960e-01 5.0729661218526401e+00 7.1406357712994606e-01 1.4486206037826204e+00 4.2833538673039251e-01
7.9959490914563380e-01 5.0736682698159532e+00 7.1398768643351895e-01 1.4493424209885351e+00 4.2848951012748504e-01
7.9993991690555499e-01 5.0733641133955611e+00 7.1396588719018939e-01 1.4495587818321167e+00 4.2857916840762844e-01
8.0028496299480301e-01 5.0724801172898690e+00 7.1397619470506968e-01 1.4494751884552168e+00 4.2862913849023937e-01
8.0063009218917425e-01 5.0701069921972532e+00 7.1406475729142871e-01 1.4486603283178774e+00 4.2858868576560316e-01
8.0097535168760747e-01 5.0668733516209032e+00 7.1419939859867987e-01 1.4474154144573363e+00 4.2849366286044188e-01
8.0132073333463549e-01 5.0652802182111483e+00 7.1425257353384553e-01 1.4469322314494792e+00 4.2848534605667193e-01
8.0166618130038136e-01 5.0645482272108806e+00 7.1426386951855059e-01 1.4468405786775418e+00 4.2852013065171390e-01
8.0201166173111826e-01 5.0647883588776512e+00 7.1422758944293485e-01 1.4471936256068851e+00 4.2860437289651543e-01
8.0235710231188850e-01 5.0673300074643093e+00 7.1407589566526919e-01 1.4486254070914086e+00 4.2881322263131039e-01
8.0270245975161569e-01 5.0691258378898878e+00 7.1396416982808386e-01 1.4496843883760988e+00 4.2897466981591692e-01
8.0304777716647413e-01 5.0694367266323646e+00 7.1393006844908347e-01 1.4500181760596549e+00 4.2904712720112331e-01
8.0339310293186239e-01 5.0690056470941371e+00 7.1393571734905092e-01 1.4499806609731127e+00 4.2907251300982369e-01
8.0373848465407449e-01 5.0668067037257183e+00 7.1403336725215072e-01 1.4490834943817936e+00 4.2899312499416697e-01
8.0408400173041672e-01 5.0628731656072699e+00 7.1422131770435460e-01 1.4473432856596602e+00 4.2881084662311231e-01
8.0442964943092621e-01 5.0610480549492660e+00 7.1430345163942710e-01 1.4465924305268130e+00 4.2874294458995632e-01
8.0477536135206784e-01 5.0604957549108525e+00 7.1432227740976151e-01 1.4464332551520265e+00 4.2874255563252833e-01
8.0512108517581193e-01 5.0609647690798321e+00 7.1429046825628284e-01 1.4467472994933170e+00 4.2879590122784828e-01
8.0546673425486504e-01 5.0645011861308129e+00 7.1410350681015622e-01 1.4485111920280722e+00 4.2901891187077840e-01
8.0581224334479495e-01 5.0677704945291921e+00 7.1393139568126995e-01 1.4501375308505799e+00 4.2922352119616886e-01
8.0615765415094220e-01 5.0687014360458074e+00 7.1387966359342270e-01 1.4506392960147698e+00 4.2929317725205418e-01
8.0650304272359818e-01 5.0686717608412071e+00 7.1387788929023765e-01 1.4506743780464384e+00 4.2930607262454135e-01
8.0684847211509458e-01 5.0665678732666120e+00 7.1398275861320348e-01 1.4497128679628117e+00 4.2919967842889839e-01
8.0719404744799694e-01 5.0614234069372577e+00 7.1424349056109548e-01 1.4472958420871835e+00 4.2891961185370286e-01
8.0753979308855373e-01 5.0589175305199419e+00 7.1437026215331212e-01 1.4461316368771804e+00 4.2878687826579892e-01
8.0788561227329247e-01 5.0582757457556156e+00 7.1440246487847747e-01 1.4458511484916081e+00 4.2875810488529142e-01
8.0823144128955215e-01 5.0587952295351597e+00 7.1437586738146142e-01 1.4461201658157130e+00 4.2879384325719977e-01
8.0857718137347590e-01 5.0631455780651899e+00 7.1415415336441623e-01 1.4482122610202048e+00 4.2904521666162088e-01
8.0892271941080529e-01 5.0682503878661906e+00 7.1389432801306696e-01 1.4506625130024466e+00 4.2933825343617166e-01
8.0926810366037416e-01 5.0699529074623912e+00 7.1380839759961856e-01 1.4514883241910634e+00 4.2943840426642971e-01
8.0961343696966770e-01 5.0701760796010955e+00 7.1379822040561614e-01 1.4516062916897479e+00 4.2945440224354747e-01
8.0995879690002015e-01 5.0681357368990465e+00 7.1390375012005347e-01 1.4506427377461339e+00 4.2934211307264053e-01
8.1030433800033974e-01 5.0613194642290553e+00 7.1425316577364195e-01 1.4474009896283957e+00 4.2895958253314831e-01
8.1065010865969966e-01 5.0573184196676415e+00 7.1445921353854225e-01 1.4455012066376480e+00 4.2873547402596923e-01
8.1099599727495841e-01 5.0563360009624105e+00 7.1451143514734561e-01 1.4450388032108765e+00 4.2868159956216256e-01
8.1134190721677846e-01 5.0567118097214054e+00 7.1449450761466826e-01 1.4452225904941398e+00 4.2870425828373326e-01
8.1168771568617937e-01 5.0616958029474510e+00 7.1424252812870381e-01 1.4476022723459268e+00 4.2898733804873668e-01
8.1203326234638973e-01 5.0694134106400162e+00 7.1385130239155092e-01 1.4512864119941673e+00 4.2942436168692982e-01
8.1237857102335020e-01 5.0721873707660743e+00 7.1371249745742638e-01 1.4526128028196206e+00 4.2958176521391778e-01
8.1272379873025735e-01 5.0727400039562713e+00 7.1368723107187926e-01 1.4528778954344002e+00 4.2961335322763106e-01
8.1306903771763306e-01 5.0707824362195879e+00 7.1379022189106267e-01 1.4519437622024918e+00 4.2950287666599934e-01
8.1341448313547071e-01 5.0619590498023204e+00 7.1424366958972330e-01 1.4477346867376699e+00 4.2900426667641850e-01
8.1376025864189794e-01 5.0556767584956308e+00 7.1456785485300855e-01 1.4447380933973717e+00 4.2864827868087491e-01
8.1410621655872495e-01 5.0539172837988442e+00 7.1466155278469978e-01 1.4438953872519629e+00 4.2854739388412771e-01
8.1445221844146365e-01 5.0541115011903246e+00 7.1465578521060602e-01 1.4439819580459061e+00 4.2855661901379455e-01
8.1479812420064879e-01 5.0595318202427242e+00 7.1438345851854912e-01 1.4465582498600043e+00 4.2886129623865299e-01
8.1514367937437926e-01 5.0706596219112505e+00 7.1382021955851005e-01 1.4518579070283544e+00 4.2948788183926107e-01
8.1548888540307130e-01 5.0754312394658010e+00 7.1358153105096178e-01 1.4541274097178807e+00 4.2975483494214284e-01
8.1583395278304915e-01 5.0764013316830630e+00 7.1353701206090647e-01 1.4545810874621814e+00 4.2980676440526427e-01
8.1617901311069518e-01 5.0747323301606597e+00 7.1362734561030006e-01 1.4537733597769211e+00 4.2970937140961374e-01
8.1652431127551584e-01 5.0638491151031877e+00 7.1418782266307546e-01 1.4485698798766879e+00 4.2909154092573210e-01
8.1687004626845916e-01 5.0538172927944611e+00 7.1470547211165714e-01 1.4437752076035497e+00 4.2852020283618947e-01
8.1721608382925071e-01 5.0508865594370382e+00 7.1486129207108151e-01 1.4423625808599028e+00 4.2834932953453586e-01
8.1756219768827387e-01 5.0507054166268981e+00 7.1487722263601683e-01 1.4422565996050556e+00 4.2833321703652139e-01
8.1790821777212364e-01 5.0563813665271287e+00 7.1459453521485639e-01 1.4449389774740304e+00 4.2864813966745652e-01
8.1825381325436020e-01 5.0719373334619942e+00 7.1380823730977783e-01 1.4523341895491382e+00 4.2952054433935793e-01
8.1859888299460359e-01 5.0798084123080445e+00 7.1341444950076671e-01 1.4560683294491641e+00 4.2995765133224478e-01
8.1894372272944671e-01 5.0816280045231341e+00 7.1332962985075665e-01 1.4569118370590142e+00 4.3005268265275126e-01
8.1928852533580310e-01 5.0802846462660929e+00 7.1340636046684747e-01 1.4562433223411981e+00 4.2996901465300003e-01
8.1963358053269486e-01 5.0674392041780818e+00 7.1406960521622032e-01 1.4500869736360371e+00 4.2923661692096277e-01
8.1997923328080291e-01 5.0520981715228146e+00 7.1486089692633659e-01 1.4427483344970951e+00 4.2836113398274045e-01
8.2032534156933501e-01 5.0469917810104308e+00 7.1513077337215647e-01 1.4402862760595985e+00 4.2806279618249538e-01
8.2067159251709376e-01 5.0463312501006685e+00 7.1517442142551579e-01 1.4399367041955593e+00 4.2801491801598462e-01
8.2101777139713450e-01 5.0517964411867666e+00 7.1490596854795696e-01 1.4425003669790468e+00 4.2831309132484807e-01
8.2136341734364016e-01 5.0724361119129142e+00 7.1386402890751177e-01 1.4522995497913822e+00 4.2946806556535172e-01
8.2170833945806154e-01 5.0856928978433134e+00 7.1319973228701050e-01 1.4585869764155992e+00 4.3020302416435957e-01
8.2205286220263818e-01 5.0889814906216335e+00 7.1304424651954323e-01 1.4601122106127249e+00 4.3037458869820955e-01
8.2239729631752589e-01 5.0881887571405633e+00 7.1309725152932957e-01 1.4596842934012537e+00 4.3031549036564049e-01
8.2274200162090083e-01 5.0735895237601794e+00 7.1385374638523080e-01 1.4526669434600719e+00 4.2947905126845765e-01
8.2308747179469643e-01 5.0505512386946787e+00 7.1504143449362145e-01 1.4416406074740007e+00 4.2816334475400586e-01
8.2343365029534810e-01 5.0421847866468799e+00 7.1548181810039102e-01 1.4376106358132823e+00 4.2767491572913346e-01
8.2378005947471222e-01 5.0406315853226964e+00 7.1557542251812745e-01 1.4368179498203748e+00 4.2757080898476063e-01
8.2412643266459629e-01 5.0456142091487157e+00 7.1533613338510238e-01 1.4391311835044895e+00 4.2783627240913141e-01
8.2447221060752196e-01 5.0715563043369034e+00 7.1402834866719589e-01 1.4514345355012477e+00 4.2928672632306103e-01
8.2481694926606708e-01 5.0930485462123487e+00 7.1294935555891636e-01 1.4616384304126369e+00 4.3048041378860702e-01
8.2516105163959930e-01 5.0992732051272309e+00 7.1264927536370970e-01 1.4645507403081222e+00 4.3081161218295033e-01
8.2550497646151055e-01 5.0991464429315752e+00 7.1267339660994211e-01 1.4644216873701819e+00 4.3078435884112320e-01
8.2584915819102744e-01 5.0830179183476663e+00 7.1351215137323143e-01 1.4566504565338219e+00 4.2985795444746361e-01
8.2619435341603964e-01 5.0501023868438315e+00 7.1520727503999226e-01 1.4408993424696863e+00 4.2798122654604437e-01
8.2654056943478149e-01 5.0359883702184396e+00 7.1594559782949552e-01 1.4341243490778786e+00 4.2716272665330007e-01
8.2688718230481273e-01 5.0333157302587370e+00 7.1610155839666700e-01 1.4327850573182213e+00 4.2699041767976942e-01
8.2723381240024141e-01 5.0371442683608265e+00 7.1592655417827111e-01 1.4345325496923429e+00 4.2718626068630478e-01
8.2757979558799799e-01 5.0668476803808842e+00 7.1443170890073671e-01 1.4486072771344416e+00 4.2884867530462656e-01
8.2792442084030227e-01 5.1022542716420709e+00 7.1264960587695070e-01 1.4654481204914669e+00 4.3082372294820132e-01
8.2826796354870069e-01 5.1134029550567064e+00 7.1210489303720126e-01 1.4707162678706120e+00 4.3142979757233957e-01
8.2861118671676814e-01 5.1147653483074720e+00 7.1205753178257714e-01 1.4712942711100916e+00 4.3148439006990547e-01
8.2895466497229386e-01 5.0965596501068573e+00 7.1300388684787175e-01 1.4625163633927556e+00 4.3044223862721537e-01
8.2929941228418913e-01 5.0499769357036879e+00 7.1540621166391094e-01 1.4402429514585586e+00 4.2779688990535997e-01
8.2964566625224623e-01 5.0285638168916380e+00 7.1652773700260364e-01 1.4300167709091720e+00 4.2656814837634616e-01
8.2999255239894665e-01 5.0238941621386841e+00 7.1676187228753618e-01 1.4277217061098766e+00 4.2627939404144166e-01
8.3033971193673328e-01 5.0259937767583418e+00 7.1650314993051734e-01 1.4286009547351721e+00 4.2636372571970904e-01
8.3068767209832739e-01 5.0440164023982250e+00 7.1427985759927770e-01 1.4369966628988682e+00 4.2733703112532534e-01
8.3104501468223235e-01 4.9811442282329974e+00 7.0625210255195436e-01 1.4082341600369745e+00 4.2406947947475787e-01
8.3150671776837237e-01 4.2350699202977706e+00 6.5174148058265013e-01 1.0524545459237886e+00 3.7276405079392044e-01
8.3238040868087060e-01 2.3142360805495010e+00 4.4428877747496209e-01 3.3445392920603900e-01 2.1678034407359920e-01
8.3400978663432324e-01 1.2758853308086324e+00 1.1763393645992519e-01 3.6322638489114739e-02 4.2702863978490276e-02
8.3627096872372064e-01 1.0197542388074088e+00 5.2150029027850072e-03 5.3416127429321792e-04 7.8572059908951222e-04
8.3875045082683974e-01 1.0003769465797379e+00 3.1588583726283486e-05 1.4218512027062808e-06 2.1319731640671330e-06
8.4125000180237075e-01 1.0000014496224234e+00 1.5634806481652833e-08 1.0000209049731978e-06 1.5000291829838569e-06
8.4374999999692668e-01 9.9999998743742424e-01 -3.0289103718894643e-11 9.9999996350241815e-07 1.4999999640974902e-06
8.4624999999977391e-01 9.9999999978583620e-01 5.3697372563611644e-13 9.9999998959265923e-07 1.4999999847102344e-06
8.4875000000000234e-01 1.0000000000045033e+00 2.7619929653338766e-13 9.9999998726119088e-07 1.4999999808850312e-06
8.5124999999988060e-01 1.0000000000919136e+00 -8.1890647164618386e-13 9.9999997915656280e-07 1.4999999685969735e-06
8.5374999999988066e-01 9.9999999990787614e-01 -1.2648257492568771e-12 1.0000000005838672e-06 1.5000000010139866e-06
8.5625000000000118e-01 9.9999999999710476e-01 1.5367606193446509e-12 1.0000000020826683e-06 1.5000000031283449e-06
8.5875000000000112e-01 1.0000000000018241e+00 6.1941730988103245e-13 9.9999998426358871e-07 1.4999999763926467e-06
8.6124999999993412e-01 1.0000000000511939e+00 -7.3693058367687401e-13 9.9999998276478763e-07 1.4999999740703903e-06
8.6374999999993407e-01 9.9999999994849365e-01 -1.6623312214034479e-13 9.9999998670607937e-07 1.4999999801363784e-06
8.6624999999999996e-01 9.9999999999920164e-01 3.0607309233456361e-14 9.9999998620647901e-07 1.4999999793109158e-06
8.6874999999998836e-01 1.0000000000092590e+00 -6.3245447562758010e-14 9.9999999114697147e-07 1.4999999867065684e-06
8.7124999999998842e-01 9.9999999999066558e-01 -6.5572171802611724e-13 9.9999999136901607e-07 1.4999999870675258e-06
8.7375000000000003e-01 9.9999999999973077e-01 3.8402520338669209e-13 1.0000000065790715e-06 1.5000000098690109e-06
8.7624999999999997e-01 1.0000000000000944e+00 1.4342890195416017e-12 9.9999997915656280e-07 1.4999999687347023e-06
8.7874999999993020e-01 1.0000000000569333e+00 1.3810238483623147e-13 9.9999996916455558e-07 1.4999999536614332e-06
8.8124999999975206e-01 1.0000000000825535e+00 -1.6177692694207731e-12 9.9999998004474122e-07 1.4999999699432813e-06
8.8374999999979509e-01 9.9999999988334232e-01 -1.7226383267045424e-12 1.0000000044696478e-06 1.5000000068794579e-06
8.8624999999997423e-01 9.9999999997518829e-01 8.7402764774740647e-13 1.0000000096321848e-06 1.5000000144854946e-06
8.8875000000000193e-01 1.0000000000011058e+00 1.8749581057559432e-12 9.9999999020328190e-07 1.4999999853032639e-06
8.9124999999991039e-01 1.0000000000723941e+00 2.3248675788500588e-13 9.9999998043331928e-07 1.4999999705413878e-06
8.9374999999979088e-01 1.0000000000213214e+00 -1.7850825595699417e-12 9.9999998581790095e-07 1.4999999786948694e-06
8.9624999999988142e-01 9.9999999990718103e-01 -4.1670813556022419e-13 1.0000000015830679e-06 1.5000000025138301e-06
8.9874999999999994e-01 9.9999999999856881e-01 9.2813893095168215e-13 1.0000000036369805e-06 1.5000000054576175e-06
9.0124999999999988e-01 9.9999999999990741e-01 3.5185817838835851e-13 9.9999998709465743e-07 1.4999999806421248e-06
9.0374999999999994e-01 1.0000000000005718e+00 8.8986862239186089e-13 9.9999998631750131e-07 1.4999999794753941e-06
9.0624999999992595e-01 1.0000000000579821e+00 1.3479091765603367e-13 9.9999997438260380e-07 1.4999999614869324e-06
9.0874999999986716e-01 9.9999999998826461e-01 -1.5694411523721061e-12 9.9999998470767792e-07 1.4999999770791199e-06
9.1124999999994105e-01 9.9999999995330402e-01 2.1040789261705935e-13 1.0000000104648521e-06 1.5000000157673221e-06
9.1374999999997031e-01 1.0000000000227862e+00 -4.1993355163841941e-13 9.9999998137700885e-07 1.4999999720313338e-06
9.1624999999997092e-01 9.9999999997582090e-01 -1.8238929375669660e-13 1.0000000135734766e-06 1.5000000203964835e-06
9.1875000000000051e-01 1.0000000000016294e+00 2.1178417073516509e-12 9.9999998531830059e-07 1.4999999779750068e-06
9.2124999999986612e-01 1.0000000001050022e+00 -6.8640177688378550e-13 9.9999997560384912e-07 1.4999999632482702e-06
9.2374999999976248e-01 9.9999999997602262e-01 -1.8599240851418284e-12 9.9999999930711070e-07 1.4999999989966319e-06
9.2624999999989632e-01 9.9999999991853805e-01 2.1451682944410629e-13 1.0000000078003168e-06 1.5000000118226680e-06
9.2875000000000008e-01 9.9999999999850819e-01 1.2256321717197853e-12 9.9999998998123729e-07 1.4999999849740936e-06
9.3125000000000002e-01 1.0000000000000711e+00 -1.1961477691643461e-13 9.9999999392252903e-07 1.4999999908836866e-06
9.3374999999999986e-01 1.0000000000005642e+00 6.1586573935799381e-13 9.9999999186861643e-07 1.4999999878020783e-06
9.3624999999993064e-01 1.0000000000541365e+00 2.8374665921197804e-13 9.9999996949762249e-07 1.4999999541652289e-06
9.3874999999988673e-01 9.9999999998041011e-01 -1.7233850371930606e-12 9.9999998504074483e-07 1.4999999775905021e-06
9.4124999999995596e-01 9.9999999996488242e-01 6.3525321624250566e-13 1.0000000026932909e-06 1.5000000040926125e-06
9.4374999999996934e-01 1.0000000000237692e+00 -2.5838497964930217e-13 9.9999997615896064e-07 1.4999999642027870e-06
9.4624999999996939e-01 9.9999999997578504e-01 -5.2336989080964218e-13 1.0000000126297870e-06 1.5000000189810027e-06
9.4874999999999998e-01 9.9999999999920464e-01 1.0738088607179129e-12 9.9999998443012217e-07 1.4999999766463761e-06
9.5124999999999993e-01 1.0000000000026625e+00 5.2833173594141656e-13 9.9999998920408117e-07 1.4999999838021280e-06
9.5374999999982002e-01 1.0000000001381737e+00 -1.0415861304934258e-12 9.9999998048883043e-07 1.4999999705259849e-06
9.5624999999982008e-01 9.9999999986156007e-01 -1.8515258535868614e-12 1.0000000039700474e-06 1.5000000061627308e-06
9.5875000000000121e-01 9.9999999999583700e-01 1.3997679675929731e-12 1.0000000061904935e-06 1.5000000092919845e-06
9.6125000000000127e-01 1.0000000000019191e+00 1.7537038706862823e-12 9.9999998998123729e-07 1.4999999849689771e-06
9.6374999999990929e-01 1.0000000000735598e+00 6.9779610385827894e-13 9.9999998032229698e-07 1.4999999703731057e-06
9.6624999999969330e-01 1.0000000000954858e+00 -1.9065479698091733e-12 9.9999997538180452e-07 1.4999999629294780e-06
9.6874999999978406e-01 9.9999999983286947e-01 -1.6909995331402241e-12 1.0000000013610233e-06 1.5000000022922306e-06
9.7125000000000083e-01 9.9999999999600075e-01 1.1928691709440918e-12 1.0000000071341830e-06 1.5000000107072732e-06
9.7375000000000078e-01 1.0000000000011517e+00 1.2530584070251076e-12 9.9999999403355133e-07 1.4999999910485993e-06
9.7624999999999995e-01 9.9999999999984546e-01 3.7761750749665119e-13 9.9999999042532650e-07 1.4999999856382214e-06
9.7875000000000001e-01 1.0000000000004359e+00 2.0580860078178272e-13 9.9999998226518727e-07 1.4999999733971270e-06
9.8124999999993523e-01 1.0000000000506570e+00 -5.1571761625076878e-13 9.9999997782429517e-07 1.4999999666604571e-06
9.8374999999989288e-01 9.9999999998269629e-01 -8.1484927226919174e-13 9.9999999159106068e-07 1.4999999874125462e-06
9.8624999999995766e-01 9.9999999996592104e-01 -4.3348328798918612e-13 9.9999999242372795e-07 1.4999999886867101e-06
9.8875000000000002e-01 9.9999999999970945e-01 3.5460779175681413e-13 1.0000000087440064e-06 1.5000000131164452e-06
9.9124999999999996e-01 9.9999999999945843e-01 9.4452039064664000e-13 9.9999998398603296e-07 1.4999999759798615e-06
9.9374999999999969e-01 1.0000000000024383e+00 4.0141023684177985e-13 9.9999998492972253e-07 1.4999999773909263e-06
9.9624999999984909e-01 1.0000000001159957e+00 -1.1222090211851827e-12 9.9999998093291964e-07 1.4999999712253858e-06
9.9874999999984937e-01 9.9999999988177968e-01 -1.5432073053510735e-12 9.9999999791933192e-07 1.4999999970563282e-06
