1.2499999999999998e-03 1.0000000000000002e+01 0.0000000000000000e+00 1.3333333333333343e+01 2.0000000000000009e+00
3.7499999999999994e-03 1.0000000000000002e+01 0.0000000000000000e+00 1.3333333333333343e+01 2.0000000000000009e+00
6.2499999999999986e-03 1.0000000000000000e+01 4.9112444942038145e-17 1.3333333333333339e+01 2.0000000000000004e+00
8.7499999999999991e-03 1.0000000000000004e+01 -2.0814851732410331e-16 1.3333333333333339e+01 2.0000000000000000e+00
1.1250000000000000e-02 9.9999999999999929e+00 6.2592545072192954e-16 1.3333333333333329e+01 2.0000000000000004e+00
1.3749999999999998e-02 1.0000000000000004e+01 -4.0908967700280332e-16 1.3333333333333346e+01 2.0000000000000009e+00
1.6250000000000001e-02 9.9999999999999929e+00 2.9288108354231638e-16 1.3333333333333325e+01 2.0000000000000000e+00
1.8749999999999999e-02 1.0000000000000011e+01 -4.4642619063250644e-16 1.3333333333333357e+01 2.0000000000000013e+00
2.1249999999999998e-02 9.9999999999999840e+00 5.6067117931228899e-16 1.3333333333333320e+01 2.0000000000000009e+00
2.3750000000000000e-02 1.0000000000000000e+01 -1.0769060232585530e-16 1.3333333333333341e+01 2.0000000000000009e+00
2.6250000000000002e-02 9.9999999999999947e+00 -1.7088399644954456e-16 1.3333333333333346e+01 2.0000000000000027e+00
2.8749999999999998e-02 1.0000000000000011e+01 -5.9268066550101816e-16 1.3333333333333357e+01 2.0000000000000013e+00
3.1250000000000000e-02 9.9999999999999858e+00 6.2803518594600370e-16 1.3333333333333318e+01 2.0000000000000004e+00
3.3750000000000002e-02 1.0000000000000000e+01 1.1724556679601098e-16 1.3333333333333341e+01 2.0000000000000009e+00
3.6250000000000004e-02 1.0000000000000000e+01 -5.8240815919504036e-17 1.3333333333333341e+01 2.0000000000000009e+00
3.8749999999999993e-02 1.0000000000000028e+01 -8.8746675921144231e-16 1.3333333333333371e+01 1.9999999999999998e+00
4.1249999999999995e-02 9.9999999999999716e+00 1.1166466942459854e-15 1.3333333333333304e+01 2.0000000000000009e+00
4.3749999999999997e-02 1.0000000000000000e+01 1.5500037658524137e-16 1.3333333333333341e+01 2.0000000000000009e+00
4.6249999999999999e-02 1.0000000000000028e+01 -9.0356567864314267e-16 1.3333333333333371e+01 1.9999999999999998e+00
4.8750000000000002e-02 9.9999999999999716e+00 1.2520422708537756e-15 1.3333333333333304e+01 2.0000000000000009e+00
5.1249999999999990e-02 1.0000000000000053e+01 -2.0881679894997049e-15 1.3333333333333410e+01 2.0000000000000004e+00
5.3749999999999992e-02 9.9999999999999449e+00 2.5323883389665074e-15 1.3333333333333263e+01 2.0000000000000004e+00
5.6249999999999994e-02 1.0000000000000028e+01 -1.0884075848841407e-15 1.3333333333333371e+01 1.9999999999999998e+00
5.8749999999999997e-02 1.0000000000000000e+01 1.2339539549135309e-16 1.3333333333333341e+01 2.0000000000000009e+00
6.1249999999999999e-02 9.9999999999999716e+00 1.2978746757598573e-15 1.3333333333333304e+01 2.0000000000000009e+00
6.3750000000000001e-02 1.0000000000000000e+01 1.6291347511990968e-16 1.3333333333333341e+01 2.0000000000000009e+00
6.6250000000000003e-02 1.0000000000000000e+01 -2.5266467827474336e-17 1.3333333333333341e+01 2.0000000000000009e+00
6.8750000000000006e-02 1.0000000000000000e+01 6.4848391230996343e-17 1.3333333333333341e+01 2.0000000000000009e+00
7.1249999999999994e-02 1.0000000000000053e+01 -2.3334890300388602e-15 1.3333333333333410e+01 2.0000000000000004e+00
7.3749999999999982e-02 9.9999999999999449e+00 2.5183148368588553e-15 1.3333333333333263e+01 2.0000000000000004e+00
7.6249999999999998e-02 1.0000000000000000e+01 1.6865986025088948e-16 1.3333333333333341e+01 2.0000000000000009e+00
7.8749999999999987e-02 1.0000000000000053e+01 -2.1670543372497011e-15 1.3333333333333410e+01 2.0000000000000004e+00
8.1249999999999989e-02 9.9999999999999449e+00 2.5429750566295664e-15 1.3333333333333263e+01 2.0000000000000004e+00
8.3750000000000005e-02 1.0000000000000000e+01 1.8273280221056353e-16 1.3333333333333341e+01 2.0000000000000009e+00
8.6249999999999993e-02 1.0000000000000053e+01 -2.1899156398782179e-15 1.3333333333333410e+01 2.0000000000000004e+00
8.8749999999999996e-02 9.9999999999999432e+00 2.5961603878025324e-15 1.3333333333333263e+01 2.0000000000000004e+00
9.1249999999999998e-02 1.0000000000000000e+01 5.7306808069462500e-17 1.3333333333333341e+01 2.0000000000000009e+00
9.3750000000000000e-02 1.0000000000000053e+01 -2.1882124012570637e-15 1.3333333333333410e+01 2.0000000000000004e+00
9.6250000000000002e-02 9.9999999999999449e+00 2.5387299323538483e-15 1.3333333333333263e+01 2.0000000000000004e+00
9.8750000000000004e-02 1.0000000000000000e+01 1.8013180730773623e-16 1.3333333333333341e+01 2.0000000000000009e+00
1.0125000000000001e-01 1.0000000000000053e+01 -2.1815527342288214e-15 1.3333333333333410e+01 2.0000000000000004e+00
1.0374999999999998e-01 1.0000000000000053e+01 -2.4211596327750452e-15 1.3333333333333410e+01 2.0000000000000004e+00
1.0624999999999998e-01 9.9999999999999449e+00 2.6468724192195191e-15 1.3333333333333263e+01 2.0000000000000004e+00
1.0874999999999999e-01 9.9999999999999449e+00 2.3952492984423978e-15 1.3333333333333263e+01 2.0000000000000004e+00
1.1124999999999999e-01 1.0000000000000108e+01 -4.7493607986832083e-15 1.3333333333333485e+01 2.0000000000000009e+00
1.1374999999999999e-01 9.9999999999999449e+00 2.6918354006163240e-15 1.3333333333333263e+01 2.0000000000000004e+00
1.1624999999999999e-01 9.9999999999999449e+00 2.4936074899812771e-15 1.3333333333333263e+01 2.0000000000000004e+00
1.1874999999999999e-01 1.0000000000000053e+01 -2.0620036652497748e-15 1.3333333333333410e+01 2.0000000000000004e+00
1.2125000000000000e-01 9.9999999999999449e+00 2.5558151742150998e-15 1.3333333333333263e+01 2.0000000000000004e+00
1.2375000000000000e-01 1.0000000000000000e+01 2.2119639999191951e-16 1.3333333333333341e+01 2.0000000000000009e+00
1.2625000000000000e-01 1.0000000000000000e+01 1.5236025895682301e-17 1.3333333333333341e+01 2.0000000000000009e+00
1.2875000000000000e-01 1.0000000000000000e+01 -1.7604873156101084e-17 1.3333333333333341e+01 2.0000000000000009e+00
1.3125000000000001e-01 1.0000000000000000e+01 -3.4984822869148180e-17 1.3333333333333341e+01 2.0000000000000009e+00
1.3375000000000001e-01 1.0000000000000000e+01 -3.4923020880079489e-18 1.3333333333333341e+01 2.0000000000000009e+00
1.3625000000000001e-01 1.0000000000000000e+01 -1.0505407200193166e-16 1.3333333333333341e+01 2.0000000000000009e+00
1.3875000000000001e-01 1.0000000000000000e+01 4.1117917538917295e-16 1.3333333333333341e+01 2.0000000000000009e+00
1.4125000000000001e-01 1.0000000000000000e+01 -3.5315426579358611e-15 1.3333333333333341e+01 2.0000000000000009e+00
1.4375000002814509e-01 9.9999997748392193e+00 1.6124141911603954e-08 1.3333332832975186e+01 1.9999999699784332e+00
1.4625000016660827e-01 9.9999991174553333e+00 6.3200323756201611e-08 1.3333331372123064e+01 1.9999998823273824e+00
1.4875000049216008e-01 9.9999982781303238e+00 1.2330569500233327e-07 1.3333329506955554e+01 1.9999997704172285e+00
1.5125000097047886e-01 9.9999978953201882e+00 1.5071920818202251e-07 1.3333328656266820e+01 1.9999997193759260e+00
1.5375000133332450e-01 9.9999992019149548e+00 5.7154275150328842e-08 1.3333331559809141e+01 1.9999998935883716e+00
1.5625000097164754e-01 1.0000003691501608e+01 -2.6433865611174518e-07 1.3333341536671728e+01 2.0000004922002557e+00
1.5874999900779696e-01 1.0000012019314569e+01 -8.6070215274834476e-07 1.3333360042933263e+01 2.0000016025751490e+00
1.6124999473793133e-01 1.0000022139657627e+01 -1.5854536157643518e-06 1.3333382532612807e+01 2.0000029519538600e+00
1.6374998856546452e-01 1.0000027240168375e+01 -1.9505646241080319e-06 1.3333393867100350e+01 2.0000036320214836e+00
1.6624998329230559e-01 1.0000014945174703e+01 -1.0723046661640833e-06 1.3333366544857695e+01 2.0000019926907355e+00
1.6874998535572452e-01 9.9999685475642117e+00 2.2311294936495911e-06 1.3333263439165773e+01 1.9999958063488334e+00
1.7125000576138966e-01 9.9998682084884454e+00 9.3502035656756519e-06 1.3333040464892498e+01 1.9999824278045990e+00
1.7375006112206703e-01 9.9996889146367050e+00 2.2059030477609653e-05 1.3332642040804691e+01 1.9999585219030396e+00
1.7625017575897212e-01 9.9993940248361479e+00 4.3018625281411440e-05 1.3331986752511522e+01 1.9999192030134019e+00
1.7875038607407695e-01 9.9989235683549254e+00 7.6575222975251304e-05 1.3330941358591707e+01 1.9998564746682499e+00
1.8125074854632239e-01 9.9981769881537836e+00 1.2997749695959365e-04 1.3329282468087017e+01 1.9997569282700314e+00
1.8375135256571740e-01 9.9969917788084928e+00 2.1490996406035745e-04 1.3326649134367443e+01 1.9995988937317801e+00
1.8625233894454762e-01 9.9951196379324969e+00 3.4913794240508194e-04 1.3322490013305242e+01 1.9993492568230551e+00
1.8875392495718191e-01 9.9921985639994855e+00 5.5855879566737380e-04 1.3316001708477195e+01 1.9989597319131918e+00
1.9125643731080746e-01 9.9877183645060210e+00 8.7976927693913273e-04 1.3306052874513268e+01 1.9983622468470603e+00
1.9376035449787127e-01 9.9809822980651148e+00 1.3628723802285628e-03 1.3291100505968673e+01 1.9974637929993997e+00
1.9626635891187894e-01 9.9710716766187204e+00 2.0741171814005260e-03 1.3269114196134144e+01 1.9961416324860608e+00
1.9877539724705540e-01 9.9568230422958912e+00 3.0977481819989268e-03 1.3237530621479429e+01 1.9942401153330713e+00
2.0128874522397155e-01 9.9368302245547859e+00 4.5362324656101531e-03 1.3193266669932585e+01 1.9915707079302092e+00
2.0380806970589635e-01 9.9094850348644048e+00 6.5079227732885055e-03 1.3132822678100325e+01 1.9879170257428054e+00
2.0633547811993450e-01 9.8730693892931818e+00 9.1412472539514449e-03 1.3052504176134018e+01 1.9830465574802041e+00
2.0887354254171159e-01 9.8259050991631316e+00 1.2564895950394766e-02 1.2948773978545981e+01 1.9767299573729074e+00
2.1142528463454402e-01 9.7665578864534961e+00 1.6894019443329862e-02 1.2818721838296186e+01 1.9687676027717191e+00
2.1399410813198846e-01 9.6940813456846158e+00 2.2213053157907951e-02 1.2660611172413358e+01 1.9590218073705319e+00
2.1658366698423875e-01 9.6082820848762545e+00 2.8555948289115649e-02 1.2474449296167540e+01 1.9474526017199356e+00
2.1919766133527446e-01 9.5099663019006719e+00 3.5886099492695715e-02 1.2262481540044627e+01 1.9341522068685721e+00
2.2183957366409929e-01 9.4010327320120322e+00 4.4085713119307403e-02 1.2029312212249396e+01 1.9193602269813901e+00
2.2451240614856072e-01 9.2841932900944695e+00 5.2971960740550994e-02 1.1781203664746835e+01 1.9034292958952856e+00
2.2721851860834341e-01 9.1623277289193155e+00 6.2342049350943056e-02 1.1524620625358342e+01 1.8867400784490911e+00
2.2995962537779757e-01 9.0378656582185801e+00 7.2019510319266969e-02 1.1264901282556474e+01 1.8696175140055449e+00
2.3273691399859367e-01 8.9125347299083568e+00 8.1875268569760143e-02 1.1005762469445287e+01 1.8522950209404321e+00
2.3555120072776309e-01 8.7874312853461518e+00 9.1824718938321032e-02 1.0749502602361707e+01 1.8349223316751544e+00
2.3840306307145448e-01 8.6632045341510135e+00 1.0181550357855773e-01 1.0497432193557378e+01 1.8175893490986559e+00
2.4129293231223520e-01 8.5402224893869523e+00 1.1181590365650192e-01 1.0250248835345738e+01 1.8003480907114289e+00
2.4422115201855982e-01 8.4186858145916279e+00 1.2180668184279016e-01 1.0008290227363878e+01 1.7832278899190674e+00
2.4718801345621133e-01 8.2986977096003862e+00 1.3177599538259477e-01 9.7716876997547253e+00 1.7662447847299527e+00
2.5019377671482151e-01 8.1803049754247272e+00 1.4171636823528047e-01 9.5404555301757998e+00 1.7494070622373925e+00
2.5323868330646321e-01 8.0635218490784695e+00 1.5162291234046538e-01 9.3145422753000293e+00 1.7327184913062268e+00
2.5632296371583907e-01 7.9483438435485345e+00 1.6149228196163726e-01 9.0938602647946443e+00 1.7161802088197080e+00
2.5944684195569789e-01 7.8347558154433345e+00 1.7132205628909161e-01 8.8783025885435958e+00 1.6997918245984054e+00
2.6261053833882442e-01 7.7227366769282675e+00 1.8111037376338399e-01 8.6677528831305413e+00 1.6835520708013096e+00
2.6581427118625855e-01 7.6122621464190852e+00 1.9085571555547290e-01 8.4620909457415845e+00 1.6674591828899907e+00
2.6905825790309718e-01 7.5033063419508723e+00 2.0055677796889396e-01 8.2611959196497260e+00 1.6515111225290449e+00
2.7234271568195734e-01 7.3958426955091214e+00 2.1021239802091285e-01 8.0649480651638736e+00 1.6357057060031259e+00
2.7566786199126925e-01 7.2898444650390726e+00 2.1982151079834622e-01 7.8732297091285774e+00 1.6200406771819331e+00
2.7903391494391494e-01 7.1852850115063971e+00 2.2938312572111166e-01 7.6859257209485179e+00 1.6045137476050850e+00
2.8244109360346981e-01 7.0821379409296332e+00 2.3889631396442262e-01 7.5029237193314140e+00 1.5891226170497068e+00
2.8588961826274706e-01 6.9803771668511878e+00 2.4836020237263931e-01 7.3241141289653635e+00 1.5738649833449974e+00
2.8937971071541541e-01 6.8799769306707095e+00 2.5777397107810973e-01 7.1493901563764046e+00 1.5587385455839231e+00
2.9291159453287169e-01 6.7809117977642765e+00 2.6713685316003366e-01 6.9786477245859304e+00 1.5437410040240123e+00
2.9648549535368318e-01 6.6831566423658249e+00 2.7644813537762092e-01 6.8117853890186408e+00 1.5288700580136216e+00
3.0010164119025728e-01 6.5866866252468306e+00 2.8570715940882502e-01 6.6487042466525708e+00 1.5141234033743214e+00
3.0376026275477130e-01 6.4914771735910222e+00 2.9491332329833519e-01 6.4893078451462456e+00 1.4994987284742518e+00
3.0746159380713900e-01 6.3975039530073650e+00 3.0406608292827730e-01 6.3335020945334133e+00 1.4849937118576066e+00
3.1120587152551205e-01 6.3047428507807632e+00 3.1316495345640610e-01 6.1811951833523366e+00 1.4706060174809998e+00
3.1499333690079140e-01 6.2131699485758833e+00 3.2220951065825670e-01 6.0322974989844296e+00 1.4563332925651957e+00
3.1882423515678077e-01 6.1227615057843172e+00 3.3119939218726591e-01 5.8867215526260370e+00 1.4421731633017336e+00
3.2269881619631080e-01 6.0334939373524756e+00 3.4013429873243656e-01 5.7443819083102650e+00 1.4281232320664909e+00
3.2661733507557267e-01 5.9453437957456092e+00 3.4901399508181952e-01 5.6051951159201598e+00 1.4141810739181675e+00
3.3058005250741357e-01 5.8582877527325978e+00 3.5783831108555320e-01 5.4690796479745005e+00 1.4003442333700955e+00
3.3458723539550084e-01 5.7723025817787885e+00 3.6660714250626969e-01 5.3359558400646199e+00 1.3866102212594758e+00
3.3863915740056105e-01 5.6873651427655449e+00 3.7532045174518724e-01 5.2057458351853141e+00 1.3729765114010144e+00
3.4273609954080381e-01 5.6034523650816341e+00 3.8397826840638133e-01 5.0783735318102430e+00 1.3594405379770524e+00
3.4687835082702739e-01 5.5205412378904741e+00 3.9258068967310694e-01 4.9537645365515388e+00 1.3459996918104227e+00
3.5106620893509666e-01 5.4386087932585490e+00 4.0112788043335373e-01 4.8318461210249444e+00 1.3326513189405018e+00
3.5529998091602216e-01 5.3576321033561465e+00 4.0962007310158588e-01 4.7125471845152855e+00 1.3193927168580410e+00
3.5957998394457674e-01 5.2775882692999598e+00 4.1805756705318592e-01 4.5957982220109610e+00 1.3062211338306706e+00
3.6390654610772433e-01 5.1984544231599044e+00 4.2644072757425289e-01 4.4815312995244501e+00 1.2931337667091627e+00
3.6828000723172710e-01 5.1202077285349485e+00 4.3476998420947399e-01 4.3696800366694122e+00 1.2801277609257409e+00
3.7270071974763852e-01 5.0428253919235164e+00 4.4304582837056078e-01 4.2601795986949691e+00 1.2672002104766455e+00
3.7716904959366693e-01 4.9662846762549657e+00 4.5126881002998681e-01 4.1529666980938353e+00 1.2543481602907889e+00
3.8168537714898798e-01 4.8905629337483001e+00 4.5943953331316006e-01 4.0479796093416729e+00 1.2415686080045465e+00
3.8625009819906986e-01 4.8156376289987826e+00 4.6755865076771908e-01 3.9451581950932453e+00 1.2288585123192133e+00
3.9086362491838073e-01 4.7414864116148587e+00 4.7562685597488230e-01 3.8444439512753124e+00 1.2162147955938045e+00
3.9552638686774377e-01 4.6680871544924152e+00 4.8364487436668013e-01 3.7457800654004134e+00 1.2036343607452562e+00
4.0023883199066557e-01 4.5954180667385200e+00 4.9161345162469783e-01 3.6491115001427197e+00 1.1911140990266580e+00
4.0500142759068108e-01 4.5234577768010800e+00 4.9953333963788271e-01 3.5543850943734552e+00 1.1786509136668879e+00
4.0981466127357269e-01 4.4521854822861426e+00 5.0740527914507172e-01 3.4615496943995741e+00 1.1662417395362346e+00
4.1467904182118287e-01 4.3815811029453942e+00 5.1522997888843125e-01 3.3705563111572103e+00 1.1538835748897067e+00
4.1959509996805672e-01 4.3116254862114554e+00 5.2300809021372885e-01 3.2813583144113352e+00 1.1415735173098034e+00
4.2456338903165552e-01 4.2423006520293320e+00 5.3074017625235570e-01 3.1939116686987576e+00 1.1293088104814997e+00
4.2958448533825044e-01 4.1735901013330894e+00 5.3842667383237330e-01 3.1081752271758183e+00 1.1170869030177519e+00
4.3465898835917999e-01 4.1054792110436180e+00 5.4606784527928287e-01 3.0241111081822813e+00 1.1049055248096902e+00
4.3978752043499569e-01 4.0379557580557295e+00 5.5366371511363222e-01 2.9416851990589339e+00 1.0927627896331948e+00
4.4497072589934317e-01 3.9710106479045453e+00 5.6121398328789462e-01 2.8608678632620119e+00 1.0806573377378088e+00
4.5020926931295702e-01 3.9046389537933002e+00 5.6871790216672891e-01 2.7816349628523671e+00 1.0685885413874370e+00
4.5550383236424097e-01 3.8388414216640672e+00 5.7617410045354478e-01 2.7039693397332898e+00 1.0565568003696679e+00
4.6085510883147335e-01 3.7736265178520014e+00 5.8358034273968795e-01 2.6278628220384759e+00 1.0445639531125182e+00
4.6626379695634540e-01 3.7090128484380402e+00 5.9093324730310748e-01 2.5533184772679691e+00 1.0326137633939052e+00
4.7173058914991484e-01 3.6450306893723718e+00 5.9822810214187239e-01 2.4803516897665627e+00 1.0207122660167427e+00
4.7725616130689796e-01 3.5817188757676734e+00 6.0545921441187678e-01 2.4089859046163484e+00 1.0088672456600998e+00
4.8284117076254113e-01 3.5191074796081252e+00 6.1262189283743584e-01 2.3392328954285611e+00 9.9708501757200496e-01
4.8848628820199230e-01 3.4571655577750007e+00 6.1971845500293288e-01 2.2710361672467236e+00 9.8536046189888338e-01
4.9419232466223528e-01 3.3956711309663188e+00 6.2677320697361616e-01 2.2041343411321144e+00 9.7365185973039547e-01
4.9996059837196594e-01 3.3339023763019666e+00 6.3386805389062650e-01 2.1377438066971992e+00 9.6182051785290812e-01
5.0579386332459153e-01 3.2699660695875075e+00 6.4121911190534941e-01 2.0698841031519821e+00 9.4949797296203564e-01
5.1169616859140121e-01 3.2036371080423858e+00 6.4885155970768071e-01 2.0004092077236768e+00 9.3662724908910477e-01
5.1767073479201653e-01 3.1370779097792405e+00 6.5652043943496396e-01 1.9316476626819996e+00 9.2362114596857348e-01
5.2371914059913782e-01 3.0713988569205157e+00 6.6409344259332659e-01 1.8647419654459914e+00 9.1069674714063786e-01
5.2984231152551142e-01 3.0067710028403454e+00 6.7154899162043757e-01 1.7998329929173758e+00 8.9788995797343585e-01
5.3604120391262133e-01 2.9430077646014761e+00 6.7890715953235758e-01 1.7366995734721542e+00 8.8516564296628386e-01
5.4231696789299089e-01 2.8800097501290129e+00 6.8617809235526239e-01 1.6752156936648055e+00 8.7250521995095454e-01
5.4867060510721832e-01 2.8181579720718291e+00 6.9331649643454030e-01 1.6157203406006564e+00 8.5998745809101595e-01
5.5510199960957940e-01 2.7588057517882212e+00 7.0016483769695781e-01 1.5594478242172940e+00 8.4789287350503784e-01
5.6160827427767424e-01 2.7045964066799448e+00 7.0641693146075057e-01 1.5087609892184604e+00 8.3677604475036371e-01
5.6818213602140077e-01 2.6588869826850852e+00 7.1168504291731272e-01 1.4665584304024795e+00 8.2735282090937401e-01
5.7481153567067067e-01 2.6242933678518430e+00 7.1566824168964127e-01 1.4349564294309300e+00 8.2019589368863310e-01
5.8148134623064229e-01 2.6014854284049349e+00 7.1829078746039998e-01 1.4142944495563821e+00 8.1547321048625121e-01
5.8817632501249895e-01 2.5890120445836047e+00 7.1972107667766794e-01 1.4030752893353755e+00 8.1290194783220937e-01
5.9488387998213821e-01 2.5840404061050326e+00 7.2028591986912793e-01 1.3986563976655564e+00 8.1190084781246197e-01
6.0159587731259356e-01 2.5829534922703350e+00 7.2040210466836840e-01 1.3977520945736395e+00 8.1171734145998442e-01
6.0830700278384464e-01 2.5853947622625082e+00 7.2010939978623789e-01 1.4000425978499136e+00 8.1227978312181637e-01
6.1500721492583754e-01 2.5983457137952692e+00 7.1860243951449632e-01 1.4118604886405328e+00 8.1505348642288700e-01
6.2168502903901213e-01 2.6169978171930057e+00 7.1643599194361585e-01 1.4289151165952561e+00 8.1901966475152332e-01
6.2834219694904703e-01 2.6276852573450986e+00 7.1518674488568390e-01 1.4387872571156048e+00 8.2132396931508500e-01
6.3498851186939820e-01 2.6326420540873281e+00 7.1459580445405768e-01 1.4434673312464363e+00 8.2244412737692740e-01
6.4163009846930175e-01 2.6346914534507495e+00 7.1433846607637219e-01 1.4455131632074432e+00 8.2296913438243569e-01
6.4826987973897787e-01 2.6355355921562253e+00 7.1421555745251053e-01 1.4464922149517128e+00 8.2326276635574824e-01
6.5490910095737065e-01 2.6358589011187079e+00 7.1415033435057473e-01 1.4470179762219790e+00 8.2346098397442902e-01
6.6154830683608279e-01 2.6359974040394718e+00 7.1409851727065654e-01 1.4474335934925011e+00 8.2365422170432478e-01
6.6818751044234115e-01 2.6363739870600820e+00 7.1401670155668406e-01 1.4480906830930873e+00 8.2391042974212469e-01
6.7482627794521521e-01 2.6372406118446228e+00 7.1386497460816056e-01 1.4493040586635488e+00 8.2432982346451333e-01
6.8146456778411690e-01 2.6377859846424254e+00 7.1374775208728913e-01 1.4502380199783211e+00 8.2469049522316340e-01
6.8810321762372273e-01 2.6376462177816391e+00 7.1368475509059681e-01 1.4507483987131391e+00 8.2502444164020994e-01
6.9474439739513638e-01 2.6352484794766857e+00 7.1388551532092037e-01 1.4491749716216207e+00 8.2487950353133388e-01
7.0139126350860970e-01 2.6309474882913202e+00 7.1425562046728253e-01 1.4462499349269984e+00 8.2456031982584610e-01
7.0804377801947538e-01 2.6289078189793913e+00 7.1437266171718439e-01 1.4453298342297003e+00 8.2467507445210486e-01
7.1469981452062381e-01 2.6281984408286596e+00 7.1424658854346590e-01 1.4463765695725057e+00 8.2549506941899864e-01
7.2135827803592978e-01 2.6283118499588216e+00 7.1402800268378952e-01 1.4480817823257572e+00 8.2643262956892527e-01
7.2801963197634467e-01 2.6280898562747170e+00 7.1367897146535919e-01 1.4508837496895850e+00 8.2810167975736204e-01
7.3468677755902845e-01 2.6253305736360222e+00 7.1361372429916325e-01 1.4514506711912230e+00 8.2929594796570538e-01
7.4136782428069559e-01 2.6160049749222138e+00 7.1398485344777796e-01 1.4485087146691247e+00 8.3056534403887872e-01
7.4807163702390467e-01 2.6040168655257276e+00 7.1453986109273881e-01 1.4441295466964166e+00 8.3186647088297161e-01
7.5480287877172692e-01 2.5933172190938230e+00 7.1435896307429680e-01 1.4456331134856855e+00 8.3616830762657113e-01
7.6157248027961710e-01 2.5772754466464174e+00 7.1382955078755517e-01 1.4498649261432208e+00 8.4383583913962479e-01
7.6842064548939304e-01 2.5363635028615406e+00 7.1379727981768093e-01 1.4501722695825272e+00 8.5762880672255803e-01
7.7555035366894287e-01 2.3786108662925591e+00 7.1422995025813729e-01 1.4469396421825114e+00 9.1246932990627960e-01
7.8248328708981374e-01 2.6887441315912364e+00 7.1404259995944819e-01 1.4484382045020323e+00 8.0805654998017207e-01
7.8600612771818634e-01 3.2644897244038922e+00 7.1408637404549258e-01 1.4481380472070131e+00 6.6540478120425772e-01
7.8644866084018517e-01 5.0154977952820001e+00 7.1407972731499725e-01 1.4482019638507615e+00 4.3311811398254291e-01
7.8678174561323466e-01 5.5172266873103784e+00 7.1407663883262773e-01 1.4482441829112138e+00 3.9374243573555950e-01
7.8710195995482368e-01 5.4149994181078949e+00 7.1407205168124532e-01 1.4482864872339589e+00 4.0118743569690479e-01
7.8742517408900425e-01 5.4148868244239585e+00 7.1406764616532903e-01 1.4483247757898017e+00 4.0120638420098720e-01
7.8774677837744711e-01 5.4695384011414641e+00 7.1406526564967199e-01 1.4483445925969249e+00 3.9720296843367886e-01
7.8807148733697052e-01 5.3128422908561852e+00 7.1406506913218482e-01 1.4483469263063105e+00 4.0891866735787397e-01
7.8840809630011099e-01 5.0908750658680697e+00 7.1406747523055714e-01 1.4483266605822034e+00 4.2674195747580440e-01
7.8876067766757552e-01 4.8431662558437818e+00 7.1406913130640526e-01 1.4483186613064798e+00 4.4856564429073637e-01
7.8912679821094189e-01 4.7191414680215233e+00 7.1407207925810035e-01 1.4483197692269840e+00 4.6035484813539129e-01
7.8949880606768852e-01 4.6903143628237016e+00 7.1407297352686416e-01 1.4483144494361153e+00 4.6318253023157352e-01
7.8987144019585442e-01 4.7032216239047031e+00 7.1407724810121709e-01 1.4482749903851000e+00 4.6189881304680513e-01
7.9024291795102308e-01 4.7195565374246380e+00 7.1407434477986376e-01 1.4483004239989474e+00 4.6030821302203984e-01
7.9061294899703749e-01 4.7400650402259563e+00 7.1407912415160391e-01 1.4482567994992213e+00 4.5830282513281195e-01
7.9098129757373115e-01 4.7627159778596546e+00 7.1408267201091791e-01 1.4482297407751239e+00 4.5611466677022561e-01
7.9134771197249953e-01 4.7901970142397632e+00 7.1408699912693085e-01 1.4481998679414725e+00 4.5348861340246305e-01
7.9171208957552364e-01 4.8160449723757717e+00 7.1409122625627741e-01 1.4481763364385840e+00 4.5104738787069304e-01
7.9207459864701957e-01 4.8396545626918543e+00 7.1409340088030782e-01 1.4481714217949475e+00 4.4884549187415446e-01
7.9243541765167347e-01 4.8612501677192652e+00 7.1409290724924546e-01 1.4481861615681091e+00 4.4685608997804854e-01
7.9279471177087535e-01 4.8808441168743109e+00 7.1408963751018251e-01 1.4482200111519004e+00 4.4507260726019843e-01
7.9315262587814694e-01 4.8988661628149117e+00 7.1408452770169950e-01 1.4482691046939513e+00 4.4345029744447095e-01
7.9350924590315575e-01 4.9164063932576667e+00 7.1407897903796624e-01 1.4483255998517810e+00 4.4188543948624964e-01
7.9386461331604485e-01 4.9335317796674358e+00 7.1407476635978595e-01 1.4483763989549114e+00 4.4036700186794320e-01
7.9421875504163797e-01 4.9505408962028348e+00 7.1407281725803839e-01 1.4484124093067621e+00 4.3886489567767950e-01
7.9457169711084719e-01 4.9671382355483900e+00 7.1407312168630244e-01 1.4484304382612951e+00 4.3740390429300680e-01
7.9492350049058591e-01 4.9826231463733492e+00 7.1407485384090885e-01 1.4484343249697771e+00 4.3604571801422526e-01
7.9527425884566438e-01 4.9967495134936071e+00 7.1407699597569296e-01 1.4484277590412669e+00 4.3481099716820537e-01
7.9562408103626003e-01 5.0092949855656865e+00 7.1407894006809147e-01 1.4484188474499786e+00 4.3371937117606552e-01
7.9597307780894644e-01 5.0203877999318482e+00 7.1408023487038486e-01 1.4484097759592292e+00 4.3275833471835318e-01
7.9632134431448742e-01 5.0303027383023382e+00 7.1408175414001329e-01 1.4484066638754647e+00 4.3190442182937566e-01
7.9666895976522301e-01 5.0391867175716811e+00 7.1408340116280411e-01 1.4483991353298651e+00 4.3114074249698459e-01
7.9701599166347115e-01 5.0471928578528864e+00 7.1408730309212509e-01 1.4483939010144464e+00 4.3045528726752597e-01
7.9736250344378146e-01 5.0542707692264139e+00 7.1409077999206438e-01 1.4483649231587079e+00 4.2984388528725043e-01
7.9770855391587281e-01 5.0605778170018105e+00 7.1409815138242261e-01 1.4483529177409946e+00 4.2930460812449839e-01
7.9805420655524728e-01 5.0658405140714358e+00 7.1410037957626649e-01 1.4482998121094439e+00 4.2884289628339667e-01
7.9839952728376118e-01 5.0702396743308267e+00 7.1410769868170731e-01 1.4483064404138986e+00 4.2847277449612287e-01
7.9874458545439730e-01 5.0735141718238816e+00 7.1410553401080246e-01 1.4482652814139305e+00 4.2818406503828460e-01
7.9908946869122421e-01 5.0753822951594829e+00 7.1410794906958086e-01 1.4483112276717016e+00 4.2804004017184821e-01
7.9943424721210099e-01 5.0766287839975721e+00 7.1410115434165466e-01 1.4483349900631111e+00 4.2794196257618378e-01
7.9977895832312962e-01 5.0774028399731073e+00 7.1410316966165210e-01 1.4483807889874492e+00 4.2789025254743834e-01
8.0012363853402602e-01 5.0776470073356554e+00 7.1408655904499507e-01 1.4485315090196185e+00 4.2791420128071062e-01
8.0046832897425646e-01 5.0772235220735507e+00 7.1408667456062802e-01 1.4485414375767702e+00 4.2795282636636284e-01
8.0081304123606756e-01 5.0770270992786024e+00 7.1408345718225674e-01 1.4485925262987218e+00 4.2798447732469846e-01
8.0115776612175371e-01 5.0769213091943284e+00 7.1407726044789033e-01 1.4486441818628759e+00 4.2800865730557247e-01
8.0150253156636997e-01 5.0758019551305678e+00 7.1408761121762931e-01 1.4485682802603728e+00 4.2808061457052360e-01
8.0184736533175305e-01 5.0748485917954955e+00 7.1408553194972069e-01 1.4485885668991609e+00 4.2816703021675157e-01
8.0219225080726608e-01 5.0742528395287430e+00 7.1409127999903044e-01 1.4485611825707851e+00 4.2820920489605996e-01
8.0253716710957090e-01 5.0738916384353479e+00 7.1409227584523305e-01 1.4485590417044607e+00 4.2823905542191204e-01
8.0288211835517687e-01 5.0731884739058044e+00 7.1409620376285710e-01 1.4485356219300665e+00 4.2829148652194204e-01
8.0322712221500436e-01 5.0723238900901464e+00 7.1409502394504132e-01 1.4485582481461001e+00 4.2837118040987987e-01
8.0357217430190375e-01 5.0717571305349702e+00 7.1409800147736024e-01 1.4485318446034519e+00 4.2841124111082785e-01
8.0391727936355029e-01 5.0707006589211989e+00 7.1410397661711178e-01 1.4484848051159827e+00 4.2848658475853030e-01
8.0426246446239535e-01 5.0693101484264833e+00 7.1411090809923905e-01 1.4484324787540834e+00 4.2858863524172341e-01
8.0460773914216699e-01 5.0679990107660409e+00 7.1411356520794511e-01 1.4484105712116082e+00 4.2869303095799455e-01
8.0495308206543725e-01 5.0672348118922184e+00 7.1412065521770351e-01 1.4483664490455623e+00 4.2874462191284657e-01
8.0529847552319711e-01 5.0664748186095494e+00 7.1411916002911335e-01 1.4483968209593461e+00 4.2881792749840791e-01
8.0564392480925218e-01 5.0656313729187170e+00 7.1411601427816584e-01 1.4484533243165487e+00 4.2890605859916087e-01
8.0598942851544642e-01 5.0649780382563190e+00 7.1410572776758219e-01 1.4485420096800508e+00 4.2898764774666098e-01
8.0633496392499593e-01 5.0647804590390830e+00 7.1410536118238277e-01 1.4485691791038502e+00 4.2901242931031613e-01
8.0668051045702760e-01 5.0647534262295721e+00 7.1409198157986931e-01 1.4486943132131125e+00 4.2905177941453654e-01
8.0702608386992503e-01 5.0640616113142833e+00 7.1409600488043778e-01 1.4486818252865887e+00 4.2910669433303267e-01
8.0737169812000287e-01 5.0635634519883137e+00 7.1409105350045587e-01 1.4487332120475209e+00 4.2916413286338267e-01
8.0771733529216827e-01 5.0633704480461788e+00 7.1409864674299683e-01 1.4486890740647860e+00 4.2916741593254254e-01
8.0806298306010382e-01 5.0631858783672330e+00 7.1410015291061857e-01 1.4486992047416458e+00 4.2918606176339502e-01
8.0840864741689034e-01 5.0628412856671563e+00 7.1410450007605353e-01 1.4486762878632258e+00 4.2920848377108256e-01
8.0875432979851380e-01 5.0625780201515997e+00 7.1411097705338444e-01 1.4486607716514832e+00 4.2922620625847741e-01
8.0910000726539955e-01 5.0629599202571907e+00 7.1410793395522110e-01 1.4487001891894415e+00 4.2920550784723072e-01
8.0944566748657332e-01 5.0630899398522855e+00 7.1411006256114673e-01 1.4487062591508131e+00 4.2919628419431510e-01
8.0979132372953533e-01 5.0630404531517410e+00 7.1411281432383711e-01 1.4486953008833565e+00 4.2919723265736820e-01
8.1013698333133943e-01 5.0629010634117488e+00 7.1412232581196045e-01 1.4486451210010314e+00 4.2919418220612909e-01
8.1048263281915189e-01 5.0632253277592225e+00 7.1412791642536089e-01 1.4486121236722935e+00 4.2915691971980341e-01
8.1082826609042224e-01 5.0632835128765112e+00 7.1413488054395202e-01 1.4485753094324365e+00 4.2914108179461308e-01
8.1117389734601997e-01 5.0631767969657853e+00 7.1414249635655025e-01 1.4485244906889585e+00 4.2913507135194756e-01
8.1151953153352574e-01 5.0630683100843585e+00 7.1415240309243333e-01 1.4484812897544459e+00 4.2913146763280940e-01
8.1186514767821683e-01 5.0636997739707059e+00 7.1414326823773588e-01 1.4485802461894486e+00 4.2910726667752536e-01
8.1221073363719909e-01 5.0640657327131358e+00 7.1413710437961431e-01 1.4486666763346361e+00 4.2910185791323491e-01
8.1255630147350155e-01 5.0643505796606583e+00 7.1412705260897658e-01 1.4487780297240491e+00 4.2911070440381882e-01
8.1290185666450498e-01 5.0645533395208915e+00 7.1412125628374234e-01 1.4488677215428145e+00 4.2912008949634572e-01
8.1324738878991765e-01 5.0650952018088597e+00 7.1411777812413224e-01 1.4489200939487525e+00 4.2908969216352844e-01
8.1359289416821912e-01 5.0653633932565736e+00 7.1411774844726261e-01 1.4489411775226892e+00 4.2907321697342726e-01
8.1393838708365018e-01 5.0654377346191746e+00 7.1412087956694048e-01 1.4489253721642001e+00 4.2906223945711924e-01
8.1428387581668926e-01 5.0653932020579635e+00 7.1413032389776709e-01 1.4488698270356810e+00 4.2904956315544329e-01
8.1462934655690578e-01 5.0659067317422606e+00 7.1412882595335769e-01 1.4488937237067270e+00 4.2901314624334536e-01
8.1497478990569772e-01 5.0661975547917111e+00 7.1413018534024020e-01 1.4489036826044144e+00 4.2899146754571749e-01
8.1532021624229467e-01 5.0664001236023344e+00 7.1412958550794536e-01 1.4489219132870514e+00 4.2897971279561092e-01
8.1566563096687139e-01 5.0665226575199718e+00 7.1413228847427779e-01 1.4489269319364735e+00 4.2897082374216988e-01
8.1601102408993709e-01 5.0670036048071454e+00 7.1413368507127473e-01 1.4489277059751176e+00 4.2893033604727371e-01
8.1635639222422662e-01 5.0672104564542577e+00 7.1413843413584244e-01 1.4489025128411230e+00 4.2890536873072216e-01
8.1670174931851836e-01 5.0672367665117397e+00 7.1414597919607048e-01 1.4488450452631390e+00 4.2888613025887373e-01
8.1704710402095149e-01 5.0671324024770339e+00 7.1415850683305426e-01 1.4487537503610162e+00 4.2886793810226936e-01
8.1739244484246321e-01 5.0675110924320936e+00 7.1416399214780968e-01 1.4487124163596887e+00 4.2882365423626406e-01
8.1773776531405939e-01 5.0676686757032039e+00 7.1416675905316129e-01 1.4486943650048436e+00 4.2880497652221278e-01
8.1808307736959485e-01 5.0677448044573516e+00 7.1416579321607632e-01 1.4487038999494712e+00 4.2880135716638457e-01
8.1842838451664601e-01 5.0678422832934089e+00 7.1416276074923635e-01 1.4487547609613918e+00 4.2880816330966143e-01
8.1877366803182516e-01 5.0685978588989551e+00 7.1414422688258594e-01 1.4489206506597900e+00 4.2879333426972754e-01
8.1911892053208324e-01 5.0689666875592696e+00 7.1413381218713490e-01 1.4490249040237264e+00 4.2879298484444323e-01
8.1946415992431143e-01 5.0691120327994241e+00 7.1412672695948876e-01 1.4490885597284333e+00 4.2879952653014419e-01
8.1980939931699826e-01 5.0689941634696147e+00 7.1413009104977732e-01 1.4490684989600455e+00 4.2880356108997469e-01
8.2015463121920495e-01 5.0692765334790160e+00 7.1413423593275427e-01 1.4490308973766410e+00 4.2876854945872700e-01
8.2049984967946288e-01 5.0693349452233480e+00 7.1413739609882665e-01 1.4489976865394778e+00 4.2875378196448122e-01
8.2084506773638055e-01 5.0692328536414140e+00 7.1414175157615456e-01 1.4489535874573336e+00 4.2874936779137035e-01
8.2119029243938080e-01 5.0690820861353663e+00 7.1414520313777696e-01 1.4489378666959785e+00 4.2875746794247677e-01
8.2153550682423837e-01 5.0695772997637496e+00 7.1413614769457512e-01 1.4490189844759271e+00 4.2873958679260699e-01
8.2188070022268966e-01 5.0697866322083209e+00 7.1413326951613598e-01 1.4490628886979431e+00 4.2873487401581833e-01
8.2222588728459667e-01 5.0697985824747702e+00 7.1413138901676376e-01 1.4490854843390661e+00 4.2874054879071050e-01
8.2257107959739417e-01 5.0695955535705988e+00 7.1413825610147075e-01 1.4490532944908439e+00 4.2874819475596587e-01
8.2291626857233191e-01 5.0697841275747138e+00 7.1414661519729505e-01 1.4489921011123694e+00 4.2871414185998258e-01
8.2326144745518215e-01 5.0697415087974527e+00 7.1415862235618532e-01 1.4489077377366524e+00 4.2869278499378599e-01
8.2360663265876100e-01 5.0693755404259289e+00 7.1417678479157864e-01 1.4487633066107555e+00 4.2868099681830740e-01
8.2395183458591803e-01 5.0689972432850441e+00 7.1419287111724872e-01 1.4486567849259786e+00 4.2868146757577047e-01
8.2429703557159506e-01 5.0692331821816561e+00 7.1419979141406242e-01 1.4486229469231804e+00 4.2865150256307610e-01
8.2464221406703853e-01 5.0696954830611416e+00 7.1418777376468490e-01 1.4487733484971357e+00 4.2865691440573933e-01
8.2498736816650897e-01 5.0702380334339425e+00 7.1416079200313132e-01 1.4490608766709570e+00 4.2869610867841590e-01
8.2533249939414377e-01 5.0708062990172289e+00 7.1412839279630069e-01 1.4494044335997094e+00 4.2874969426872539e-01
8.2567760819403468e-01 5.0711132896718905e+00 7.1413153507711513e-01 1.4494109240496895e+00 4.2872565882179359e-01
8.2602270231377894e-01 5.0711567044884465e+00 7.1413935508000548e-01 1.4493726132409783e+00 4.2871065647354623e-01
8.2636780303621271e-01 5.0706908617939961e+00 7.1416243771936139e-01 1.4491920321286038e+00 4.2869662289446397e-01
8.2671292514245298e-01 5.0702006897224425e+00 7.1418368557102574e-01 1.4490382082283715e+00 4.2869255979323845e-01
8.2705804937405314e-01 5.0704086707861009e+00 7.1419216777127914e-01 1.4490030592804981e+00 4.2866457716588224e-01
8.2740314663259329e-01 5.0711396650938072e+00 7.1416388599234126e-01 1.4492987879634240e+00 4.2869026008277406e-01
8.2774822062408493e-01 5.0714048095844317e+00 7.1414990934941802e-01 1.4494714705917469e+00 4.2871892257123562e-01
8.2809329372138563e-01 5.0712378169644312e+00 7.1415416254900621e-01 1.4494724011822953e+00 4.2873331526678277e-01
8.2843836983966890e-01 5.0710806270306019e+00 7.1418175417651797e-01 1.4492644093370788e+00 4.2868508191686050e-01
8.2878344405475368e-01 5.0709991432430543e+00 7.1419401894320900e-01 1.4491764830840201e+00 4.2866596172127192e-01
8.2912851356272144e-01 5.0712114984341143e+00 7.1418276608897024e-01 1.4493265401083608e+00 4.2869239644882179e-01
8.2947354316738153e-01 5.0729385319105491e+00 7.1409036169911122e-01 1.4502286910200837e+00 4.2881320616176610e-01
8.2981851979472809e-01 5.0734282748499142e+00 7.1409361450261366e-01 1.4503270588934301e+00 4.2880089566349522e-01
8.3016351126902876e-01 5.0722374115490974e+00 7.1412614938426877e-01 1.4497118811194578e+00 4.2871964485098063e-01
8.3050890507782715e-01 5.0576923316191191e+00 7.1462591872118986e-01 1.4428343444226699e+00 4.2791284537095653e-01
8.3085555035809033e-01 5.0390651317793207e+00 7.1366816795242938e-01 1.4340524453866312e+00 4.2688050497977775e-01
8.3120937390261473e-01 4.9299681991565478e+00 7.0404762313364677e-01 1.3820959305483127e+00 4.2051871575503397e-01
8.3164467993843461e-01 3.7700327533089220e+00 6.3825116517084834e-01 8.6791596753136813e-01 3.4532165540323484e-01
8.3244988025130850e-01 2.0941521655211570e+00 3.8873252879158265e-01 2.0458940813623547e-01 1.4654336836501136e-01
8.3402337209578503e-01 1.2178187079598415e+00 7.4962082454961165e-02 1.0738470812546176e-02 1.3226686462883955e-02
8.3627398028056743e-01 1.0186850780315195e+00 1.4372477076771998e-03 3.0908058159885947e-05 4.5511697618480681e-05
8.3875050893447822e-01 1.0004339013686154e+00 1.3217084083498705e-06 1.0018209826867957e-06 1.5020797195840961e-06
8.4124998336285217e-01 9.9998674429576651e-01 -1.7124277563108913e-08 9.9997817332164729e-07 1.4999871433683974e-06
8.4374999996635103e-01 9.9999997308091160e-01 -3.1669406660778251e-11 9.9999995462063396e-07 1.4999999723095824e-06
8.4624999999999972e-01 1.0000000000001332e+00 1.9737305981946349e-12 9.9999999997324451e-07 1.4999999999596669e-06
8.4874999999999967e-01 9.9999999999986677e-01 1.3997576540194778e-15 9.9999999997324451e-07 1.4999999999600665e-06
8.5124999999999995e-01 9.9999999999995559e-01 8.6655770874211731e-15 1.0000000000842668e-06 1.5000000001264667e-06
8.5374999999999990e-01 1.0000000000000888e+00 3.7824689808961447e-15 1.0000000000842668e-06 1.5000000001262670e-06
8.5624999999999973e-01 1.0000000000000000e+00 -2.1017170248374607e-14 9.9999999997324451e-07 1.4999999999598666e-06
8.5874999999999990e-01 9.9999999999995559e-01 -1.0987164996819994e-16 1.0000000000842668e-06 1.5000000001264667e-06
8.6124999999999985e-01 1.0000000000000000e+00 1.6843383558392535e-14 9.9999999997324451e-07 1.4999999999598666e-06
8.6374999999999980e-01 1.0000000000000888e+00 -4.0317304071884726e-15 1.0000000000842668e-06 1.5000000001262670e-06
8.6624999999999985e-01 9.9999999999986677e-01 -1.2867698360396353e-14 9.9999999997324451e-07 1.4999999999600665e-06
8.6874999999999991e-01 1.0000000000000888e+00 -1.9259575937376389e-16 1.0000000000842668e-06 1.5000000001262670e-06
8.7124999999999986e-01 9.9999999999991118e-01 8.3674992668874615e-15 1.0000000000287557e-06 1.5000000000432665e-06
8.7375000000000003e-01 1.0000000000000444e+00 7.9032402977647040e-16 1.0000000000287557e-06 1.5000000000430666e-06
8.7624999999999997e-01 1.0000000000000000e+00 1.2363532167508733e-14 9.9999999997324451e-07 1.4999999999598666e-06
8.7874999999999992e-01 9.9999999999995559e-01 -3.7055491911601081e-15 1.0000000000842668e-06 1.5000000001264667e-06
8.8124999999999987e-01 1.0000000000001332e+00 -4.3294789698455394e-16 9.9999999997324451e-07 1.4999999999596669e-06
8.8374999999999981e-01 9.9999999999986677e-01 -8.6097746366992658e-15 9.9999999997324451e-07 1.4999999999600665e-06
8.8624999999999998e-01 1.0000000000000888e+00 -3.9929589548266749e-15 1.0000000000842668e-06 1.5000000001262670e-06
8.8874999999999993e-01 9.9999999999995559e-01 1.2082488340079026e-14 1.0000000000842668e-06 1.5000000001264667e-06
8.9124999999999976e-01 1.0000000000001332e+00 -1.2160811852753495e-14 9.9999999997324451e-07 1.4999999999596669e-06
8.9374999999999982e-01 9.9999999999982236e-01 -5.0799268369344598e-16 1.0000000000842668e-06 1.5000000001266666e-06
8.9624999999999988e-01 1.0000000000000888e+00 -1.0875528676578528e-16 1.0000000000842668e-06 1.5000000001262670e-06
8.9874999999999972e-01 1.0000000000000000e+00 -3.7390188070825336e-15 9.9999999997324451e-07 1.4999999999598666e-06
9.0124999999999988e-01 9.9999999999995559e-01 1.2549466663563885e-14 1.0000000000842668e-06 1.5000000001264667e-06
9.0374999999999983e-01 1.0000000000000000e+00 -1.4172052794437495e-16 9.9999999997324451e-07 1.4999999999598666e-06
9.0625000000000000e-01 9.9999999999995559e-01 -1.1792486143165154e-14 1.0000000000842668e-06 1.5000000001264667e-06
9.0874999999999995e-01 1.0000000000000000e+00 1.9748788056864901e-14 9.9999999997324451e-07 1.4999999999598666e-06
9.1124999999999989e-01 1.0000000000000888e+00 -1.9937126515262996e-14 1.0000000000842668e-06 1.5000000001262670e-06
9.1374999999999984e-01 9.9999999999991118e-01 7.4984075356575155e-15 1.0000000000287557e-06 1.5000000000432665e-06
9.1625000000000001e-01 1.0000000000000444e+00 5.7436678598035126e-16 1.0000000000287557e-06 1.5000000000430666e-06
9.1874999999999996e-01 1.0000000000000000e+00 4.1761204552998804e-15 9.9999999997324451e-07 1.4999999999598666e-06
9.2124999999999990e-01 9.9999999999995559e-01 2.9210252967666726e-16 1.0000000000842668e-06 1.5000000001264667e-06
9.2375000000000007e-01 1.0000000000000000e+00 4.0750033891421630e-15 9.9999999997324451e-07 1.4999999999598666e-06
9.2625000000000002e-01 1.0000000000000000e+00 -4.2166690218818602e-15 9.9999999997324451e-07 1.4999999999598666e-06
9.2874999999999996e-01 1.0000000000000888e+00 -4.4693191285226852e-15 1.0000000000842668e-06 1.5000000001262670e-06
9.3124999999999991e-01 9.9999999999995559e-01 -4.5634431626949288e-15 1.0000000000842668e-06 1.5000000001264667e-06
9.3374999999999986e-01 1.0000000000000444e+00 -3.8323080193702300e-15 1.0000000000287557e-06 1.5000000000430666e-06
9.3624999999999992e-01 9.9999999999991118e-01 1.7194852943102389e-14 1.0000000000287557e-06 1.5000000000432665e-06
9.3874999999999986e-01 1.0000000000001332e+00 1.2845141293540314e-14 9.9999999997324451e-07 1.4999999999596669e-06
9.4124999999999970e-01 9.9999999999995559e-01 -8.1048667808593528e-15 1.0000000000842668e-06 1.5000000001264667e-06
9.4374999999999987e-01 1.0000000000000000e+00 -2.5644004427826931e-16 9.9999999997324451e-07 1.4999999999598666e-06
9.4624999999999981e-01 9.9999999999995559e-01 -5.5871631910890332e-16 1.0000000000842668e-06 1.5000000001264667e-06
9.4874999999999976e-01 1.0000000000001332e+00 -1.6435750350783090e-14 9.9999999997324451e-07 1.4999999999596669e-06
9.5124999999999982e-01 9.9999999999982236e-01 7.8199659655644480e-15 1.0000000000842668e-06 1.5000000001266666e-06
9.5375000000000010e-01 1.0000000000000000e+00 4.7202444910148922e-16 9.9999999997324451e-07 1.4999999999598666e-06
9.5625000000000004e-01 1.0000000000000000e+00 -9.4976286626576948e-16 9.9999999997324451e-07 1.4999999999598666e-06
9.5874999999999999e-01 1.0000000000000444e+00 -1.9972260491825952e-14 1.0000000000287557e-06 1.5000000000430666e-06
9.6124999999999994e-01 1.0000000000000000e+00 2.8542570575834056e-14 9.9999999997324451e-07 1.4999999999598666e-06
9.6374999999999988e-01 9.9999999999995559e-01 -2.9620209855046093e-15 1.0000000000842668e-06 1.5000000001264667e-06
9.6624999999999983e-01 1.0000000000001332e+00 -5.5747520428225107e-16 9.9999999997324451e-07 1.4999999999596669e-06
9.6874999999999978e-01 9.9999999999986677e-01 -8.5633512527359096e-15 9.9999999997324451e-07 1.4999999999600665e-06
9.7124999999999995e-01 1.0000000000000888e+00 -4.2455719701875475e-15 1.0000000000842668e-06 1.5000000001262670e-06
9.7374999999999989e-01 9.9999999999995559e-01 3.5692082500103141e-15 1.0000000000842668e-06 1.5000000001264667e-06
9.7624999999999973e-01 1.0000000000001332e+00 -1.1585189538172387e-14 9.9999999997324451e-07 1.4999999999596669e-06
9.7874999999999956e-01 9.9999999999995559e-01 1.9926963334419772e-14 1.0000000000842668e-06 1.5000000001264667e-06
9.8124999999999984e-01 9.9999999999986677e-01 -1.5956932349382102e-14 9.9999999997324451e-07 1.4999999999600665e-06
9.8374999999999990e-01 1.0000000000000888e+00 -5.3523562585327060e-16 1.0000000000842668e-06 1.5000000001262670e-06
9.8624999999999985e-01 9.9999999999991118e-01 8.3703018804573129e-15 1.0000000000287557e-06 1.5000000000432665e-06
9.8875000000000002e-01 1.0000000000000444e+00 8.0304859724175905e-16 1.0000000000287557e-06 1.5000000000430666e-06
9.9124999999999996e-01 1.0000000000000000e+00 1.2343057727062464e-14 9.9999999997324451e-07 1.4999999999598666e-06
9.9374999999999991e-01 9.9999999999995559e-01 -3.7622507723199892e-15 1.0000000000842668e-06 1.5000000001264667e-06
9.9624999999999986e-01 1.0000000000001332e+00 4.2804109666434879e-15 9.9999999997324451e-07 1.4999999999596669e-06
9.9874999999999980e-01 9.9999999999986677e-01 1.3122293402670479e-14 9.9999999997324451e-07 1.4999999999600665e-06
