1.2499999999999998e-03 1.0000000000000002e+01 -9.4123117514458090e-17 1.3333333333333343e+01 2.0000000000000009e+00
3.7499999999999994e-03 1.0000000000000002e+01 -1.3142113822361396e-16 1.3333333333333343e+01 2.0000000000000009e+00
6.2499999999999986e-03 1.0000000000000000e+01 4.6914166449004458e-16 1.3333333333333339e+01 2.0000000000000004e+00
8.7499999999999991e-03 1.0000000000000004e+01 7.3967682925698429e-17 1.3333333333333339e+01 2.0000000000000000e+00
1.1250000000000000e-02 9.9999999999999929e+00 8.0705360142433581e-16 1.3333333333333329e+01 2.0000000000000004e+00
1.3749999999999998e-02 1.0000000000000004e+01 -3.0926364425048033e-16 1.3333333333333346e+01 2.0000000000000009e+00
1.6250000000000001e-02 9.9999999999999929e+00 6.2737667703468463e-16 1.3333333333333325e+01 2.0000000000000000e+00
1.8749999999999999e-02 1.0000000000000011e+01 -5.1506941446593595e-16 1.3333333333333357e+01 2.0000000000000013e+00
2.1249999999999998e-02 9.9999999999999840e+00 7.0411696008773006e-16 1.3333333333333320e+01 2.0000000000000009e+00
2.3750000000000000e-02 1.0000000000000000e+01 -1.1905814910224394e-17 1.3333333333333341e+01 2.0000000000000009e+00
2.6250000000000002e-02 9.9999999999999947e+00 6.9077746668055510e-17 1.3333333333333346e+01 2.0000000000000027e+00
2.8749999999999998e-02 1.0000000000000011e+01 -4.8414344874153127e-16 1.3333333333333357e+01 2.0000000000000013e+00
3.1250000000000000e-02 9.9999999999999858e+00 1.0623567348837607e-15 1.3333333333333318e+01 2.0000000000000004e+00
3.3750000000000002e-02 1.0000000000000000e+01 1.5993792157012897e-16 1.3333333333333341e+01 2.0000000000000009e+00
3.6250000000000004e-02 1.0000000000000000e+01 -5.6825935568945795e-17 1.3333333333333341e+01 2.0000000000000009e+00
3.8749999999999993e-02 1.0000000000000028e+01 -1.1010881645126929e-15 1.3333333333333371e+01 1.9999999999999998e+00
4.1249999999999995e-02 9.9999999999999716e+00 1.1864308156640675e-15 1.3333333333333304e+01 2.0000000000000009e+00
4.3749999999999997e-02 1.0000000000000000e+01 4.2124260086648431e-17 1.3333333333333341e+01 2.0000000000000009e+00
4.6249999999999999e-02 1.0000000000000028e+01 -9.8246525026260315e-16 1.3333333333333371e+01 1.9999999999999998e+00
4.8750000000000002e-02 9.9999999999999716e+00 1.0430470219576471e-15 1.3333333333333304e+01 2.0000000000000009e+00
5.1249999999999990e-02 1.0000000000000053e+01 -2.0193969330168492e-15 1.3333333333333410e+01 2.0000000000000004e+00
5.3749999999999992e-02 9.9999999999999449e+00 2.6371678044986334e-15 1.3333333333333263e+01 2.0000000000000004e+00
5.6249999999999994e-02 1.0000000000000028e+01 -1.1853234550599716e-15 1.3333333333333371e+01 1.9999999999999998e+00
5.8749999999999997e-02 1.0000000000000000e+01 2.5341418123248775e-17 1.3333333333333341e+01 2.0000000000000009e+00
6.1249999999999999e-02 9.9999999999999716e+00 1.1928501791183111e-15 1.3333333333333304e+01 2.0000000000000009e+00
6.3750000000000001e-02 1.0000000000000000e+01 2.5046514699602062e-16 1.3333333333333341e+01 2.0000000000000009e+00
6.6250000000000003e-02 1.0000000000000000e+01 1.9468838514309901e-16 1.3333333333333341e+01 2.0000000000000009e+00
6.8750000000000006e-02 1.0000000000000000e+01 1.6140867711656505e-16 1.3333333333333341e+01 2.0000000000000009e+00
7.1249999999999994e-02 1.0000000000000053e+01 -2.1301412534730802e-15 1.3333333333333410e+01 2.0000000000000004e+00
7.3749999999999982e-02 9.9999999999999449e+00 2.5013537925234915e-15 1.3333333333333263e+01 2.0000000000000004e+00
7.6249999999999998e-02 1.0000000000000000e+01 2.8804457591399373e-16 1.3333333333333341e+01 2.0000000000000009e+00
7.8749999999999987e-02 1.0000000000000053e+01 -1.9650049856194925e-15 1.3333333333333410e+01 2.0000000000000004e+00
8.1249999999999989e-02 9.9999999999999449e+00 2.5383593304691618e-15 1.3333333333333263e+01 2.0000000000000004e+00
8.3750000000000005e-02 1.0000000000000000e+01 3.1399670996506857e-16 1.3333333333333341e+01 2.0000000000000009e+00
8.6249999999999993e-02 1.0000000000000053e+01 -2.0742327427578251e-15 1.3333333333333410e+01 2.0000000000000004e+00
8.8749999999999996e-02 9.9999999999999432e+00 2.7148576053276464e-15 1.3333333333333263e+01 2.0000000000000004e+00
9.1249999999999998e-02 1.0000000000000000e+01 1.7704516377418711e-16 1.3333333333333341e+01 2.0000000000000009e+00
9.3750000000000000e-02 1.0000000000000053e+01 -2.1833215400328551e-15 1.3333333333333410e+01 2.0000000000000004e+00
9.6250000000000002e-02 9.9999999999999449e+00 2.5392964815710614e-15 1.3333333333333263e+01 2.0000000000000004e+00
9.8750000000000004e-02 1.0000000000000000e+01 2.8969200015927483e-16 1.3333333333333341e+01 2.0000000000000009e+00
1.0125000000000001e-01 1.0000000000000053e+01 -1.9581627403314168e-15 1.3333333333333410e+01 2.0000000000000004e+00
1.0374999999999998e-01 1.0000000000000053e+01 -2.0406474178657658e-15 1.3333333333333410e+01 2.0000000000000004e+00
1.0624999999999998e-01 9.9999999999999449e+00 2.4379785436363617e-15 1.3333333333333263e+01 2.0000000000000004e+00
1.0874999999999999e-01 9.9999999999999449e+00 2.6190999673766189e-15 1.3333333333333263e+01 2.0000000000000004e+00
1.1124999999999999e-01 1.0000000000000108e+01 -4.5024504492724079e-15 1.3333333333333485e+01 2.0000000000000009e+00
1.1374999999999999e-01 9.9999999999999449e+00 2.4786080221279963e-15 1.3333333333333263e+01 2.0000000000000004e+00
1.1624999999999999e-01 9.9999999999999449e+00 2.5074567573667355e-15 1.3333333333333263e+01 2.0000000000000004e+00
1.1874999999999999e-01 1.0000000000000053e+01 -1.9510135010749010e-15 1.3333333333333410e+01 2.0000000000000004e+00
1.2125000000000000e-01 9.9999999999999449e+00 2.4816993345759784e-15 1.3333333333333263e+01 2.0000000000000004e+00
1.2375000000000000e-01 1.0000000000000000e+01 3.1467881323632793e-16 1.3333333333333341e+01 2.0000000000000009e+00
1.2625000000000000e-01 1.0000000000000000e+01 2.4122161767090968e-16 1.3333333333333341e+01 2.0000000000000009e+00
1.2875000000000000e-01 1.0000000000000000e+01 7.3919440573660036e-17 1.3333333333333341e+01 2.0000000000000009e+00
1.3125000000000001e-01 1.0000000000000000e+01 2.5218198300726308e-16 1.3333333333333341e+01 2.0000000000000009e+00
1.3375000000000001e-01 1.0000000000000000e+01 2.7845454638243588e-16 1.3333333333333341e+01 2.0000000000000009e+00
1.3625000000000001e-01 1.0000000000000000e+01 2.2622164299410338e-16 1.3333333333333341e+01 2.0000000000000009e+00
1.3875000000000001e-01 1.0000000000000000e+01 1.9643476017926484e-16 1.3333333333333341e+01 2.0000000000000009e+00
1.4125000000005233e-01 9.9999999995813358e+00 2.9984237243009184e-11 1.3333333332402921e+01 1.9999999999441707e+00
1.4375000003768731e-01 9.9999996993388383e+00 2.1530824649365265e-08 1.3333332665196819e+01 1.9999999599117537e+00
1.4625000019697418e-01 9.9999990263662148e+00 6.9723419446429423e-08 1.3333331169701850e+01 1.9999998701820216e+00
1.4875000053966589e-01 9.9999982321003831e+00 1.2660196254824433e-07 1.3333329404667303e+01 1.9999997642799769e+00
1.5125000100638070e-01 9.9999980341816279e+00 1.4077521093414932e-07 1.3333328964848034e+01 1.9999997378908276e+00
1.5375000128809097e-01 9.9999997121364377e+00 2.0614378215767488e-08 1.3333332693635645e+01 1.9999999616180582e+00
1.5625000074259177e-01 1.0000004651858792e+01 -3.3312646960037655e-07 1.3333343670799367e+01 2.0000006202478580e+00
1.5874999851221522e-01 1.0000013191167815e+01 -9.4463860437760071e-07 1.3333362647053917e+01 2.0000017588222043e+00
1.6124999402498688e-01 1.0000022706710114e+01 -1.6260596103144258e-06 1.3333383792728856e+01 2.0000030275604308e+00
1.6374998797394508e-01 1.0000025701711490e+01 -1.8405358067453277e-06 1.3333390448303128e+01 2.0000034268943634e+00
1.6624998358387311e-01 1.0000009418919941e+01 -6.7450286622766496e-07 1.3333354264283871e+01 2.0000012558574092e+00
1.6874998774819533e-01 9.9999572666446070e+00 3.0602028810520863e-06 1.3333238370533424e+01 1.9999943022267435e+00
1.7125001191639300e-01 9.9998493895963829e+00 1.0785498349798159e-05 1.3332998645588093e+01 1.9999799186164906e+00
1.7375007336918738e-01 9.9996589983817739e+00 2.4419973999468642e-05 1.3332575561878219e+01 1.9999545330549477e+00
1.7625019805441075e-01 9.9993435605214263e+00 4.7009894991575869e-05 1.3331874614923043e+01 1.9999124743886445e+00
1.7875042611796224e-01 9.9988320645494699e+00 8.3641711218509604e-05 1.3330738033882799e+01 1.9998442739847324e+00
1.8125082098653270e-01 9.9980093830192036e+00 1.4256308162086058e-04 1.3328910064865408e+01 1.9997345802910724e+00
1.8375148287173099e-01 9.9966966416947916e+00 2.3659174400824160e-04 1.3325993425870863e+01 1.9995595400419648e+00
1.8625256793610173e-01 9.9946258033943369e+00 3.8494295168091608e-04 1.3321393011845872e+01 1.9992834059863016e+00
1.8875431468464338e-01 9.9914078495908267e+00 6.1552478563809754e-04 1.3314245602469436e+01 1.9988542860375806e+00
1.9125707911459136e-01 9.9864957769438298e+00 9.6762430658316840e-04 1.3303338515883643e+01 1.9981991901399772e+00
1.9376137964142764e-01 9.9791459668532614e+00 1.4947481781433494e-03 1.3287025539049784e+01 1.9972188376416142e+00
1.9626795170312217e-01 9.9683844142154214e+00 2.2671837153609596e-03 1.3263155229205349e+01 1.9957830694648098e+00
1.9877781008676942e-01 9.9529878888479359e+00 3.3736031424889171e-03 1.3229034928042250e+01 1.9937281762693149e+00
2.0129231442465612e-01 9.9314929407975132e+00 4.9208393388497432e-03 1.3181460273109101e+01 1.9908578224369069e+00
2.0381323020264563e-01 9.9022468773408008e+00 7.0308641631304080e-03 1.3116842393085609e+01 1.9869494099012106e+00
2.0634277449739741e-01 9.8635125645663972e+00 9.8341148076314996e-03 1.3031458780268364e+01 1.9817674527656310e+00
2.0888363328650023e-01 9.8136318726920404e+00 1.3458713320493450e-02 1.2921835915902976e+01 1.9750846705173439e+00
2.1143893632563487e-01 9.7512417156747162e+00 1.8015744499242963e-02 1.2785244234967896e+01 1.9667101802659879e+00
2.1401217625975344e-01 9.6755276593446560e+00 2.3581216571986901e-02 1.2620262333542266e+01 1.9565231134480157e+00
2.1660705979559930e-01 9.5864971011877849e+00 3.0175385120362431e-02 1.2427357741498559e+01 1.9445097010396195e+00
2.1922728406986652e-01 9.4852206884112054e+00 3.7742575891284366e-02 1.2209359616673641e+01 1.9307973980390434e+00
2.2187625841202860e-01 9.3738697268168689e+00 4.6144202101017419e-02 1.1971449894997173e+01 1.9156629402608056e+00
2.2455684760725814e-01 9.2553276238449183e+00 5.5183058665164382e-02 1.1720226653422468e+01 1.8994832700293263e+00
2.2727124081922523e-01 9.1324772344492740e+00 6.4654086574419817e-02 1.1462117074274078e+01 1.8826409494409142e+00
2.3002098655013614e-01 9.0076267956014870e+00 7.4388134977517187e-02 1.1202159453610387e+01 1.8654457563251583e+00
2.3280713476490905e-01 8.8823481950456067e+00 8.4266595287755472e-02 1.0943709386084754e+01 1.8481108507188895e+00
2.3563039710570979e-01 8.7576040572326992e+00 9.4214180839678502e-02 1.0688762734819614e+01 1.8307683240130070e+00
2.3849127403542394e-01 8.6339460998600259e+00 1.0418546948401346e-01 1.0438412729022797e+01 1.8134951171154563e+00
2.4139013989354974e-01 8.5116756621005027e+00 1.1415356021381048e-01 1.0193210166742213e+01 1.7963343361629118e+00
2.4432729521967667e-01 8.3909484779649848e+00 1.2410251244876450e-01 9.9533950111499045e+00 1.7793092826075576e+00
2.4730299780463330e-01 8.2718371647864064e+00 1.3402276314981962e-01 9.7190329642504700e+00 1.7624318704479900e+00
2.5031748090892569e-01 8.1543673001064345e+00 1.4390845184472489e-01 9.4900934919832682e+00 1.7457075103532678e+00
2.5337096395093323e-01 8.0385379842670126e+00 1.5375586700875005e-01 9.2664938317188987e+00 1.7291379072640887e+00
2.5646365879442568e-01 7.9243336739462347e+00 1.6356255175655141e-01 9.0481240002041119e+00 1.7127226791230463e+00
2.5959577346671125e-01 7.8117308612538308e+00 1.7332677596609536e-01 8.8348607267610024e+00 1.6964602756442673e+00
2.6276751436652523e-01 7.7007020060045583e+00 1.8304723928208205e-01 8.6265754978555815e+00 1.6803485236402629e+00
2.6597908759332306e-01 7.5912176349680749e+00 1.9272288796927600e-01 8.4231387686333896e+00 1.6643849195878337e+00
2.6923069976346481e-01 7.4832476570996089e+00 2.0235282271910393e-01 8.2244225097302852e+00 1.6485668161591909e+00
2.7252255853712615e-01 7.3767619291130577e+00 2.1193623364237757e-01 8.0303012454803060e+00 1.6328915022568360e+00
2.7585487298398081e-01 7.2717306982360217e+00 2.2147237854521193e-01 7.8406528176612875e+00 1.6173562683426812e+00
2.7922785386615773e-01 7.1681246680021120e+00 2.3096055853138889e-01 7.6553584275397100e+00 1.6019584163440752e+00
2.8264171388379217e-01 7.0659151539501472e+00 2.4040011907132910e-01 7.4743028348679248e+00 1.5866952840544946e+00
2.8609666790783550e-01 6.9650740072751134e+00 2.4979043953063193e-01 7.2973741346838885e+00 1.5715642347220611e+00
2.8959293321727853e-01 6.8655736764057922e+00 2.5913094002239329e-01 7.1244637847669630e+00 1.5565626677165094e+00
2.9313072974535070e-01 6.7673871097763234e+00 2.6842107580069124e-01 6.9554663531876955e+00 1.5416880046228627e+00
2.9671028034247504e-01 6.6704877850864648e+00 2.7766034413716278e-01 6.7902794964139579e+00 1.5269376952301712e+00
3.0033181105376650e-01 6.5748496270323233e+00 2.8684828053463479e-01 6.6288037428517077e+00 1.5123092052776885e+00
3.0399555141550139e-01 6.4804470242135048e+00 2.9598446403135786e-01 6.4709424577155970e+00 1.4978000206322815e+00
3.0770173476683810e-01 6.3872547677390168e+00 3.0506851418824710e-01 6.3166016711243245e+00 1.4834076377448846e+00
3.1145059857985180e-01 6.2952480623293896e+00 3.1410009469340117e-01 6.1656900398272230e+00 1.4691295669639837e+00
3.1524238480444711e-01 6.2044024829871240e+00 3.2307891073196432e-01 6.0181187123148456e+00 1.4549633253525023e+00
3.1907734023065248e-01 6.1146939822195536e+00 3.3200471119827740e-01 5.8738012900813539e+00 1.4409064395932143e+00
3.2295571686550656e-01 6.0260988607983368e+00 3.4087728627987524e-01 5.7326537199035794e+00 1.4269564403920478e+00
3.2687777232685511e-01 5.9385937714527213e+00 3.4969646864054654e-01 5.5945942553912875e+00 1.4131108653074405e+00
3.3084377025200407e-01 5.8521557000502265e+00 3.5846213113309106e-01 5.4595433683276493e+00 1.3993672540908622e+00
3.3485398072334904e-01 5.7667619662975858e+00 3.6717418725377327e-01 5.3274237108284908e+00 1.3857231515614743e+00
3.3890868070956764e-01 5.6823902125452399e+00 3.7583258893116223e-01 5.1981600399918140e+00 1.3721761034244782e+00
3.4300815452460198e-01 5.5990184013408788e+00 3.8443732647011181e-01 5.0716791809665969e+00 1.3587236594235894e+00
3.4715269430315021e-01 5.5166248109951210e+00 3.9298842637517545e-01 4.9479099611501018e+00 1.3453633690898679e+00
3.5134260049529087e-01 5.4351880292621626e+00 4.0148595092769013e-01 4.8267831745481189e+00 1.3320927855379172e+00
3.5557818237893529e-01 5.3546869554511431e+00 4.0992999600191399e-01 4.7082315231885303e+00 1.3189094607282748e+00
3.5985975859310348e-01 5.2751007898817868e+00 4.1832069035929365e-01 4.5921895832812538e+00 1.3058109502162223e+00
3.6418765769047817e-01 5.1964090429640830e+00 4.2665819340528433e-01 4.4785937525399557e+00 1.2927948075808100e+00
3.6856221871277622e-01 5.1185915198727852e+00 4.3494269423526755e-01 4.3673822187801488e+00 1.2798585905391879e+00
3.7298379178690633e-01 5.0416283376239406e+00 4.4317440926133372e-01 4.2584949125749123e+00 1.2669998542321814e+00
3.7745273874599228e-01 4.9654999046592554e+00 4.5135358099744377e-01 4.1518734791363814e+00 1.2542161591546619e+00
3.8196943377245185e-01 4.8901869475115882e+00 4.5948047545549536e-01 4.0474612363251010e+00 1.2415050630277082e+00
3.8653426406784946e-01 4.8156704849720127e+00 4.6755538060588725e-01 3.9452031509435281e+00 1.2288641311490573e+00
3.9114763054543877e-01 4.7419318668274064e+00 4.7557860339326524e-01 3.8450458026963279e+00 1.2162909265719348e+00
3.9580994855082774e-01 4.6689527423286794e+00 4.8355046774267091e-01 3.7469373664939662e+00 1.2037830237145910e+00
4.0052164860461437e-01 4.5967151148051908e+00 4.9147131096750274e-01 3.6508275836558859e+00 1.1913379965283994e+00
4.0528317717316659e-01 4.5252013042974459e+00 4.9934148109391563e-01 3.5566677525691897e+00 1.1789534365658596e+00
4.1009499745842692e-01 4.4543940231344559e+00 5.0716133230781002e-01 3.4644107094253433e+00 1.1666269389615591e+00
4.1495759021253831e-01 4.3842763349082592e+00 5.1493122121268953e-01 3.3740108308329311e+00 1.1543561262215234e+00
4.1987145456474984e-01 4.3148317562460736e+00 5.2265150075286848e-01 3.2854240279575260e+00 1.1421386325903453e+00
4.2483710886475995e-01 4.2460442166177286e+00 5.3032251475901093e-01 3.1986077668259383e+00 1.1299721353492591e+00
4.2985509152273149e-01 4.1778981975399532e+00 5.3794458941904089e-01 3.1135210824295068e+00 1.1178543379525701e+00
4.3492596184792587e-01 4.1103786983273292e+00 5.4551802500873192e-01 3.0301246261763146e+00 1.1057830124299939e+00
4.4005030085494590e-01 4.0434714294917686e+00 5.5304308333941532e-01 2.9483807112780274e+00 1.0937559827083831e+00
4.4522871203099146e-01 3.9771627997679317e+00 5.6051997473476589e-01 2.8682534035565257e+00 1.0817711826093295e+00
4.5046182201511298e-01 3.9114401893467035e+00 5.6794883869829049e-01 2.7897086182350201e+00 1.0698266430737482e+00
4.5575028116676991e-01 3.8462919844053554e+00 5.7532972262081328e-01 2.7127142829336481e+00 1.0579205741265529e+00
4.6109476393936250e-01 3.7817079800339788e+00 5.8266255062354644e-01 2.6372405230791225e+00 1.0460513623749288e+00
4.6649596900248180e-01 3.7176795133642910e+00 5.8994708733110390e-01 2.5632599509286367e+00 1.0342176921306336e+00
4.7195461896347668e-01 3.6542000862042907e+00 5.9718288518178231e-01 2.4907480120076255e+00 1.0224185676412267e+00
4.7747145955609871e-01 3.5912657076795496e+00 6.0436921987605152e-01 2.4196835071597036e+00 1.0106535010701634e+00
4.8304725801675774e-01 3.5288759151643099e+00 6.1150499612765785e-01 2.3500492512274298e+00 9.9892259223203983e-01
4.8868280034269751e-01 3.4670345734879451e+00 6.1858862566191852e-01 2.2818330595120333e+00 9.8722684089782708e-01
4.9437888686206033e-01 3.4057516946501778e+00 6.2561784599119141e-01 2.2150290665912098e+00 9.7556836134176539e-01
5.0013632538260588e-01 3.3450452975590461e+00 6.3258947047461245e-01 2.1496397363159798e+00 9.6395095361695970e-01
5.0595592062145545e-01 3.2849450390628747e+00 6.3949900423321326e-01 2.0856787405880910e+00 9.5238065589512455e-01
5.1183845800853356e-01 3.2254967891286030e+00 6.4634007464478960e-01 2.0231755103494198e+00 9.4086693118178477e-01
5.1778467852732946e-01 3.1667709159606381e+00 6.5310351722408611e-01 1.9621822268040181e+00 9.2942414159856801e-01
5.2379523924825500e-01 3.1088743461794355e+00 6.5977593583265592e-01 1.9027852278247723e+00 9.1807436516201457e-01
5.2987065043667092e-01 3.0519713336795093e+00 6.6633735631822288e-01 1.8451230457118850e+00 9.0685143009880731e-01
5.3601117499977913e-01 2.9963145903680055e+00 6.7275758124230112e-01 1.7894147580499664e+00 8.9580785198702628e-01
5.4221666967545334e-01 2.9422921769122135e+00 6.7899084428534462e-01 1.7360002279957842e+00 8.8502439099248209e-01
5.4848634572734167e-01 2.8904834639463806e+00 6.8496930987811433e-01 1.6853881539903048e+00 8.7462262369557497e-01
5.5481844171707995e-01 2.8417043279695897e+00 6.9059796898908854e-01 1.6382892407466245e+00 8.6477464841522900e-01
5.6120985095289022e-01 2.7969876220654233e+00 6.9575689854929823e-01 1.5955896508300360e+00 8.5570077513523979e-01
5.6765582819199056e-01 2.7574452281031272e+00 7.0031735466025069e-01 1.5582158987101824e+00 8.4764107886673801e-01
5.7414995914915234e-01 2.7240086793240561e+00 7.0417167444821782e-01 1.5269013829682399e+00 8.4080204730503827e-01
5.8068452362196799e-01 2.6971555237424538e+00 7.0726490736940462e-01 1.5019506803143550e+00 8.3529703817207823e-01
5.8725121270608116e-01 2.6767572751973110e+00 7.0961208796349839e-01 1.4831254950649244e+00 8.3111317683199304e-01
5.9384198477850547e-01 2.6621243895493323e+00 7.1129303221262297e-01 1.4697013068153810e+00 8.2811756237892298e-01
6.0044979401448495e-01 2.6522011219431927e+00 7.1242956679089298e-01 1.4606529939672184e+00 8.2609854615609191e-01
6.0706901097460642e-01 2.6458176687632515e+00 7.1315668722513093e-01 1.4548770084162268e+00 8.2481704555417501e-01
6.1369550563781305e-01 2.6418942335525846e+00 7.1359871918162932e-01 1.4513718873055765e+00 8.2405185011167181e-01
6.2032647644735039e-01 2.6395637564937902e+00 7.1385561837081202e-01 1.4493384081391791e+00 8.2362383058955413e-01
6.2696015465514376e-01 2.6382001264756085e+00 7.1399918797958617e-01 1.4482048907456455e+00 8.2340506101804711e-01
6.3359548859348580e-01 2.6374010396511638e+00 7.1407572141452347e-01 1.4476035589172334e+00 8.2331253598923704e-01
6.4023187443970686e-01 2.6369316958446891e+00 7.1411166560290107e-01 1.4473245156901922e+00 8.2330034447094591e-01
6.4686896235387481e-01 2.6366691425024142e+00 7.1412099674308605e-01 1.4472569935474753e+00 8.2334391347291502e-01
6.5350656431025844e-01 2.6365130958396747e+00 7.1411431657465807e-01 1.4473169730124305e+00 8.2342676884266897e-01
6.6014464386546978e-01 2.6363567534544075e+00 7.1410355560720595e-01 1.4474099731079539e+00 8.2352851404390837e-01
6.6678330119796425e-01 2.6361250988613270e+00 7.1409585834836364e-01 1.4474794509805962e+00 8.2364041729611059e-01
6.7342270419231620e-01 2.6358123765270900e+00 7.1409112131395935e-01 1.4475263197197783e+00 8.2376480925418838e-01
6.8006304109172055e-01 2.6354179713722727e+00 7.1408692350259284e-01 1.4475698976808016e+00 8.2391289355538877e-01
6.8670452396721771e-01 2.6349366745862568e+00 7.1408231202283701e-01 1.4476178814843332e+00 8.2409070516560390e-01
6.9334742741868305e-01 2.6343257240268168e+00 7.1407786240009352e-01 1.4476658778216138e+00 8.2430915696069607e-01
6.9999211751075296e-01 2.6335510601188656e+00 7.1407419401302252e-01 1.4477091910448872e+00 8.2457629907100294e-01
7.0663909131350822e-01 2.6325409454052382e+00 7.1407133699745406e-01 1.4477478485187114e+00 8.2491471844658437e-01
7.1328901917065701e-01 2.6312314608870633e+00 7.1406908513509182e-01 1.4477837804580354e+00 8.2534573752584994e-01
7.1994284435993050e-01 2.6294732966446985e+00 7.1406736335404275e-01 1.4478179781230334e+00 8.2591710284936182e-01
7.2660191316239908e-01 2.6271004647604488e+00 7.1406621089487232e-01 1.4478506349641047e+00 8.2668172823158081e-01
7.3326824774306321e-01 2.6237516711955218e+00 7.1406564847651444e-01 1.4478821460234144e+00 8.2775486829724332e-01
7.3994495811612926e-01 2.6189448423538240e+00 7.1406566796260873e-01 1.4479133128598787e+00 8.2929198590444930e-01
7.4663716245164458e-01 2.6116170680910629e+00 7.1406628984413867e-01 1.4479451332390489e+00 8.3163712107537879e-01
7.5335371859018285e-01 2.5999893317362330e+00 7.1406753603104356e-01 1.4479784061393159e+00 8.3537558508309995e-01
7.6011173536563015e-01 2.5796852928256597e+00 7.1406952333484586e-01 1.4480145565310494e+00 8.4197163151534993e-01
7.6694831676326003e-01 2.5406663795070750e+00 7.1407230355511309e-01 1.4480542159388281e+00 8.5492583419380552e-01
7.7396546677317879e-01 2.4492843081872882e+00 7.1407648364861842e-01 1.4481022121284781e+00 8.8685225758879926e-01
7.8166373767361530e-01 2.1211667890495449e+00 7.1408210801874616e-01 1.4481555802921116e+00 1.0240747600105053e+00
7.8609609001344516e-01 2.8513351969141341e+00 7.1408627538593195e-01 1.4481979723507423e+00 7.6185253872539715e-01
7.8659058395975201e-01 4.6646885096084807e+00 7.1408665785522762e-01 1.4482057438914182e+00 4.6569210599218652e-01
7.8694789586723268e-01 5.1560592086838417e+00 7.1408709817284632e-01 1.4482100943388121e+00 4.2131307139561192e-01
7.8728592716016266e-01 5.1990283833419051e+00 7.1408747508774950e-01 1.4482147312330993e+00 4.1783232109482976e-01
7.8762379388670445e-01 5.1610578012303998e+00 7.1408787487253500e-01 1.4482192933174713e+00 4.2090769443781895e-01
7.8796422841666591e-01 5.1208978418447977e+00 7.1408827904988048e-01 1.4482239937360035e+00 4.2420998381436636e-01
7.8830692227134058e-01 5.0931838261726687e+00 7.1408869363046867e-01 1.4482287577351500e+00 4.2651968017324776e-01
7.8865112275041038e-01 5.0761365867627726e+00 7.1408911376215289e-01 1.4482336078161302e+00 4.2795349860937798e-01
7.8899626139328616e-01 5.0655177193112717e+00 7.1408953912941076e-01 1.4482385312148018e+00 4.2885207735835634e-01
7.8934200524421783e-01 5.0583717476644310e+00 7.1408996856597784e-01 1.4482435319507334e+00 4.2945940043436548e-01
7.8968817084736442e-01 5.0531745161769077e+00 7.1409040204590568e-01 1.4482486106724737e+00 4.2990261053803214e-01
7.9003464929759237e-01 5.0492341475926246e+00 7.1409083977436771e-01 1.4482537713066272e+00 4.3023963505350388e-01
7.9038136531490399e-01 5.0462452998568486e+00 7.1409128235979535e-01 1.4482590179607484e+00 4.3049602186456304e-01
7.9072826019215481e-01 5.0440219480417410e+00 7.1409173059525033e-01 1.4482643557397084e+00 4.3068736734045332e-01
7.9107528729198662e-01 5.0423938925479019e+00 7.1409218538626273e-01 1.4482697900485435e+00 4.3082804147517867e-01
7.9142241156728610e-01 5.0411914572244365e+00 7.1409264761243885e-01 1.4482753261799397e+00 4.3093245073179381e-01
7.9176960831906873e-01 5.0402820571274880e+00 7.1409311801379172e-01 1.4482809684605351e+00 4.3101188149158648e-01
7.9211686063162112e-01 5.0395714051486324e+00 7.1409359710266596e-01 1.4482867193759519e+00 4.3107437208737315e-01
7.9246415677323967e-01 5.0390028516597836e+00 7.1409408513903461e-01 1.4482925788394718e+00 4.3112475468110401e-01
7.9281148797099110e-01 5.0385469308066630e+00 7.1409458218030297e-01 1.4482985438612661e+00 4.3116554149950004e-01
7.9315884699710093e-01 5.0381881259973813e+00 7.1409508818608980e-01 1.4483046087249973e+00 4.3119805349813667e-01
7.9350622751490474e-01 5.0379160042815183e+00 7.1409560313657927e-01 1.4483107656948113e+00 4.3122317773776431e-01
7.9385362388990910e-01 5.0377205635265900e+00 7.1409612712888670e-01 1.4483170061715109e+00 4.3124176537025966e-01
7.9420103116524099e-01 5.0375921056099129e+00 7.1409666042969899e-01 1.4483233220310958e+00 4.3125464259548574e-01
7.9454844502246602e-01 5.0375217806678085e+00 7.1409720348580930e-01 1.4483297068383871e+00 4.3126256418281522e-01
7.9489586169535498e-01 5.0375024020451473e+00 7.1409775691404698e-01 1.4483361567117765e+00 4.3126614375124900e-01
7.9524327780678883e-01 5.0375298562540536e+00 7.1409832148644525e-01 1.4483426706367770e+00 4.3126573299769255e-01
7.9559069015140160e-01 5.0376032641570072e+00 7.1409889811172633e-01 1.4483492503407613e+00 4.3126140777477284e-01
7.9593809546260208e-01 5.0377252722809258e+00 7.1409948780614407e-01 1.4483558998288673e+00 4.3125294300926514e-01
7.9628549016375039e-01 5.0379022227063883e+00 7.1410009163586607e-01 1.4483626246579868e+00 4.3123979802447965e-01
7.9663287020252516e-01 5.0381415744850377e+00 7.1410071063081026e-01 1.4483694310976019e+00 4.3122133717897071e-01
7.9698023107929306e-01 5.0384488600980246e+00 7.1410134568049011e-01 1.4483763252383666e+00 4.3119709025195541e-01
7.9732756774078362e-01 5.0388346418902277e+00 7.1410199742859859e-01 1.4483833122703706e+00 4.3116615702049588e-01
7.9767487481671040e-01 5.0392976099458320e+00 7.1410266618117035e-01 1.4483903961217315e+00 4.3112865370258424e-01
7.9802214715998288e-01 5.0398326733022270e+00 7.1410335184983020e-01 1.4483975796178188e+00 4.3108502013087424e-01
7.9836938010199787e-01 5.0404311250613008e+00 7.1410405394438592e-01 1.4484048651042816e+00 4.3103600540320830e-01
7.9871656970976668e-01 5.0410804124485145e+00 7.1410477162995978e-01 1.4484122552128267e+00 4.3098268725373745e-01
7.9906371277831778e-01 5.0417720419706278e+00 7.1410550385526483e-01 1.4484197535135004e+00 4.3092579596697828e-01
7.9941080676354470e-01 5.0424953965398611e+00 7.1410624952987289e-01 1.4484273647548345e+00 4.3086624305559279e-01
7.9975784992993115e-01 5.0432376710076854e+00 7.1410700770821933e-01 1.4484350948394011e+00 4.3080512638718954e-01
8.0010484117363689e-01 5.0439933642758570e+00 7.1410777773427403e-01 1.4484429506993997e+00 4.3074291917927982e-01
8.0045177971116277e-01 5.0447586981130819e+00 7.1410855931627815e-01 1.4484509402204868e+00 4.3067994731708131e-01
8.0079866511664488e-01 5.0455270696897747e+00 7.1410935253372443e-01 1.4484590722344148e+00 4.3061677766109185e-01
8.0114549735088991e-01 5.0462938389446474e+00 7.1411015780182430e-01 1.4484673563258881e+00 4.3055380915813218e-01
8.0149227670863787e-01 5.0470539194292074e+00 7.1411097581577154e-01 1.4484758022730022e+00 4.3049147841385144e-01
8.0183900363089644e-01 5.0478081205258523e+00 7.1411180747589609e-01 1.4484844192721320e+00 4.3042971860860979e-01
8.0218567862077073e-01 5.0485537984112909e+00 7.1411265377744870e-01 1.4484932152105519e+00 4.3036875698929039e-01
8.0253230255222907e-01 5.0492827649142153e+00 7.1411351565790293e-01 1.4485021963351568e+00 4.3030929255942529e-01
8.0287887632698018e-01 5.0500023675611789e+00 7.1411439384297382e-01 1.4485113673009224e+00 4.3025069946663963e-01
8.0322540073608550e-01 5.0507084512982079e+00 7.1411528875518648e-01 1.4485207311990027e+00 4.3019333183645231e-01
8.0357187676276642e-01 5.0513995451622238e+00 7.1411620052975744e-01 1.4485302894062024e+00 4.3013731435879221e-01
8.0391830556791366e-01 5.0520719136096179e+00 7.1411712912799130e-01 1.4485400413222842e+00 4.3008296380939498e-01
8.0426468837293708e-01 5.0527275006811854e+00 7.1411807449305642e-01 1.4485499843265350e+00 4.3003011268604374e-01
8.0461102632428028e-01 5.0533665213478995e+00 7.1411903668906007e-01 1.4485601142280051e+00 4.2997874034326711e-01
8.0495732070505976e-01 5.0539847427215534e+00 7.1412001598462360e-01 1.4485704262612029e+00 4.2992920438096310e-01
8.0530357285687781e-01 5.0545846573611293e+00 7.1412101287874585e-01 1.4485809163703283e+00 4.2988129032344535e-01
8.0564978397081499e-01 5.0551681305074663e+00 7.1412202809656711e-01 1.4485915823192996e+00 4.2983483780999832e-01
8.0599595522414957e-01 5.0557336626102520e+00 7.1412306260678948e-01 1.4486024240335398e+00 4.2978997333661945e-01
8.0634208788233397e-01 5.0562801373291739e+00 7.1412411766523187e-01 1.4486134430923547e+00 4.2974679124213061e-01
8.0668818327295011e-01 5.0568068105075534e+00 7.1412519480115777e-01 1.4486246421623843e+00 4.2970535451906616e-01
8.0703424263968793e-01 5.0573168303481628e+00 7.1412629564883157e-01 1.4486360253261135e+00 4.2966539587743735e-01
8.0738026715143563e-01 5.0578091893902082e+00 7.1412742167950993e-01 1.4486475989616616e+00 4.2962700194399295e-01
8.0772625813351706e-01 5.0582802809794654e+00 7.1412857406386343e-01 1.4486593712593800e+00 4.2959048059478050e-01
8.0807221677422136e-01 5.0587376818553187e+00 7.1412975379268806e-01 1.4486713495028865e+00 4.2955518963722339e-01
8.0841814408157764e-01 5.0591790528248248e+00 7.1413096184226366e-01 1.4486835372816771e+00 4.2952132811136479e-01
8.0876404112390587e-01 5.0596049402755572e+00 7.1413219905263725e-01 1.4486959351570767e+00 4.2948884910711355e-01
8.0910990904049351e-01 5.0600126959811869e+00 7.1413346578415426e-01 1.4487085441181564e+00 4.2945797703297178e-01
8.0945574893134609e-01 5.0604061002573069e+00 7.1413476184250346e-01 1.4487213672347801e+00 4.2942839127904681e-01
8.0980156174154039e-01 5.0607858953746119e+00 7.1413608688351915e-01 1.4487344074220656e+00 4.2940002917713632e-01
8.1014734852632042e-01 5.0611481045846904e+00 7.1413744075981067e-01 1.4487476659424199e+00 4.2937322797273730e-01
8.1049311031020688e-01 5.0614975934221729e+00 7.1413882327881295e-01 1.4487611464598000e+00 4.2934757541204288e-01
8.1083884790598693e-01 5.0618356885803060e+00 7.1414023385069925e-01 1.4487748597037027e+00 4.2932296171886625e-01
8.1118456210465983e-01 5.0621616995413001e+00 7.1414167195369438e-01 1.4487888201161052e+00 4.2929944935798425e-01
8.1153025375225529e-01 5.0624746961842177e+00 7.1414313805261165e-01 1.4488030375800027e+00 4.2927711974699484e-01
8.1187592371720729e-01 5.0627749304508125e+00 7.1414463335974576e-01 1.4488175193226822e+00 4.2925595327432597e-01
8.1222157275495199e-01 5.0630654397637702e+00 7.1414615823699223e-01 1.4488322838872629e+00 4.2923569756038793e-01
8.1256720155031292e-01 5.0633452518517661e+00 7.1414771170939784e-01 1.4488473642643005e+00 4.2921644452383373e-01
8.1291281091520617e-01 5.0636116153961854e+00 7.1414929373440039e-01 1.4488627849304732e+00 4.2919843433246163e-01
8.1325840151273476e-01 5.0638716139349889e+00 7.1415090724195318e-01 1.4488785411032545e+00 4.2918106487420576e-01
8.1360397383556426e-01 5.0641231051541959e+00 7.1415255569483360e-01 1.4488946200464428e+00 4.2916451376501213e-01
8.1394952843155843e-01 5.0643665884188618e+00 7.1415423842410963e-01 1.4489110437879447e+00 4.2914874500829925e-01
8.1429506591550638e-01 5.0645996310909656e+00 7.1415595154703326e-01 1.4489278603452200e+00 4.2913397876026371e-01
8.1464058686023910e-01 5.0648259171613494e+00 7.1415769538482221e-01 1.4489450749060160e+00 4.2911990419942114e-01
8.1498609169366498e-01 5.0650459516233353e+00 7.1415947707851624e-01 1.4489626265339604e+00 4.2910646034797706e-01
8.1533158096712188e-01 5.0652555222848283e+00 7.1416130091307994e-01 1.4489804802123112e+00 4.2909399353224742e-01
8.1567705520667144e-01 5.0654596021401037e+00 7.1416315941703090e-01 1.4489987118482990e+00 4.2908210478160130e-01
8.1602251472745890e-01 5.0656595220203222e+00 7.1416504346556819e-01 1.4490174154724256e+00 4.2907070910714840e-01
8.1636795983489130e-01 5.0658542422047450e+00 7.1416696110786249e-01 1.4490365285018161e+00 4.2905987595228490e-01
8.1671339091049633e-01 5.0660423629188713e+00 7.1416893199644160e-01 1.4490558846185129e+00 4.2904967452254550e-01
8.1705880837716327e-01 5.0662239254831727e+00 7.1417095577853240e-01 1.4490755093227214e+00 4.2904010875847365e-01
8.1740421254449791e-01 5.0664024190936088e+00 7.1417300435821307e-01 1.4490956917649203e+00 4.2903096869203095e-01
8.1774960364505622e-01 5.0665769011111106e+00 7.1417506678652831e-01 1.4491165638729500e+00 4.2902237313968988e-01
8.1809498206735176e-01 5.0667435074257225e+00 7.1417718507016037e-01 1.4491377639648919e+00 4.2901454213373830e-01
8.1844034809785249e-01 5.0669084561745681e+00 7.1417940359278520e-01 1.4491589078772522e+00 4.2900683535479034e-01
8.1878570186389721e-01 5.0670701374873586e+00 7.1418168596210807e-01 1.4491803648432402e+00 4.2899949838523094e-01
8.1913104350788024e-01 5.0672306117303894e+00 7.1418394765754245e-01 1.4492029511116071e+00 4.2899259837023407e-01
8.1947637322222722e-01 5.0673868758875669e+00 7.1418620189655158e-01 1.4492265653383480e+00 4.2898635948864033e-01
8.1982169123617621e-01 5.0675397179794865e+00 7.1418858892548864e-01 1.4492499146638251e+00 4.2898033226713378e-01
8.2016699772560164e-01 5.0676884415304055e+00 7.1419116793430970e-01 1.4492724613610817e+00 4.2897441646691242e-01
8.2051229294630512e-01 5.0678322883960556e+00 7.1419375888218661e-01 1.4492959035679460e+00 4.2896917885969771e-01
8.2085757698889439e-01 5.0679795717437406e+00 7.1419617539058489e-01 1.4493219992748174e+00 4.2896443605123358e-01
8.2120284974746727e-01 5.0681278238239038e+00 7.1419859339101188e-01 1.4493491202976165e+00 4.2895991498614638e-01
8.2154811134985473e-01 5.0682685303859749e+00 7.1420139465095056e-01 1.4493737169445389e+00 4.2895528569226032e-01
8.2189336213446418e-01 5.0684016493813697e+00 7.1420451855710310e-01 1.4493963817114359e+00 4.2895072706649351e-01
8.2223860220148159e-01 5.0685391977130783e+00 7.1420735143968683e-01 1.4494228855657898e+00 4.2894692998125622e-01
8.2258383120514178e-01 5.0686885248325035e+00 7.1420965814455617e-01 1.4494554648765616e+00 4.2894393424711152e-01
8.2292904899583752e-01 5.0688322384589659e+00 7.1421225361694840e-01 1.4494865378870450e+00 4.2894096796771869e-01
8.2327425624603512e-01 5.0689516466863509e+00 7.1421593906201108e-01 1.4495086537520618e+00 4.2893740800416608e-01
8.2361945349158927e-01 5.0690695371516723e+00 7.1421990148606551e-01 1.4495294629251851e+00 4.2893358997192238e-01
8.2396464008720971e-01 5.0692160983654952e+00 7.1422247919487936e-01 1.4495645541278115e+00 4.2893157225883660e-01
8.2430981491653366e-01 5.0693846700028340e+00 7.1422402300480203e-01 1.4496106881324864e+00 4.2893095981953050e-01
8.2465497823731204e-01 5.0695187093368688e+00 7.1422727320125901e-01 1.4496422755524057e+00 4.2892896505614125e-01
8.2500013181991116e-01 5.0696030556755494e+00 7.1423317873553238e-01 1.4496504757275306e+00 4.2892425495856423e-01
8.2534527616442432e-01 5.0697104603198708e+00 7.1423804650255673e-01 1.4496698524784417e+00 4.2892090105289027e-01
8.2569040894107526e-01 5.0699040919945997e+00 7.1423842862380049e-01 1.4497327236983835e+00 4.2892312084981571e-01
8.2603552794658808e-01 5.0701144217930016e+00 7.1423813251909907e-01 1.4498035663098032e+00 4.2892628618342687e-01
8.2638063544412110e-01 5.0701972556093251e+00 7.1424451080699214e-01 1.4498134541492005e+00 4.2892220392763547e-01
8.2672573608417665e-01 5.0701848306102617e+00 7.1425586425411514e-01 1.4497782682824591e+00 4.2891284540448193e-01
8.2707082866178183e-01 5.0703214846668914e+00 7.1425975264282915e-01 1.4498151794925906e+00 4.2891220523500201e-01
8.2741590478384286e-01 5.0707022989674870e+00 7.1425128032003204e-01 1.4499694444214850e+00 4.2892562773308512e-01
8.2776096156044421e-01 5.0709747052202632e+00 7.1424830084322466e-01 1.4500719218112517e+00 4.2893289932559409e-01
8.2810601115227711e-01 5.0707777450217169e+00 7.1426963553890588e-01 1.4499514538796423e+00 4.2891392409275247e-01
8.2845106583278016e-01 5.0704595953475451e+00 7.1429773685676290e-01 1.4497751354993191e+00 4.2888867613586029e-01
8.2879611400986186e-01 5.0708200228915459e+00 7.1428976768839836e-01 1.4499211776290881e+00 4.2890139200867233e-01
8.2914111696691406e-01 5.0723448644426812e+00 7.1422256736739653e-01 1.4506223194981667e+00 4.2897979877129833e-01
8.2948606566030292e-01 5.0730270801615678e+00 7.1420708119712562e-01 1.4509218813874456e+00 4.2901068488123545e-01
8.2983105734305951e-01 5.0699546320904076e+00 7.1437487895985496e-01 1.4494334149597661e+00 4.2883029143462348e-01
8.3017617969453106e-01 5.0670083111128310e+00 7.1450168772202605e-01 1.4480040944655670e+00 4.2865651846963876e-01
8.3052141058922735e-01 5.0678489671539690e+00 7.1422846757361025e-01 1.4483766322629177e+00 4.2869567788529767e-01
8.3086726937465960e-01 5.0624130651560364e+00 7.1262797498283503e-01 1.4457494826684696e+00 4.2837757332152071e-01
8.3122066446670551e-01 4.9204515200665506e+00 7.0498578882535412e-01 1.3783574882516549e+00 4.2019237948909166e-01
8.3165486209668904e-01 3.7805358709453456e+00 6.4011044955140806e-01 8.7218451459507529e-01 3.4605590756250920e-01
8.3245661839101281e-01 2.0983151162553497e+00 3.9320939008078526e-01 2.0680901138747640e-01 1.4783933770387223e-01
8.3402612775897933e-01 1.2196586772324525e+00 7.7695074787353283e-02 1.1094805134615804e-02 1.3644971345333113e-02
8.3627445848672688e-01 1.0191159705130186e+00 1.5019376864343231e-03 3.2900449402375326e-05 4.8424983546004158e-05
8.3875050526747819e-01 1.0004042274579705e+00 1.5215190702872474e-06 1.0018519122410602e-06 1.5021706497384083e-06
8.4125000006750383e-01 1.0000000958541337e+00 1.1391023012662907e-10 1.0000001598453601e-06 1.5000000959868303e-06
8.4374999997384303e-01 9.9999997907451688e-01 -2.7880111248692540e-11 9.9999996494570809e-07 1.4999999788067863e-06
8.4624999999999995e-01 1.0000000000000000e+00 2.3246713400299919e-14 9.9999999997324451e-07 1.4999999999598666e-06
8.4874999999999989e-01 9.9999999999995559e-01 3.9271361226406520e-15 1.0000000000842668e-06 1.5000000001264667e-06
8.5125000000000006e-01 1.0000000000000000e+00 1.6790566246501655e-14 9.9999999997324451e-07 1.4999999999598666e-06
8.5375000000000001e-01 1.0000000000000000e+00 -2.3892168531741502e-15 9.9999999997324451e-07 1.4999999999598666e-06
8.5624999999999996e-01 1.0000000000000888e+00 -1.1006209950816136e-14 1.0000000000842668e-06 1.5000000001262670e-06
8.5874999999999990e-01 9.9999999999995559e-01 -5.0413245309278207e-15 1.0000000000842668e-06 1.5000000001264667e-06
8.6124999999999985e-01 1.0000000000000000e+00 -1.6894353370331484e-14 9.9999999997324451e-07 1.4999999999598666e-06
8.6375000000000002e-01 9.9999999999995559e-01 -2.7421016909366999e-17 1.0000000000842668e-06 1.5000000001264667e-06
8.6624999999999996e-01 1.0000000000000000e+00 -7.3680672268625382e-17 9.9999999997324451e-07 1.4999999999598666e-06
8.6874999999999991e-01 1.0000000000000888e+00 4.4870573768885090e-15 1.0000000000842668e-06 1.5000000001262670e-06
8.7124999999999986e-01 9.9999999999991118e-01 -1.0947353649277075e-14 1.0000000000287557e-06 1.5000000000432665e-06
8.7375000000000003e-01 1.0000000000000444e+00 -2.3698988854458318e-15 1.0000000000287557e-06 1.5000000000430666e-06
8.7624999999999997e-01 1.0000000000000000e+00 2.3306366012841225e-14 9.9999999997324451e-07 1.4999999999598666e-06
8.7874999999999992e-01 1.0000000000000000e+00 1.6434785324212942e-14 9.9999999997324451e-07 1.4999999999598666e-06
8.8124999999999987e-01 1.0000000000000888e+00 -8.8088366077168744e-15 1.0000000000842668e-06 1.5000000001262670e-06
8.8374999999999981e-01 9.9999999999995559e-01 -5.1027761776170819e-15 1.0000000000842668e-06 1.5000000001264667e-06
8.8624999999999976e-01 1.0000000000000000e+00 -1.6942824841727982e-14 9.9999999997324451e-07 1.4999999999598666e-06
8.8874999999999993e-01 9.9999999999995559e-01 7.7805157324029836e-15 1.0000000000842668e-06 1.5000000001264667e-06
8.9124999999999988e-01 1.0000000000000000e+00 1.1880972551100785e-14 9.9999999997324451e-07 1.4999999999598666e-06
8.9375000000000004e-01 9.9999999999995559e-01 1.1280538258055536e-14 1.0000000000842668e-06 1.5000000001264667e-06
8.9624999999999999e-01 1.0000000000000000e+00 -1.4323790963529942e-16 9.9999999997324451e-07 1.4999999999598666e-06
8.9874999999999994e-01 1.0000000000000888e+00 -8.8202411493606611e-15 1.0000000000842668e-06 1.5000000001262670e-06
9.0124999999999988e-01 9.9999999999995559e-01 -5.0396108270042862e-15 1.0000000000842668e-06 1.5000000001264667e-06
9.0374999999999983e-01 1.0000000000000000e+00 -1.6894353518537666e-14 9.9999999997324451e-07 1.4999999999598666e-06
9.0625000000000000e-01 9.9999999999995559e-01 -2.7421016909366999e-17 1.0000000000842668e-06 1.5000000001264667e-06
9.0874999999999995e-01 1.0000000000000000e+00 -7.3680672268625382e-17 9.9999999997324451e-07 1.4999999999598666e-06
9.1124999999999989e-01 1.0000000000000888e+00 4.4870573768885090e-15 1.0000000000842668e-06 1.5000000001262670e-06
9.1374999999999984e-01 9.9999999999991118e-01 -1.0947353665570107e-14 1.0000000000287557e-06 1.5000000000432665e-06
9.1625000000000001e-01 1.0000000000000444e+00 -2.3698989746135496e-15 1.0000000000287557e-06 1.5000000000430666e-06
9.1874999999999996e-01 1.0000000000000000e+00 2.5491869728139828e-14 9.9999999997324451e-07 1.4999999999598666e-06
9.2124999999999990e-01 9.9999999999995559e-01 1.9573111054045161e-15 1.0000000000842668e-06 1.5000000001264667e-06
9.2375000000000007e-01 1.0000000000000000e+00 1.6750167917571800e-14 9.9999999997324451e-07 1.4999999999598666e-06
9.2625000000000002e-01 1.0000000000000000e+00 -6.7095375119274970e-16 9.9999999997324451e-07 1.4999999999598666e-06
9.2874999999999996e-01 1.0000000000000888e+00 -1.5661173375420877e-14 1.0000000000842668e-06 1.5000000001262670e-06
9.3124999999999991e-01 9.9999999999995559e-01 6.4578551062084817e-15 1.0000000000842668e-06 1.5000000001264667e-06
9.3374999999999986e-01 1.0000000000000444e+00 -3.7573997625275682e-14 1.0000000000287557e-06 1.5000000000430666e-06
9.3624999999999992e-01 9.9999999999991118e-01 2.3992836700686894e-14 1.0000000000287557e-06 1.5000000000432665e-06
9.3874999999999997e-01 1.0000000000000000e+00 -1.1895366138709154e-14 9.9999999997324451e-07 1.4999999999598666e-06
9.4124999999999992e-01 1.0000000000000888e+00 4.4726324068448213e-15 1.0000000000842668e-06 1.5000000001262670e-06
9.4374999999999987e-01 9.9999999999991118e-01 -1.0943257313397588e-14 1.0000000000287557e-06 1.5000000000432665e-06
9.4625000000000004e-01 1.0000000000000444e+00 -2.3779251615534182e-15 1.0000000000287557e-06 1.5000000000430666e-06
9.4874999999999998e-01 1.0000000000000000e+00 1.7734080032809869e-14 9.9999999997324451e-07 1.4999999999598666e-06
9.5124999999999993e-01 9.9999999999995559e-01 -8.8284818456240283e-15 1.0000000000842668e-06 1.5000000001264667e-06
9.5375000000000010e-01 1.0000000000000000e+00 8.5495409182557700e-18 9.9999999997324451e-07 1.4999999999598666e-06
9.5624999999999993e-01 1.0000000000000888e+00 8.7873629789225433e-15 1.0000000000842668e-06 1.5000000001262670e-06
9.5874999999999977e-01 9.9999999999995559e-01 9.7209360326298119e-15 1.0000000000842668e-06 1.5000000001264667e-06
9.6124999999999994e-01 1.0000000000000000e+00 1.6825768800451822e-14 9.9999999997324451e-07 1.4999999999598666e-06
9.6374999999999988e-01 1.0000000000000000e+00 -2.4953522258337134e-15 9.9999999997324451e-07 1.4999999999598666e-06
9.6624999999999983e-01 1.0000000000000888e+00 -1.0820548125678884e-14 1.0000000000842668e-06 1.5000000001262670e-06
9.6874999999999978e-01 9.9999999999995559e-01 -5.1027761266380543e-15 1.0000000000842668e-06 1.5000000001264667e-06
9.7124999999999972e-01 1.0000000000000000e+00 -1.6942825598839555e-14 9.9999999997324451e-07 1.4999999999598666e-06
9.7374999999999989e-01 9.9999999999995559e-01 5.3798323803024808e-17 1.0000000000842668e-06 1.5000000001264667e-06
9.7624999999999984e-01 1.0000000000000000e+00 -4.7514310630308074e-17 9.9999999997324451e-07 1.4999999999598666e-06
9.7875000000000001e-01 9.9999999999995559e-01 4.0592986425016593e-18 1.0000000000842668e-06 1.5000000001264667e-06
9.8124999999999996e-01 1.0000000000000000e+00 -6.6861201940931549e-17 9.9999999997324451e-07 1.4999999999598666e-06
9.8374999999999990e-01 1.0000000000000888e+00 4.4870574801316219e-15 1.0000000000842668e-06 1.5000000001262670e-06
9.8624999999999985e-01 9.9999999999991118e-01 -1.0947353673734882e-14 1.0000000000287557e-06 1.5000000000432665e-06
9.8875000000000002e-01 1.0000000000000444e+00 -2.3698990790435348e-15 1.0000000000287557e-06 1.5000000000430666e-06
9.9124999999999996e-01 1.0000000000000000e+00 2.6782636370531642e-14 9.9999999997324451e-07 1.4999999999598666e-06
9.9374999999999991e-01 9.9999999999995559e-01 3.3153013338416656e-15 1.0000000000842668e-06 1.5000000001264667e-06
9.9625000000000008e-01 1.0000000000000000e+00 1.6346825450414979e-14 9.9999999997324451e-07 1.4999999999598666e-06
9.9875000000000003e-01 1.0000000000000000e+00 6.6597808145798678e-15 9.9999999997324451e-07 1.4999999999598666e-06
