1.2499999999999998e-03 1.0000000000000002e+01 1.4782180911501380e-15 1.3333333333333343e+01 2.0000000000000009e+00
3.7499999999999994e-03 1.0000000000000000e+01 1.1078043756674761e-15 1.3333333333333343e+01 2.0000000000000013e+00
6.2499999999999986e-03 1.0000000000000000e+01 4.3864788113593685e-16 1.3333333333333343e+01 2.0000000000000013e+00
8.7499999999999991e-03 9.9999999999999964e+00 8.9832988437201186e-16 1.3333333333333350e+01 2.0000000000000031e+00
1.1250000000000000e-02 9.9999999999999911e+00 1.9219771850220091e-15 1.3333333333333329e+01 2.0000000000000009e+00
1.3749999999999998e-02 9.9999999999999964e+00 3.4101108779405137e-15 1.3333333333333350e+01 2.0000000000000031e+00
1.6250000000000001e-02 9.9999999999999964e+00 5.1125596855575121e-15 1.3333333333333336e+01 2.0000000000000009e+00
1.8749999999999999e-02 1.0000000000000004e+01 3.1171929384449855e-15 1.3333333333333336e+01 1.9999999999999993e+00
2.1249999999999998e-02 9.9999999999999840e+00 -6.7140831607309588e-16 1.3333333333333332e+01 2.0000000000000027e+00
2.3750000000000000e-02 9.9999999999999929e+00 -1.5547523983415754e-15 1.3333333333333346e+01 2.0000000000000031e+00
2.6250000000000002e-02 9.9999999999999947e+00 1.5707528449352758e-15 1.3333333333333346e+01 2.0000000000000027e+00
2.8749999999999998e-02 1.0000000000000004e+01 4.2319946165146614e-15 1.3333333333333339e+01 2.0000000000000000e+00
3.1250000000000000e-02 9.9999999999999911e+00 5.5355949776941292e-15 1.3333333333333329e+01 2.0000000000000009e+00
3.3750000000000002e-02 9.9999999999999964e+00 7.3415087371881415e-15 1.3333333333333336e+01 2.0000000000000009e+00
3.6250000000000004e-02 1.0000000000000004e+01 9.2113989377402211e-15 1.3333333333333336e+01 1.9999999999999993e+00
3.8749999999999993e-02 1.0000000000000014e+01 8.1473933894536549e-15 1.3333333333333332e+01 1.9999999999999967e+00
4.1249999999999995e-02 9.9999999999999911e+00 5.4697988400278169e-15 1.3333333333333320e+01 1.9999999999999998e+00
4.3749999999999997e-02 1.0000000000000000e+01 4.1436883511071698e-15 1.3333333333333332e+01 1.9999999999999998e+00
4.6249999999999999e-02 1.0000000000000014e+01 5.5325179335454775e-15 1.3333333333333332e+01 1.9999999999999967e+00
4.8750000000000002e-02 9.9999999999999947e+00 6.1484146101543801e-15 1.3333333333333329e+01 2.0000000000000000e+00
5.1249999999999990e-02 1.0000000000000004e+01 5.5784427480676650e-15 1.3333333333333330e+01 1.9999999999999987e+00
5.3749999999999992e-02 9.9999999999999787e+00 8.3320637299744390e-16 1.3333333333333309e+01 2.0000000000000004e+00
5.6249999999999994e-02 1.0000000000000004e+01 -4.2629439550954860e-15 1.3333333333333334e+01 1.9999999999999991e+00
5.8749999999999997e-02 1.0000000000000000e+01 -6.2784937814491952e-15 1.3333333333333325e+01 1.9999999999999987e+00
6.1249999999999999e-02 9.9999999999999787e+00 -7.1525726052802441e-15 1.3333333333333323e+01 2.0000000000000027e+00
6.3750000000000001e-02 9.9999999999999911e+00 -6.5913892308979368e-15 1.3333333333333323e+01 2.0000000000000000e+00
6.6250000000000003e-02 1.0000000000000000e+01 -4.2362032473378081e-15 1.3333333333333325e+01 1.9999999999999987e+00
6.8750000000000006e-02 1.0000000000000009e+01 -5.2919506216405284e-16 1.3333333333333332e+01 1.9999999999999978e+00
7.1249999999999994e-02 1.0000000000000023e+01 2.9728895892863003e-15 1.3333333333333318e+01 1.9999999999999931e+00
7.3749999999999982e-02 9.9999999999999698e+00 5.1857904949548662e-15 1.3333333333333334e+01 2.0000000000000058e+00
7.6249999999999998e-02 1.0000000000000000e+01 8.5009836506266045e-15 1.3333333333333341e+01 2.0000000000000009e+00
7.8749999999999987e-02 1.0000000000000016e+01 7.7290160078087190e-15 1.3333333333333314e+01 1.9999999999999938e+00
8.1249999999999989e-02 9.9999999999999787e+00 5.5794453636994591e-15 1.3333333333333318e+01 2.0000000000000018e+00
8.3750000000000005e-02 9.9999999999999343e+00 1.2974548256658280e-14 1.3333333333333096e+01 1.9999999999999774e+00
8.6249999999999993e-02 9.9999999999998916e+00 3.5507819916022780e-15 1.3333333333333139e+01 1.9999999999999925e+00
8.8749999999999871e-02 1.0000000000001085e+01 -7.7553769982768852e-14 1.3333333333335597e+01 2.0000000000001221e+00
9.1249999999999276e-02 1.0000000000003785e+01 -2.2237373477635413e-13 1.3333333333340823e+01 2.0000000000003659e+00
9.3749999999998126e-02 1.0000000000005631e+01 -3.7902390609876516e-13 1.3333333333345273e+01 2.0000000000006644e+00
9.6249999999996755e-02 1.0000000000005995e+01 -3.9495710164008924e-13 1.3333333333345948e+01 2.0000000000006928e+00
9.8749999999996313e-02 9.9999999999981011e+00 1.6854633199479554e-13 1.3333333333328554e+01 1.9999999999996627e+00
1.0124999999999945e-01 9.9999999999756550e+00 1.7606918025349306e-12 1.3333333333278873e+01 1.9999999999966998e+00
1.0375000000000889e-01 9.9999999999432418e+00 4.0929945961560575e-12 1.3333333333206628e+01 1.9999999999923459e+00
1.0625000000002324e-01 9.9999999999314966e+00 4.9115981959904592e-12 1.3333333333180837e+01 1.9999999999908260e+00
1.0875000000002906e-01 1.0000000000011907e+01 -8.1475164617350144e-13 1.3333333333359343e+01 2.0000000000015197e+00
1.1124999999999508e-01 1.0000000000266077e+01 -1.9027526178649135e-11 1.3333333333924482e+01 2.0000000000354565e+00
1.1374999999988228e-01 1.0000000000685505e+01 -4.9057664684219160e-11 1.3333333334856373e+01 2.0000000000913549e+00
1.1624999999968801e-01 1.0000000000979069e+01 -7.0088110179024989e-11 1.3333333335508673e+01 2.0000000001304867e+00
1.1874999999953147e-01 1.0000000000409324e+01 -2.9292727558437277e-11 1.3333333334242417e+01 2.0000000000544973e+00
1.2124999999973987e-01 9.9999999979408880e+00 1.4747517195072430e-10 1.3333333328757146e+01 1.9999999997253941e+00
1.2375000000080846e-01 9.9999999931358250e+00 4.9155649414094399e-10 1.3333333318079545e+01 1.9999999990847666e+00
1.2625000000303410e-01 9.9999999880181178e+00 8.5806800349037617e-10 1.3333333306706677e+01 1.9999999984023780e+00
1.2875000000567594e-01 9.9999999892301261e+00 7.7127821616969414e-10 1.3333333309400308e+01 1.9999999985640207e+00
1.3125000000585929e-01 1.0000000008137064e+01 -5.8270452268823870e-10 1.3333333351415703e+01 2.0000000010849424e+00
1.3374999999819501e-01 1.0000000054856404e+01 -3.9282743771736866e-09 1.3333333455235284e+01 2.0000000073140112e+00
1.3624999997697612e-01 1.0000000122662927e+01 -8.7840136742547550e-09 1.3333333605917069e+01 2.0000000163549747e+00
1.3874999994296894e-01 1.0000000164908281e+01 -1.1809313536996888e-08 1.3333333699795983e+01 2.0000000219877405e+00
1.4124999991477305e-01 1.0000000079287130e+01 -5.6778039234838586e-09 1.3333333509525694e+01 2.0000000105714277e+00
1.4374999993920587e-01 9.9999997307449959e+00 1.9281769136225258e-08 1.3333332734988245e+01 1.9999999640992363e+00
1.4625000008682834e-01 9.9999990516857640e+00 6.7910202896153257e-08 1.3333331225968042e+01 1.9999998735580415e+00
1.4875000041236047e-01 9.9999982345120291e+00 1.2642920009778102e-07 1.3333329410026998e+01 1.9999997646016023e+00
1.5125000086524415e-01 9.9999979562217547e+00 1.4635800046764823e-07 1.3333328791604087e+01 1.9999997274962062e+00
1.5375000116503121e-01 9.9999994508798498e+00 3.9323319715031763e-08 1.3333332113065754e+01 1.9999999267838888e+00
1.5625000071448669e-01 1.0000004130117224e+01 -2.9576375089991289e-07 1.3333342511371882e+01 2.0000005506821097e+00
1.5874999869431167e-01 1.0000012461268046e+01 -8.9236950937204880e-07 1.3333361025053941e+01 2.0000016615024112e+00
1.6124999451941824e-01 1.0000022093633236e+01 -1.5821565646037997e-06 1.3333382430339647e+01 2.0000029458177915e+00
1.6374998875599331e-01 1.0000025916068781e+01 -1.8558857853578120e-06 1.3333390924639662e+01 2.0000034554732378e+00
1.6624998434212321e-01 1.0000011502094383e+01 -8.2367888437888949e-07 1.3333358893469182e+01 2.0000015335997365e+00
1.6874998771058261e-01 9.9999624722285549e+00 2.6874326709411379e-06 1.3333249938132052e+01 1.9999949962553187e+00
1.7125000963981124e-01 9.9998592483813056e+00 1.0079516518731535e-05 1.3333020552858365e+01 1.9999812329883446e+00
1.7375006638575002e-01 9.9996757402089020e+00 2.3221107661256670e-05 1.3332612762703310e+01 1.9999567649617775e+00
1.7625018225868802e-01 9.9993708621459412e+00 4.5054868476596790e-05 1.3331935276399182e+01 1.9999161137530876e+00
1.7875039487377278e-01 9.9988760008814808e+00 8.0495542451536388e-05 1.3330835646838677e+01 1.9998501300041309e+00
1.8125076393626532e-01 9.9980795700027834e+00 1.3753726428707911e-04 1.3329065975609735e+01 1.9997439331650604e+00
1.8375138430833676e-01 9.9968076919241025e+00 2.2864003406712142e-04 1.3326240052739049e+01 1.9995743336402210e+00
1.8625240458934944e-01 9.9947991747797698e+00 3.7252895159949274e-04 1.3321777914126502e+01 1.9993064914813616e+00
1.8875405288508468e-01 9.9916740716836703e+00 5.9646223964835798e-04 1.3314836347897140e+01 1.9988897134311985e+00
1.9125667141141728e-01 9.9868968890392544e+00 9.3890147457918564e-04 1.3304227946257086e+01 1.9982525243940354e+00
1.9376076109062501e-01 9.9797378006761690e+00 1.4523614034601955e-03 1.3288336573101088e+01 1.9972974498689853e+00
1.9626703622338670e-01 9.9692382051161701e+00 2.2060148153958126e-03 1.3265044003689155e+01 1.9958963359228779e+00
1.9877648747882548e-01 9.9541903743367541e+00 3.2873964932027874e-03 1.3231690382684553e+01 1.9938874813160550e+00
2.0129044879789165e-01 9.9331439185885539e+00 4.8023406997373709e-03 1.3185098099286344e+01 1.9910762706174312e+00
2.0381066054859620e-01 9.9044529177574443e+00 6.8721817500006525e-03 1.3121691420569091e+01 1.9872412231437144e+00
2.0633931792156807e-01 9.8663758066443368e+00 9.6273455060038836e-03 1.3037738695283577e+01 1.9821470848247349e+00
2.0887909094893567e-01 9.8172354702198970e+00 1.3196837936059296e-02 1.2929726876766514e+01 1.9755653589019344e+00
2.1143310158932710e-01 9.7556367643981705e+00 1.7693749926150477e-02 1.2794850966812373e+01 1.9673012550301259e+00
2.1400484426759447e-01 9.6807220910411331e+00 2.3197380354304728e-02 1.2631576532328708e+01 1.9572263949222952e+00
2.1659803809105660e-01 9.5924391482494880e+00 2.9732640119709178e-02 1.2440223402939859e+01 1.9453170164561415e+00
2.1921640438789936e-01 9.4917810879395983e+00 3.7249516034139590e-02 1.2223455601005876e+01 1.9316905048311508e+00
2.2186338843650832e-01 9.3808501797221808e+00 4.5614525460357519e-02 1.1986322470308140e+01 1.9166155903786837e+00
2.2454189861022555e-01 9.2625057608281018e+00 5.4632666206332878e-02 1.1735386177056856e+01 1.9004662150959357e+00
2.2725416747702037e-01 9.1396582293642918e+00 6.4097403310504897e-02 1.1477145536094435e+01 1.8836282355537366e+00
2.3000178002514027e-01 9.0146691504758127e+00 7.3836049028736472e-02 1.1216761799103534e+01 1.8664182143353794e+00
2.3278581343415797e-01 8.8891615633342234e+00 8.3726419245904182e-02 1.0957704898559992e+01 1.8490559802216961e+00
2.3560699833840937e-01 8.7641353643461333e+00 9.3690545950557147e-02 1.0702052513638465e+01 1.8316785516303320e+00
2.3846584814764482e-01 8.6401660571632064e+00 1.0368125661441879e-01 1.0450949274187828e+01 1.8143660443059497e+00
2.4136274609172864e-01 8.5175693208498711e+00 1.1367057137051237e-01 1.0204976430950090e+01 1.7971634946315620e+00
2.4429799898470345e-01 8.3965093853874393e+00 1.2364189160938623e-01 9.9643915871991471e+00 1.7800953580556311e+00
2.4727186922065270e-01 8.2770639401032344e+00 1.3358524856229068e-01 9.7292706435735656e+00 1.7631742452358448e+00
2.5028459359001165e-01 8.1592616122407335e+00 1.4349452269982341e-01 9.4995889139157477e+00 1.7464059921177586e+00
2.5333639433780003e-01 8.0431033985035967e+00 1.5336583339419158e-01 9.2752670183202337e+00 1.7297925736064534e+00
2.5642748568374635e-01 7.9285749177535845e+00 1.6319660508603315e-01 9.0561968128431687e+00 1.7133337781606801e+00
2.5955807768284056e-01 7.8156534343134636e+00 1.7298502476246860e-01 8.8422560474855700e+00 1.6970281733575134e+00
2.6272837852576691e-01 7.7043118710022549e+00 1.8272972600856538e-01 8.6333166016771692e+00 1.6808736613139064e+00
2.6593859592463132e-01 7.5945210950871447e+00 1.9242960648466936e-01 8.4292490730476803e+00 1.6648677976219954e+00
2.6918893796855869e-01 7.4862511937080809e+00 2.0208372285057488e-01 8.2299252610346851e+00 1.6490079710292718e+00
2.7247961367516171e-01 7.3794721758251205e+00 2.1169123209169002e-01 8.0352194706727342e+00 1.6332915036245717e+00
2.7581083337551937e-01 7.2741543347624695e+00 2.2125135910017332e-01 7.8450091316030397e+00 1.6177157035517882e+00
2.7918280901019676e-01 7.1702684272626875e+00 2.3076338021582096e-01 7.6591750532074832e+00 1.6022778918748457e+00
2.8259575438655171e-01 7.0677857431057696e+00 2.4022661515547650e-01 7.4776014694600130e+00 1.5869754137823142e+00
2.8604988542065601e-01 6.9666781223498546e+00 2.4964042410397491e-01 7.3001759869345237e+00 1.5718056422432030e+00
2.8954542038378456e-01 6.8669179414741519e+00 2.5900420706805749e-01 7.1267894787395258e+00 1.5567659769958426e+00
2.9308258015631689e-01 6.7684780891858534e+00 2.6831740460798498e-01 6.9573359640780001e+00 1.5418538419723677e+00
2.9666158849974056e-01 6.6713319366883272e+00 2.7757949886280159e-01 6.7917124821121364e+00 1.5270666817135394e+00
3.0028267234117217e-01 6.5754533094580738e+00 2.8679001469936988e-01 6.6298189732185877e+00 1.5124019579796075e+00
3.0394606207976449e-01 6.4808164608689678e+00 2.9594852061933596e-01 6.4715581670481779e+00 1.4978571464235968e+00
3.0765199190499826e-01 6.3873960494324669e+00 3.0505462943749334e-01 6.3168354810742642e+00 1.4834297338511349e+00
3.1140070013809862e-01 6.2951671193397747e+00 3.1410799864640765e-01 6.1655589272461278e+00 1.4691172157220092e+00
3.1519242958321081e-01 6.2041050839438343e+00 3.2310833050471421e-01 6.0176390274386611e+00 1.4549170942507696e+00
3.1902742790282584e-01 6.1141857123231516e+00 3.3205537186798928e-01 5.8729887353977901e+00 1.4408268766421595e+00
3.2290594800075939e-01 6.0253851175420916e+00 3.4094891378347214e-01 5.7315233652039659e+00 1.4268440738793806e+00
3.2682824843117303e-01 5.9376797476084544e+00 3.4978879090204984e-01 5.5931605243774190e+00 1.4129661994561598e+00
3.3079459381317189e-01 5.8510463768736392e+00 3.5857488070682175e-01 5.4578200516970670e+00 1.3991907686638394e+00
3.3480525527412297e-01 5.7654620999947346e+00 3.6730710262122501e-01 5.3254239582258123e+00 1.3855152976109257e+00
3.3886051089681657e-01 5.6809043252432367e+00 3.7598541697503862e-01 5.1958963718640314e+00 1.3719373028628397e+00
3.4296064619889743e-01 5.5973507705955061e+00 3.8460982389400333e-01 5.0691634841570483e+00 1.3584543005916714e+00
3.4710595461450888e-01 5.5147794581008309e+00 3.9318036207224139e-01 4.9451534999314726e+00 1.3450638064956657e+00
3.5129673801264422e-01 5.4331687116920770e+00 4.0169710749486903e-01 4.8237965886354210e+00 1.3317633349728404e+00
3.5553330721600063e-01 5.3524971521484908e+00 4.1016017205242766e-01 4.7050248381732365e+00 1.3185503993079120e+00
3.5981598256186226e-01 5.2727436965645635e+00 4.1856970211582006e-01 4.5887722101716504e+00 1.3054225108157962e+00
3.6414509446143845e-01 5.1938875537925764e+00 4.2692587699687740e-01 4.4749744976820356e+00 1.2923771793291161e+00
3.6852098400749289e-01 5.1159082257894664e+00 4.3522890736433861e-01 4.3635692842480838e+00 1.2794119123124168e+00
3.7294400357775892e-01 5.0387855036995592e+00 4.4347903352264378e-01 4.2544959055721199e+00 1.2665242157405983e+00
3.7741451749380234e-01 4.9624994717048940e+00 4.5167652362462668e-01 4.1476954126708083e+00 1.2537115932163045e+00
3.8193290267203356e-01 4.8870305041035698e+00 4.5982167170337979e-01 4.0431105379771761e+00 1.2409715474199210e+00
3.8649954933818298e-01 4.8123592727225644e+00 4.6791479559502891e-01 3.9406856632651444e+00 1.2283015793111360e+00
3.9111486172870003e-01 4.7384667457908414e+00 4.7595623460962833e-01 3.8403667911091435e+00 1.2156991904144490e+00
3.9577925886437415e-01 4.6653342004363108e+00 4.8394634701736056e-01 3.7421015187587483e+00 1.2031618822962713e+00
4.0049317530314932e-01 4.5929432247844684e+00 4.9188550716940632e-01 3.6458390164807812e+00 1.1906871600786666e+00
4.0525706197432004e-01 4.5212757379014290e+00 4.9977410230784047e-01 3.5515300093093325e+00 1.1782725325300967e+00
4.1007138698020162e-01 4.4503139975170916e+00 5.0761252882806485e-01 3.4591267647511970e+00 1.1659155174267830e+00
4.1493663648782941e-01 4.3800406311696891e+00 5.1540118801786661e-01 3.3685830855673227e+00 1.1536136428491564e+00
4.1985331557009320e-01 4.3104386536040122e+00 5.2314048094916921e-01 3.2798543109152667e+00 1.1413644553923550e+00
4.2482194914314464e-01 4.2414915152675929e+00 5.3083080248329573e-01 3.1928973254304642e+00 1.1291655237093028e+00
4.2984308282471551e-01 4.1731831364474461e+00 5.3847253392227512e-01 3.1076705807191241e+00 1.1170144512389981e+00
4.3491728388869300e-01 4.1054979835168171e+00 5.4606603413605281e-01 3.0241341297889712e+00 1.1049088838664327e+00
4.4004514209414008e-01 4.0384211323912247e+00 5.5361162844894185e-01 2.9422496809318393e+00 1.0928465300458936e+00
4.4522727059650413e-01 3.9719383907852417e+00 5.6110959484938627e-01 2.8619806735857689e+00 1.0808251760244307e+00
4.5046430665481618e-01 3.9060364141976462e+00 5.6856014634774543e-01 2.7832923863598609e+00 1.0688427185073697e+00
4.5575691237680382e-01 3.8407029075634300e+00 5.7596340849542338e-01 2.7061520839519395e+00 1.0568971939834608e+00
4.6110577512213480e-01 3.7759268380853062e+00 5.8331938999212651e-01 2.6305292202543429e+00 1.0449868335855639e+00
4.6651160783467871e-01 3.7116987804553445e+00 5.9062794421189035e-01 2.5563957134881430e+00 1.0331101193943850e+00
4.7197514877890179e-01 3.6480113153555349e+00 5.9788871767755547e-01 2.4837263255767374e+00 1.0212658805862311e+00
4.7749716095482042e-01 3.5848596493311105e+00 6.0510108060442180e-01 2.4124991826516009e+00 1.0094534034693978e+00
4.8307843042077037e-01 3.5222423891020909e+00 6.1226403113919159e-01 2.3426965035253140e+00 9.9767260940374702e-01
4.8871976371781406e-01 3.4601627265917960e+00 6.1937606158882574e-01 2.2743056264997858e+00 9.8592427851215814e-01
4.9442198315374031e-01 3.3986300353748811e+00 6.2643496674460353e-01 2.2073204923006515e+00 9.7421040360039191e-01
5.0018591979369453e-01 3.3376623379455550e+00 6.3343756331699719e-01 2.1417438255490895e+00 9.6253467638104706e-01
5.0601240185628271e-01 3.2772898982398311e+00 6.4037926669697121e-01 2.0775904403258276e+00 9.5090326374926182e-01
5.1190223715148064e-01 3.2175609557682336e+00 6.4725343495816390e-01 2.0148923768990485e+00 9.3932596985624184e-01
5.1785618448758641e-01 3.1585506970492983e+00 6.5405032349508474e-01 1.9537070970327739e+00 9.2781814402626972e-01
5.2387490876852705e-01 3.1003759921324261e+00 6.6075539223799207e-01 1.8941307321508312e+00 9.1640372181829577e-01
5.2995890731669237e-01 3.0432190152733321e+00 6.6734656838139905e-01 1.8363193928316930e+00 9.0512022809509840e-01
5.3610839226143370e-01 2.9873643374284891e+00 6.7378997731002410e-01 1.7805220467509462e+00 8.9402656270089176e-01
5.4232310403118611e-01 2.9332513753844407e+00 6.8003388025230360e-01 1.7271262987514500e+00 8.8321426178062601e-01
5.4860203750283365e-01 2.8815348055291636e+00 6.8600172843021245e-01 1.6767086922267576e+00 8.7282063486242401e-01
5.5494308233076395e-01 2.8331209139205207e+00 6.9158799384936875e-01 1.6300596387259316e+00 8.6303745317574221e-01
5.6134265035046504e-01 2.7891204857022389e+00 6.9666374237352768e-01 1.5881293019090812e+00 8.5410220357111521e-01
5.6779544081861921e-01 2.7506658938994386e+00 7.0109796939438240e-01 1.5518528267086260e+00 8.4626026200622961e-01
5.7429453301445099e-01 2.7186213718749919e+00 7.0479115166326955e-01 1.5218908625641863e+00 8.3970365180784312e-01
5.8083188171067035e-01 2.6933151369466897e+00 7.0770573622985955e-01 1.4984073621203269e+00 8.3451468873728696e-01
5.8739911334069728e-01 2.6744364607890607e+00 7.0987768133111051e-01 1.4810007806286056e+00 8.3064271801300549e-01
5.9398836360066443e-01 2.6611384674183647e+00 7.1140468597897866e-01 1.4688112894320560e+00 8.2792269591498491e-01
6.0059292205764847e-01 2.6522735796936896e+00 7.1241911675915470e-01 1.4607364115809374e+00 8.2612315492146771e-01
6.0720754073751371e-01 2.6466490155979132e+00 7.1305851508669560e-01 1.4556572729107082e+00 8.2500017814896542e-01
6.1382843659139308e-01 2.6432167133433526e+00 7.1344366512320689e-01 1.4526029802430507e+00 8.2433818587978080e-01
6.2045306801110844e-01 2.6411665452875419e+00 7.1366783643963949e-01 1.4508285591353709e+00 8.2397031818609923e-01
6.2707983544132895e-01 2.6399372198509581e+00 7.1379552515014222e-01 1.4498206085071597e+00 8.2378129919450027e-01
6.3370776697007591e-01 2.6391776302554342e+00 7.1386690462564029e-01 1.4492599241317750e+00 8.2369972421570625e-01
6.4033628645498930e-01 2.6386848685816546e+00 7.1390495556929734e-01 1.4489641022462221e+00 8.2368538177793216e-01
6.4696503858016996e-01 2.6383328367449495e+00 7.1392366398555274e-01 1.4488222227911716e+00 8.2371462156684894e-01
6.5359383332310550e-01 2.6380184973782881e+00 7.1393416257524112e-01 1.4487460505180632e+00 8.2376946103174820e-01
6.6022258699777936e-01 2.6376643852907620e+00 7.1394435370299192e-01 1.4486729938665992e+00 8.2383850762740518e-01
6.6685129789298603e-01 2.6372403138404343e+00 7.1395627893546909e-01 1.4485869527305653e+00 8.2392204369560429e-01
6.7347994552839552e-01 2.6367445025272387e+00 7.1396810579119918e-01 1.4485025603142871e+00 8.2402896389426905e-01
6.8010851024408780e-01 2.6361646893210544e+00 7.1397829701961657e-01 1.4484321252653183e+00 8.2417012742005269e-01
6.8673692403003816e-01 2.6354605668149600e+00 7.1398707990811705e-01 1.4483739881902242e+00 8.2435723366217795e-01
6.9336516590378383e-01 2.6345652104872745e+00 7.1399527599289603e-01 1.4483218084855702e+00 8.2460768254301242e-01
6.9999316155226077e-01 2.6333787791221268e+00 7.1400318808281749e-01 1.4482733954435394e+00 8.2495162123601207e-01
7.0662091409054217e-01 2.6317385584481690e+00 7.1401064551228344e-01 1.4482303576070141e+00 8.2544123900037636e-01
7.1324832808765448e-01 2.6293605338477093e+00 7.1401749285679339e-01 1.4481942378562402e+00 8.2616717213957303e-01
7.1987545449344592e-01 2.6257409613222285e+00 7.1402375288179243e-01 1.4481652374079070e+00 8.2728947299431810e-01
7.2650221061716624e-01 2.6199924699154677e+00 7.1402951082218225e-01 1.4481431606528787e+00 8.2909197866870321e-01
7.3312886325110638e-01 2.6105217106701661e+00 7.1403484637518067e-01 1.4481280142484663e+00 8.3209115346336648e-01
7.3975556292395428e-01 2.5963266351697367e+00 7.1403986432802935e-01 1.4481198454429656e+00 8.3663578331793376e-01
7.4638349350501243e-01 2.5843236974328927e+00 7.1404470712537860e-01 1.4481186177091248e+00 8.4052084060576238e-01
7.5301525292636828e-01 2.5791611749535153e+00 7.1404953093557089e-01 1.4481242058007229e+00 8.4220650101102490e-01
7.5965943517841528e-01 2.5784194862482011e+00 7.1405448523913229e-01 1.4481367253582909e+00 8.4245604705623833e-01
7.6631345553511498e-01 2.5839335546295357e+00 7.1405981139412034e-01 1.4481568864249017e+00 8.4066996449867715e-01
7.7298147490526825e-01 2.6035736632713395e+00 7.1406615242309956e-01 1.4481858447486600e+00 8.3434503804035409e-01
7.7978685901231504e-01 2.6490204319857300e+00 7.1407298218147996e-01 1.4482407498005250e+00 8.2006204952989559e-01
7.8473906617184097e-01 2.7129639017965972e+00 7.1408084022633023e-01 1.4482816542135895e+00 8.0075613239149546e-01
7.8657375079708036e-01 2.7678895351218515e+00 7.1409830568429866e-01 1.4481875634310444e+00 7.8481504322423601e-01
7.8711922119009969e-01 2.8153489537395036e+00 7.1409702028615762e-01 1.4482122076929032e+00 7.7159824491879070e-01
7.8748958206183306e-01 2.8863740881088207e+00 7.1408850588475647e-01 1.4482908757712105e+00 7.5265237538222785e-01
7.8782606184188941e-01 2.9984653570322939e+00 7.1408015781841816e-01 1.4483683460991721e+00 7.2455481736798311e-01
7.8815433935639334e-01 3.1648569342143995e+00 7.1407350936355285e-01 1.4484332065530998e+00 6.8649226647237316e-01
7.8848170113285776e-01 3.3966882405825221e+00 7.1407039687994556e-01 1.4484704606866625e+00 6.3965413871994947e-01
7.8881053913005483e-01 3.6938276785032742e+00 7.1407199035619362e-01 1.4484692877869965e+00 5.8819850864317158e-01
7.8914119424634999e-01 4.0114269903169113e+00 7.1407844132234433e-01 1.4484261045551783e+00 5.4161253889881311e-01
7.8947368544279706e-01 4.2861526927583382e+00 7.1408859826673798e-01 1.4483486700375152e+00 5.0687018423931907e-01
7.8980732386406227e-01 4.5016122401238299e+00 7.1409932394337683e-01 1.4482640917520366e+00 4.8258179997491224e-01
7.9014226931551801e-01 4.6667342869125852e+00 7.1410664423202463e-01 1.4482090400419050e+00 4.6548901791021291e-01
7.9047799062182156e-01 4.7916135719972708e+00 7.1410795893879730e-01 1.4482086897137252e+00 4.5335730895868342e-01
7.9081490817577682e-01 4.8850642379753459e+00 7.1410266094871677e-01 1.4482699048266643e+00 4.4470343713235733e-01
7.9115193131227302e-01 4.9540452438246358e+00 7.1409254994062543e-01 1.4483766668274696e+00 4.3854363319539136e-01
7.9149046205685059e-01 5.0044250317747396e+00 7.1408224460748304e-01 1.4484862198966495e+00 4.3416163016722231e-01
7.9182898860746875e-01 5.0405699350830551e+00 7.1407671547137364e-01 1.4485519139121272e+00 4.3106789487137398e-01
7.9216843107779833e-01 5.0660273326575558e+00 7.1407846376220896e-01 1.4485500839144523e+00 4.2890118493139862e-01
7.9250820226233332e-01 5.0836009793292911e+00 7.1408751696300921e-01 1.4484802043726090e+00 4.2739788496255526e-01
7.9284842605414385e-01 5.0954130760379961e+00 7.1410089514330388e-01 1.4483700566672038e+00 4.2637467317764621e-01
7.9318904383782551e-01 5.1032286760672028e+00 7.1411258749934392e-01 1.4482759132203284e+00 4.2569400819103814e-01
7.9352998638929995e-01 5.1083028423757675e+00 7.1411779334899095e-01 1.4482428054769976e+00 4.2526143716357540e-01
7.9387123422434880e-01 5.1115771316755341e+00 7.1411486826581971e-01 1.4482862083993662e+00 4.2500176689830055e-01
7.9421273222888722e-01 5.1136592095224831e+00 7.1410460433403733e-01 1.4483987479447107e+00 4.2486173460118870e-01
7.9455445469615171e-01 5.1149206040133457e+00 7.1409177819188430e-01 1.4485356809086920e+00 4.2479711604089809e-01
7.9489638084188452e-01 5.1155102248355702e+00 7.1408320180328222e-01 1.4486331707635882e+00 4.2477673988330816e-01
7.9523849568963501e-01 5.1154837975283582e+00 7.1408261980362697e-01 1.4486561137667395e+00 4.2478566185666095e-01
7.9558079048278163e-01 5.1148425271128186e+00 7.1409093021153935e-01 1.4485961008872128e+00 4.2482131948593055e-01
7.9592325926858987e-01 5.1135425419927207e+00 7.1410590605587809e-01 1.4484740186096954e+00 4.2489350779271096e-01
7.9626589143566240e-01 5.1115744588094127e+00 7.1412076536767133e-01 1.4483534454412839e+00 4.2502171995513705e-01
7.9660867619805120e-01 5.1089652526655369e+00 7.1412900991991279e-01 1.4482952736584380e+00 4.2522170401417642e-01
7.9695159721349862e-01 5.1058539594367707e+00 7.1412800592949199e-01 1.4483241654920829e+00 4.2548930413939462e-01
7.9729463786202248e-01 5.1028253254525939e+00 7.1411783800346995e-01 1.4484392956213636e+00 4.2577568403036448e-01
7.9763778498054960e-01 5.1003518514292896e+00 7.1410271866554320e-01 1.4486011984577127e+00 4.2602978401924352e-01
7.9798102909702751e-01 5.0983120767567343e+00 7.1409103107434158e-01 1.4487313817112715e+00 4.2623853539175888e-01
7.9832436991536782e-01 5.0964827817803879e+00 7.1408815389031965e-01 1.4487795172420785e+00 4.2640569367408909e-01
7.9866780783237723e-01 5.0947277752339852e+00 7.1409548209644402e-01 1.4487325772775566e+00 4.2653875963304649e-01
7.9901134663661677e-01 5.0929926061750015e+00 7.1411190214854925e-01 1.4486010266338252e+00 4.2664533565515134e-01
7.9935498500737490e-01 5.0913599340437043e+00 7.1413037392323375e-01 1.4484507888203504e+00 4.2673788759321196e-01
7.9969871738369380e-01 5.0899666104896113e+00 7.1414207169060384e-01 1.4483644775447544e+00 4.2682926678533772e-01
8.0004253285240190e-01 5.0888554944610069e+00 7.1414350262712234e-01 1.4483747701675564e+00 4.2692549584402067e-01
8.0038641728486404e-01 5.0880264533165223e+00 7.1413388995530358e-01 1.4484889378775814e+00 4.2702871668446640e-01
8.0073035970421791e-01 5.0874077845954293e+00 7.1411636979964321e-01 1.4486776387982270e+00 4.2713628437201184e-01
8.0107435261564897e-01 5.0867961182689454e+00 7.1410101188614594e-01 1.4488466617919775e+00 4.2723748743984213e-01
8.0141839827859651e-01 5.0860418358692367e+00 7.1409523998708224e-01 1.4489265473862032e+00 4.2732440888541340e-01
8.0176250133055416e-01 5.0851010157032031e+00 7.1410120097286867e-01 1.4488972299345606e+00 4.2739482228383918e-01
8.0210666911218187e-01 5.0839729368110529e+00 7.1411882727060960e-01 1.4487593669124614e+00 4.2744898082242827e-01
8.0245090682352227e-01 5.0827847158979207e+00 7.1414158966959862e-01 1.4485740854419971e+00 4.2749422799016573e-01
8.0279521041986823e-01 5.0817655825685684e+00 7.1415773490626522e-01 1.4484513562224202e+00 4.2754373436396381e-01
8.0313957179288420e-01 5.0810144386593379e+00 7.1416214981135107e-01 1.4484390175307351e+00 4.2760329704344907e-01
8.0348397543824635e-01 5.0805509030039548e+00 7.1415372377669251e-01 1.4485474594447305e+00 4.2767432718416054e-01
8.0382841129192695e-01 5.0803482786911882e+00 7.1413373261213542e-01 1.4487647723310959e+00 4.2775554731387339e-01
8.0417286940845645e-01 5.0801804629280802e+00 7.1411357128734332e-01 1.4489843799756654e+00 4.2783452001836253e-01
8.0451735375533717e-01 5.0798291390660557e+00 7.1410427698338663e-01 1.4491030513099019e+00 4.2789915122312294e-01
8.0486187181970636e-01 5.0792448417179958e+00 7.1410829500808126e-01 1.4490979219176676e+00 4.2794686033313772e-01
8.0520643268401981e-01 5.0784036596369102e+00 7.1412680040861165e-01 1.4489580342525976e+00 4.2797642665811442e-01
8.0555104536163347e-01 5.0773991977294832e+00 7.1415497809856743e-01 1.4487284661787019e+00 4.2799327266601739e-01
8.0589570899303486e-01 5.0765454703451471e+00 7.1417682705031749e-01 1.4485589211233645e+00 4.2801515211038149e-01
8.0624041501480659e-01 5.0759825660087774e+00 7.1418516614515493e-01 1.4485165640222213e+00 4.2805010020784506e-01
8.0658514862854547e-01 5.0757387357503294e+00 7.1417851942579058e-01 1.4486152156100431e+00 4.2809981690159798e-01
8.0692989733452547e-01 5.0758323478307519e+00 7.1415589610067920e-01 1.4488641655694301e+00 4.2816549078555405e-01
8.0727465092661721e-01 5.0760292474677113e+00 7.1412916937477056e-01 1.4491524061732681e+00 4.2823405919977986e-01
8.0761940778453289e-01 5.0760024275544966e+00 7.1411492353521366e-01 1.4493248217427404e+00 4.2828727204953060e-01
8.0796418008823601e-01 5.0756867616572148e+00 7.1411644009048447e-01 1.4493507314079201e+00 4.2832156498208712e-01
8.0830897707400862e-01 5.0750492280077957e+00 7.1413535300661990e-01 1.4492148673893110e+00 4.2833521477727571e-01
8.0865381438487982e-01 5.0741095483892478e+00 7.1417062883297633e-01 1.4489269495718069e+00 4.2832942482442909e-01
8.0899869643204569e-01 5.0732854509874210e+00 7.1420096814849909e-01 1.4486862318927278e+00 4.2832782993043522e-01
8.0934361257191090e-01 5.0728107506208708e+00 7.1421443990227262e-01 1.4486043136526943e+00 4.2834368899196468e-01
8.0968854890102293e-01 5.0726952343324587e+00 7.1421050051084611e-01 1.4486862809103997e+00 4.2837768109117624e-01
8.1003348604523517e-01 5.0730171575335623e+00 7.1418513680246454e-01 1.4489697110543465e+00 4.2843430232714330e-01
8.1037841094215501e-01 5.0735872437839662e+00 7.1414794434772189e-01 1.4493649099491086e+00 4.2850300201051073e-01
8.1072332214381115e-01 5.0738660063844039e+00 7.1412636113110850e-01 1.4496152581795572e+00 4.2855347077224293e-01
8.1106823141665141e-01 5.0737816681967427e+00 7.1412401221373545e-01 1.4496868241240246e+00 4.2858175191422454e-01
8.1141315563101402e-01 5.0732993363396668e+00 7.1414265886366735e-01 1.4495631482692033e+00 4.2858593161044822e-01
8.1175811002059095e-01 5.0723047000560131e+00 7.1418809781497494e-01 1.4491900370054123e+00 4.2855963591542778e-01
8.1210310932917729e-01 5.0713468631536154e+00 7.1423236767665321e-01 1.4488291046179267e+00 4.2853382258602973e-01
8.1244814430476164e-01 5.0708457460773486e+00 7.1425406948712822e-01 1.4486804769386414e+00 4.2853220630679695e-01
8.1279319474819467e-01 5.0707790205656851e+00 7.1425432780614628e-01 1.4487336237703941e+00 4.2855356678768552e-01
8.1313824202317708e-01 5.0712793239079597e+00 7.1422636725784328e-01 1.4490519227072385e+00 4.2860543567651188e-01
8.1348325808812882e-01 5.0723247066290673e+00 7.1417129470688467e-01 1.4496251002971743e+00 4.2868660352204357e-01
8.1382823922310321e-01 5.0729959082952325e+00 7.1413589469980199e-01 1.4500155006943176e+00 4.2874531940483807e-01
8.1417320265846094e-01 5.0731539162978718e+00 7.1412723174210968e-01 1.4501569381101220e+00 4.2877378511562259e-01
8.1451816535416466e-01 5.0728239705298481e+00 7.1414399532326722e-01 1.4500615936310999e+00 4.2877348062591358e-01
8.1486315590106506e-01 5.0716629371495232e+00 7.1420363617563987e-01 1.4495661749828013e+00 4.2872511233884808e-01
8.1520819780210463e-01 5.0702816488477023e+00 7.1427502880473082e-01 1.4489619168507217e+00 4.2866314453557619e-01
8.1555328622436629e-01 5.0696068706686193e+00 7.1431096024048135e-01 1.4486903821299286e+00 4.2863985879605210e-01
8.1589839508446438e-01 5.0694959850396186e+00 7.1431865495470426e-01 1.4486838252756660e+00 4.2864729439104515e-01
8.1624349581444666e-01 5.0701283811713331e+00 7.1428894363381135e-01 1.4490279244382955e+00 4.2869563120516047e-01
8.1658855107243011e-01 5.0719042880452179e+00 7.1420140795436793e-01 1.4499137232150210e+00 4.2880749740266816e-01
8.1693353784942313e-01 5.0732410785146387e+00 7.1413660647390509e-01 1.4505874804408116e+00 4.2889371645990837e-01
8.1727847926680153e-01 5.0737371413045596e+00 7.1411494639355311e-01 1.4508578817512137e+00 4.2893172468671747e-01
8.1762340655011911e-01 5.0735962478891938e+00 7.1412601238590911e-01 1.4508221354616149e+00 4.2893306776190887e-01
8.1796835399751711e-01 5.0721595519329448e+00 7.1420330103581176e-01 1.4501665601287905e+00 4.2886068900656354e-01
8.1831337758132716e-01 5.0697766544771747e+00 7.1432898645904819e-01 1.4490580781184081e+00 4.2873429448969785e-01
8.1865848163323796e-01 5.0685390965253001e+00 7.1439654249046702e-01 1.4484932691676757e+00 4.2867182483430366e-01
8.1900362018601003e-01 5.0682367481626578e+00 7.1441663035812542e-01 1.4483719619083022e+00 4.2866149527250302e-01
8.1934876035886139e-01 5.0688727238423059e+00 7.1438904749629983e-01 1.4486958464249415e+00 4.2870355758118184e-01
8.1969383794573258e-01 5.0716730126514316e+00 7.1425132764425014e-01 1.4500494663224262e+00 4.2886719905992660e-01
8.2003879560888304e-01 5.0744405163971571e+00 7.1411533865529675e-01 1.4513863857802489e+00 4.2902849518789821e-01
8.2038365962918691e-01 5.0755513798511052e+00 7.1406372960358377e-01 1.4519323727792031e+00 4.2909595355779745e-01
8.2072848491116357e-01 5.0756960439898275e+00 7.1406131373131476e-01 1.4520164048765025e+00 4.2910855741524750e-01
8.2107332428302049e-01 5.0740058563092596e+00 7.1415226694742029e-01 1.4512246654558587e+00 4.2901743904710032e-01
8.2141827739978757e-01 5.0696549751963111e+00 7.1437862592529067e-01 1.4491642807637179e+00 4.2877600779161568e-01
8.2176338336904342e-01 5.0669126008874965e+00 7.1452306476590821e-01 1.4478697381659253e+00 4.2862484086828040e-01
8.2210857425206640e-01 5.0660972401084230e+00 7.1456934906591429e-01 1.4474919859454392e+00 4.2858197859457003e-01
8.2245378813253822e-01 5.0665262831229816e+00 7.1455220370115824e-01 1.4477058694632763e+00 4.2860900799598262e-01
8.2279893180045138e-01 5.0704576448614374e+00 7.1435660885006869e-01 1.4495878151496258e+00 4.2883342589953904e-01
8.2314387396241961e-01 5.0762263270405876e+00 7.1406741124904494e-01 1.4523458063361985e+00 4.2916106752363070e-01
8.2348862178919890e-01 5.0789057918880376e+00 7.1393544002332332e-01 1.4536307892693106e+00 4.2931416199657535e-01
8.2383328196579675e-01 5.0795372482851171e+00 7.1390765592765304e-01 1.4539380320562179e+00 4.2935152189712045e-01
8.2417793624427516e-01 5.0778449856519812e+00 7.1399802602542306e-01 1.4531363733499918e+00 4.2925779857084773e-01
8.2452274620933608e-01 5.0705795992833815e+00 7.1437188906039406e-01 1.4496785572804918e+00 4.2884995558063210e-01
8.2486784312049199e-01 5.0641941558428458e+00 7.1470093229581511e-01 1.4466416447371799e+00 4.2849116766231443e-01
8.2521314856842343e-01 5.0618976926415948e+00 7.1482177987704942e-01 1.4455515534379630e+00 4.2836253551884496e-01
8.2555852390673357e-01 5.0617943120737099e+00 7.1483090854487419e-01 1.4455044343619954e+00 4.2835732111262020e-01
8.2590384172681897e-01 5.0666097726196817e+00 7.1458940266755100e-01 1.4477998235292588e+00 4.2862976087677152e-01
8.2624885010355920e-01 5.0778786754720029e+00 7.1401926027199747e-01 1.4531733591449412e+00 4.2926587617117434e-01
8.2659345785457827e-01 5.0845008526765829e+00 7.1368564998046735e-01 1.4563337718004989e+00 4.2963915652620716e-01
8.2693785941643450e-01 5.0862793960523067e+00 7.1359834470171668e-01 1.4571814540728316e+00 4.2973891343950243e-01
8.2728220280340525e-01 5.0850067099937046e+00 7.1366626188637217e-01 1.4565714851802471e+00 4.2966653779952935e-01
8.2762672954655736e-01 5.0743319729134155e+00 7.1421341982885223e-01 1.4514792036971655e+00 4.2906510988395252e-01
8.2797176701588215e-01 5.0603301981230286e+00 7.1493155550249277e-01 1.4448092205614202e+00 4.2827518086586336e-01
8.2831726222909641e-01 5.0541935597302148e+00 7.1524692044038063e-01 1.4418865006739319e+00 4.2792776442981068e-01
8.2866296471028611e-01 5.0527977299984839e+00 7.1530828064814900e-01 1.4412148572531280e+00 4.2784659141309833e-01
8.2900870282522920e-01 5.0573710269047378e+00 7.1503842191470257e-01 1.4433802466312309e+00 4.2810194435584725e-01
8.2935411508158774e-01 5.0755047083802651e+00 7.1400535550535693e-01 1.4520186292629016e+00 4.2912539127353533e-01
8.2969910396819080e-01 5.0881953082785030e+00 7.1304524403695735e-01 1.4580829643379700e+00 4.2984286451200088e-01
8.3004451488268405e-01 5.0848007486397817e+00 7.1231023638149360e-01 1.4564236297334705e+00 4.2964032468422880e-01
8.3039241835261013e-01 5.0593110137668393e+00 7.1098362672766313e-01 1.4441489632357485e+00 4.2816570061795650e-01
8.3074868467375440e-01 4.9697228243622273e+00 7.0765343629166888e-01 1.4013404195280872e+00 4.2296335300387405e-01
8.3113201069116260e-01 4.6889473592757955e+00 6.9555393514571717e-01 1.2714382252387422e+00 4.0673464462878339e-01
8.3164033456556341e-01 3.9746449515995388e+00 6.4335818340969964e-01 9.1692067078468031e-01 3.4603870859547292e-01
8.3251718485827741e-01 2.5236444604619312e+00 4.6535579752475786e-01 3.7839854383597954e-01 2.2491195754653784e-01
8.3407271012019524e-01 1.3524391748636775e+00 1.5059618816968112e-01 5.1883214394586347e-02 5.7544045631275111e-02
8.3628058431990282e-01 1.0293219698920872e+00 8.4715308945150884e-03 1.0255287437883763e-03 1.4944722454955830e-03
8.3875078023636940e-01 1.0006592333958617e+00 6.6399006240441729e-05 2.2153491820688817e-06 3.3208345680539290e-06
8.4125000398463912e-01 1.0000032203677429e+00 4.6079639997611616e-08 1.0000668250187417e-06 1.5000954066692533e-06
8.4374999999867861e-01 9.9999998969247150e-01 -2.5975126062250719e-11 9.9999996577837535e-07 1.4999999641288552e-06
8.4624999999933515e-01 9.9999999939901474e-01 -6.9784340713758411e-13 9.9999997510424876e-07 1.4999999635578510e-06
8.4874999999993572e-01 1.0000000000574560e+00 6.5044075945876687e-14 9.9999998198763151e-07 1.4999999728952632e-06
8.5124999999976891e-01 1.0000000000745244e+00 -1.3703003818014768e-12 9.9999997937860741e-07 1.4999999689561246e-06
8.5374999999983570e-01 9.9999999987261756e-01 -1.6878290222027362e-12 1.0000000058574265e-06 1.5000000089772135e-06
8.5625000000000118e-01 9.9999999999662836e-01 1.4379917767351463e-12 1.0000000106313855e-06 1.5000000159521355e-06
8.5875000000000112e-01 1.0000000000012921e+00 1.1034200121557729e-12 9.9999998903754772e-07 1.4999999835543831e-06
8.6124999999999985e-01 9.9999999999978217e-01 1.2848475125156549e-14 9.9999998343092145e-07 1.4999999751467089e-06
8.6374999999998381e-01 1.0000000000134552e+00 5.5565804007335591e-13 9.9999998309785454e-07 1.4999999746265987e-06
8.6624999999991226e-01 1.0000000000426774e+00 -1.3069510553160852e-12 9.9999997255073581e-07 1.4999999587620875e-06
8.6874999999992830e-01 9.9999999994478828e-01 -8.7272858880612869e-14 1.0000000041920920e-06 1.5000000063709554e-06
8.7124999999994268e-01 1.0000000000437586e+00 -4.4808657670620057e-13 9.9999997693611675e-07 1.4999999653385371e-06
8.7374999999994274e-01 9.9999999995510047e-01 -5.4557057665793187e-13 1.0000000106868967e-06 1.5000000160976941e-06
8.7624999999999997e-01 9.9999999999998246e-01 1.8060378042926976e-12 9.9999998892652542e-07 1.4999999833898144e-06
8.7874999999992032e-01 1.0000000000632356e+00 -7.1378314029083874e-15 9.9999998293132109e-07 1.4999999743021279e-06
8.8124999999981601e-01 1.0000000000187184e+00 -1.3443552600091888e-12 9.9999998842692506e-07 1.4999999826123099e-06
8.8374999999989579e-01 9.9999999991825461e-01 -7.5674293570944048e-13 1.0000000052468039e-06 1.5000000079928238e-06
8.8624999999999998e-01 9.9999999999869615e-01 9.5738604842591262e-13 1.0000000124632535e-06 1.5000000186968359e-06
8.8874999999999993e-01 9.9999999999971101e-01 8.6829889469565597e-13 9.9999999325639521e-07 1.4999999898850263e-06
8.9124999999998056e-01 1.0000000000182454e+00 5.8926068139134524e-13 9.9999998520727829e-07 1.4999999777835494e-06
8.9374999999978022e-01 1.0000000001384184e+00 -1.3848735281717747e-12 9.9999998048883043e-07 1.4999999705256180e-06
8.9624999999979948e-01 9.9999999984596744e-01 -1.7644251832727141e-12 1.0000000046916924e-06 1.5000000072685871e-06
8.9875000000002603e-01 9.9999999997585287e-01 2.0709306928956902e-12 1.0000000067456050e-06 1.5000000101546281e-06
9.0125000000002597e-01 1.0000000000214746e+00 1.3042782603146771e-12 9.9999997793531747e-07 1.4999999668707642e-06
9.0374999999995786e-01 1.0000000000333951e+00 -6.5609368707818837e-13 9.9999997871247359e-07 1.4999999680186175e-06
9.0624999999990608e-01 1.0000000000073528e+00 -3.4374894236047912e-13 9.9999998309785454e-07 1.4999999746357524e-06
9.0874999999994821e-01 9.9999999995899758e-01 -1.0600450828769291e-12 9.9999999575439702e-07 1.4999999936930988e-06
9.1124999999999989e-01 9.9999999999966749e-01 5.5969558698576165e-13 1.0000000084664507e-06 1.5000000127001745e-06
9.1374999999998185e-01 1.0000000000141909e+00 -3.9716385997195228e-13 9.9999998426358871e-07 1.4999999763740967e-06
9.1624999999998202e-01 9.9999999998554767e-01 -1.4819203021940218e-13 1.0000000163490341e-06 1.5000000245452295e-06
9.1874999999999996e-01 9.9999999999985745e-01 1.3604561637040994e-12 9.9999998609545671e-07 1.4999999791433987e-06
9.2124999999995716e-01 1.0000000000349560e+00 2.1480937626987897e-13 9.9999998476318908e-07 1.4999999770923495e-06
9.2374999999985674e-01 1.0000000000436056e+00 -1.1614580799126389e-12 9.9999998015576352e-07 1.4999999701682370e-06
9.2624999999989954e-01 9.9999999992221622e-01 -6.9740595525398522e-13 1.0000000015275567e-06 1.5000000024080107e-06
9.2875000000000008e-01 9.9999999999846478e-01 1.1564088324324580e-12 9.9999999847444343e-07 1.4999999977139678e-06
9.3125000000000002e-01 1.0000000000001703e+00 -6.4118330237995744e-14 9.9999998814936930e-07 1.4999999822237984e-06
9.3374999999999986e-01 9.9999999999993217e-01 8.7135350275319385e-14 9.9999999086941571e-07 1.4999999863042250e-06
9.3625000000000003e-01 9.9999999999983724e-01 7.4540201356293495e-13 9.9999998370847720e-07 1.4999999755629600e-06
9.3874999999999997e-01 9.9999999999952793e-01 -5.5609297473827368e-13 9.9999998415256641e-07 1.4999999762295575e-06
9.4124999999999992e-01 1.0000000000015195e+00 5.8389830770109502e-13 9.9999999403355133e-07 1.4999999910480478e-06
9.4374999999988674e-01 1.0000000000871987e+00 -1.1435327385215412e-12 9.9999997615896064e-07 1.4999999641076428e-06
9.4624999999988701e-01 9.9999999991220667e-01 -8.0990709807457402e-13 1.0000000093546291e-06 1.5000000141636333e-06
9.4875000000000054e-01 9.9999999999880906e-01 1.7890020688186487e-12 9.9999999830790998e-07 1.4999999974636511e-06
9.5124999999992155e-01 1.0000000000632050e+00 1.4151099001406518e-13 9.9999998071087504e-07 1.4999999709715050e-06
9.5374999999979915e-01 1.0000000000331730e+00 -1.3847537378309600e-12 9.9999998548483404e-07 1.4999999781774915e-06
9.5624999999987814e-01 9.9999999990444866e-01 -1.0648096339087315e-12 1.0000000040810697e-06 1.5000000062649312e-06
9.5875000000000121e-01 9.9999999999718980e-01 9.3362555489950869e-13 1.0000000051357816e-06 1.5000000077078876e-06
9.6125000000000116e-01 1.0000000000027267e+00 1.6922510297945830e-12 9.9999999303435061e-07 1.4999999895474356e-06
9.6374999999986855e-01 1.0000000001027674e+00 -1.4064654332111514e-13 9.9999996983068939e-07 1.4999999545918830e-06
9.6624999999975236e-01 9.9999999998846290e-01 -2.2108969442771421e-12 9.9999999353395097e-07 1.4999999903182318e-06
9.6874999999988376e-01 9.9999999990800170e-01 -1.9274624997831450e-13 1.0000000131293874e-06 1.5000000198320784e-06
9.7124999999999995e-01 9.9999999999888045e-01 1.2794298281447975e-12 1.0000000060239600e-06 1.5000000090376192e-06
9.7374999999999989e-01 9.9999999999999312e-01 5.3836440157027825e-13 9.9999999481070745e-07 1.4999999922160715e-06
9.7624999999999984e-01 1.0000000000004410e+00 7.5884579405503632e-13 9.9999998753874664e-07 1.4999999813074584e-06
9.7874999999993384e-01 1.0000000000519438e+00 1.2739765426835680e-13 9.9999997243971350e-07 1.4999999585816542e-06
9.8124999999986962e-01 9.9999999999856659e-01 -1.4740792194058574e-12 9.9999997626998294e-07 1.4999999644071244e-06
9.8374999999993562e-01 9.9999999994909217e-01 -3.0356037752853289e-13 1.0000000055798708e-06 1.5000000084461677e-06
9.8624999999999985e-01 9.9999999999936229e-01 -1.4419709537206508e-13 9.9999998859345851e-07 1.4999999828911443e-06
9.8875000000000002e-01 1.0000000000000340e+00 5.0576877995838340e-13 1.0000000114085417e-06 1.5000000171127615e-06
9.9124999999999996e-01 9.9999999999974254e-01 7.6392895656535903e-13 9.9999999292332831e-07 1.4999999893853785e-06
9.9374999999999447e-01 1.0000000000051297e+00 -7.4875997572592833e-14 9.9999999186861643e-07 1.4999999877952300e-06
9.9624999999991282e-01 1.0000000000591758e+00 -5.3599242436626960e-13 9.9999998048883043e-07 1.4999999706444817e-06
9.9874999999991831e-01 9.9999999993549349e-01 -1.1639407647154328e-12 9.9999999852995458e-07 1.4999999978916914e-06
