1.2500000000000000e-03 1.0000000000000000e+00 4.4503381819008947e-18 1.0000000000000000e+03 1.4999999999999998e+03
3.7499999999999999e-03 1.0000000000000000e+00 8.9084764391002678e-18 1.0000000000000000e+03 1.4999999999999998e+03
6.2500000000000003e-03 1.0000000000000000e+00 8.9241840153350038e-18 1.0000000000000000e+03 1.4999999999999998e+03
8.7500000000000008e-03 1.0000000000000000e+00 8.9402071601103225e-18 1.0000000000000000e+03 1.4999999999999998e+03
1.1250000000000000e-02 1.0000000000000000e+00 8.9567180097357191e-18 1.0000000000000000e+03 1.4999999999999998e+03
1.3750000000000000e-02 1.0000000000000000e+00 8.9738121031346204e-18 1.0000000000000000e+03 1.4999999999999998e+03
1.6250000000000001e-02 1.0000000000000000e+00 8.9915262964027091e-18 1.0000000000000000e+03 1.4999999999999998e+03
1.8750000000000003e-02 1.0000000000000000e+00 9.0098471273263561e-18 1.0000000000000000e+03 1.4999999999999998e+03
2.1249999999999998e-02 1.0000000000000000e+00 9.0286981276282202e-18 1.0000000000000000e+03 1.4999999999999998e+03
2.3750000000000000e-02 1.0000000000000000e+00 9.0480195314314252e-18 1.0000000000000000e+03 1.4999999999999998e+03
2.6250000000000002e-02 1.0000000000000000e+00 9.0677753292581468e-18 1.0000000000000000e+03 1.4999999999999998e+03
2.8749999999999998e-02 1.0000000000000000e+00 9.0879899374300536e-18 1.0000000000000000e+03 1.4999999999999998e+03
3.1250000000000000e-02 1.0000000000000000e+00 9.1086411895736057e-18 1.0000000000000000e+03 1.4999999999999998e+03
3.3750000000000002e-02 1.0000000000000000e+00 9.1296338333086401e-18 1.0000000000000000e+03 1.4999999999999998e+03
3.6250000000000004e-02 1.0000000000000000e+00 9.1510392472993884e-18 1.0000000000000000e+03 1.4999999999999998e+03
3.8750000000000000e-02 1.0000000000000000e+00 9.1728532634303708e-18 1.0000000000000000e+03 1.4999999999999998e+03
4.1250000000000002e-02 1.0000000000000000e+00 9.1950052963170900e-18 1.0000000000000000e+03 1.4999999999999998e+03
4.3749999999999997e-02 1.0000000000000000e+00 9.2172246081784929e-18 1.0000000000000000e+03 1.4999999999999998e+03
4.6249999999999999e-02 1.0000000000000000e+00 9.2380406890185200e-18 1.0000000000000000e+03 1.4999999999999998e+03
4.8750000000000002e-02 1.0000000000000000e+00 9.2574305844849841e-18 1.0000000000000000e+03 1.4999999999999998e+03
5.1250000000000004e-02 1.0000000000000000e+00 5.2512180677763298e-17 1.0000000000000000e+03 1.4999999999999998e+03
5.3749999999999999e-02 1.0000000000000000e+00 5.8204983572811999e-16 1.0000000000000000e+03 1.4999999999999998e+03
5.6250000000000001e-02 1.0000000000000000e+00 7.1912593075599627e-15 9.9999999999999716e+02 1.4999999999999957e+03
5.8749999999999997e-02 9.9999999999997935e-01 5.4188538534321800e-14 9.9999999999993361e+02 1.4999999999999313e+03
6.1250000000000249e-02 9.9999999999969191e-01 2.4376369656354623e-13 9.9999999999949682e+02 1.4999999999997071e+03
6.3750000000001500e-02 9.9999999999910694e-01 7.3178669206531972e-13 9.9999999999851821e+02 1.4999999999991167e+03
6.6250000000004833e-02 9.9999999999790601e-01 1.7197590248795452e-12 9.9999999999651379e+02 1.4999999999979116e+03
6.8750000000012523e-02 9.9999999999524047e-01 3.8873279492842838e-12 9.9999999999207228e+02 1.4999999999952474e+03
7.1250000000029678e-02 9.9999999998943900e-01 8.6342563927469863e-12 9.9999999998239605e+02 1.4999999999894355e+03
7.3750000000067623e-02 9.9999999997681144e-01 1.8947504147166453e-11 9.9999999996133829e+02 1.4999999999767901e+03
7.6250000000150350e-02 9.9999999994975552e-01 4.1080863408370709e-11 9.9999999991620325e+02 1.4999999999496715e+03
7.8750000000329043e-02 9.9999999989198085e-01 8.8162760045689631e-11 9.9999999981999031e+02 1.4999999998920139e+03
8.1250000000710823e-02 9.9999999977085585e-01 1.8705361658095602e-10 9.9999999961810704e+02 1.4999999997708767e+03
8.3750000001517028e-02 9.9999999951872842e-01 3.9286303212431374e-10 9.9999999919789468e+02 1.4999999995187493e+03
8.6250000003202640e-02 9.9999999899889069e-01 8.1726017232989157e-10 9.9999999833146933e+02 1.4999999989988678e+03
8.8750000006693752e-02 9.9999999793748651e-01 1.6836871147742164e-09 9.9999999656249247e+02 1.4999999979375089e+03
9.1250000013853791e-02 9.9999999579278354e-01 3.4345190908997501e-09 9.9999999298795831e+02 1.4999999957927619e+03
9.3750000028393343e-02 9.9999999150318764e-01 6.9362613370772904e-09 9.9999998583862941e+02 1.4999999915031626e+03
9.6250000057622187e-02 9.9999998301384552e-01 1.3866357052922843e-08 9.9999997168975767e+02 1.4999999830138677e+03
9.8750000115781500e-02 9.9999996639298860e-01 2.7434512631003398e-08 9.9999994398832462e+02 1.4999999663930028e+03
1.0125000023030339e-01 9.9999993420686217e-01 5.3709139027492905e-08 9.9999989034476800e+02 1.4999999342068543e+03
1.0375000045342463e-01 9.9999987257166045e-01 1.0402397769500822e-07 9.9999978761946670e+02 1.4999998725716930e+03
1.0625000088344685e-01 9.9999975588457013e-01 1.9927962012905401e-07 9.9999959314094428e+02 1.4999997558845016e+03
1.0875000170313109e-01 9.9999953753925097e-01 3.7752221452639502e-07 9.9999922923223005e+02 1.4999995375392546e+03
1.1125000324807055e-01 9.9999913382588879e-01 7.0708706774778024e-07 9.9999855637697294e+02 1.4999991338258758e+03
1.1375000612668737e-01 9.9999839645364064e-01 1.3090292785507177e-06 9.9999732742446929e+02 1.4999983964536716e+03
1.1625001142766989e-01 9.9999706645560649e-01 2.3947529672746895e-06 9.9999511076509168e+02 1.4999970664556220e+03
1.1875002107295241e-01 9.9999469823212350e-01 4.3280203945020381e-06 9.9999116373862080e+02 1.4999946982316369e+03
1.2125003840854945e-01 9.9999053674494698e-01 7.7252013743437830e-06 9.9998422796694672e+02 1.4999905367434462e+03
1.2375006917655475e-01 9.9998332297272929e-01 1.3614117763302159e-05 9.9997220513567424e+02 1.4999833229662938e+03
1.2625012308543454e-01 9.9997099228433273e-01 2.3680259739187583e-05 9.9995165435091656e+02 1.4999709922584273e+03
1.2875021629838657e-01 9.9995021788654870e-01 4.0639739278890412e-05 9.9991703140025413e+02 1.4999502177922946e+03
1.3125037529713457e-01 9.9991573672187806e-01 6.8789448734928035e-05 9.9985956572322664e+02 1.4999157364016958e+03
1.3375064275082374e-01 9.9985938367801985e-01 1.1479736572038313e-04 9.9976565195734918e+02 1.4998593826458987e+03
1.3625108622693716e-01 9.9976874678253602e-01 1.8879904117678317e-04 9.9961461151022581e+02 1.4997687436127508e+03
1.3875181079048562e-01 9.9962537258868567e-01 3.0587495417040380e-04 9.9937570834434996e+02 1.4996253632843134e+03
1.4125297674949086e-01 9.9940244213662321e-01 4.8793825772837438e-04 9.9900429084680707e+02 1.4994024159742421e+03
1.4375482387637523e-01 9.9906197110035944e-01 7.6608377067004154e-04 9.9843715811188872e+02 1.4990619005529018e+03
1.4625770345662353e-01 9.9855151520571517e-01 1.1832393896786515e-03 9.9758713588985768e+02 1.4985513326535904e+03
1.4876211907343526e-01 9.9780083032980960e-01 1.7971276053260765e-03 9.9633763987544944e+02 1.4978003769742156e+03
1.5126877658380933e-01 9.9671850974100595e-01 2.6829335770572338e-03 9.9453731031066775e+02 1.4967174291301587e+03
1.5377864241099604e-01 9.9518977921035545e-01 3.9357652719892054e-03 9.9199675104403536e+02 1.4951873076376642e+03
1.5629300832189622e-01 9.9307520306067532e-01 5.6716575461414074e-03 9.8848704937022728e+02 1.4930697790917939e+03
1.5881355888159654e-01 9.9021228802586236e-01 8.0277390791411631e-03 9.8374347471006070e+02 1.4902008689540226e+03
1.6134243717082497e-01 9.8641862166702221e-01 1.1159795742883045e-02 9.7747216999352827e+02 1.4863955553803696e+03
1.6388230322167041e-01 9.8149882121994136e-01 1.5239213984641897e-02 9.6936363741324351e+02 1.4814541033402138e+03
1.6643638130750743e-01 9.7525160086176677e-01 2.0447585917545637e-02 9.5910685533627873e+02 1.4751683378249950e+03
1.6900849456549422e-01 9.6747849941395025e-01 2.6973211897734772e-02 9.4640645772911796e+02 1.4673294418983005e+03
1.7160309208480681e-01 9.5798731575377283e-01 3.5008843964255472e-02 9.3099144667237374e+02 1.4577303342578841e+03
1.7422528356256753e-01 9.4658934582697840e-01 4.4758434806245910e-02 9.1261417791958831e+02 1.4461617098420202e+03
1.7688092165795918e-01 9.3306953553038152e-01 5.6464171199920032e-02 8.9100704521730290e+02 1.4323804571180713e+03
1.7957623726431540e-01 9.1769521109213281e-01 6.9965795884155954e-02 8.6668455147277848e+02 1.4166215661755809e+03
1.8231502166328464e-01 9.0211313989673203e-01 8.3856177759079414e-02 8.4230693426821040e+02 1.4005564773692888e+03
1.8509822620617022e-01 8.8659689461156710e-01 9.7895068696731952e-02 8.1830979428451587e+02 1.3844676186967092e+03
1.8792644862432284e-01 8.7117742707481893e-01 1.1205200787078760e-01 7.9473806009506791e+02 1.3683861095269408e+03
1.9080031260867009e-01 8.5588538794640634e-01 1.2629559554941439e-01 7.7163412132538031e+02 1.3523436645708309e+03
1.9372035702025789e-01 8.4074596470084506e-01 1.4059715711582260e-01 7.4903010067647051e+02 1.3363669862090701e+03
1.9668704304050269e-01 8.2578027328529480e-01 1.5493100417233255e-01 7.2695039443785220e+02 1.3204790995050232e+03
1.9970076074518844e-01 8.1100537855784283e-01 1.6927355349307113e-01 7.0541207964894966e+02 1.3046992627286959e+03
2.0276183499316541e-01 7.9643541752046498e-01 1.8360363036122607e-01 6.8442689605081591e+02 1.2890440599345188e+03
2.0587053068934499e-01 7.8208149602852350e-01 1.9790171856536731e-01 6.6400137401884808e+02 1.2735272041162659e+03
2.0902705743904770e-01 7.6795261375381052e-01 2.1215030469602295e-01 6.4413840725536704e+02 1.2581604562293949e+03
2.1223157390787356e-01 7.5405547766344516e-01 2.2633321247141788e-01 6.2483718896512050e+02 1.2429533518566952e+03
2.1548419169721725e-01 7.4039528745061323e-01 2.4043597345968237e-01 6.0609449339078958e+02 1.2279140014742827e+03
2.1878497894471266e-01 7.2697549104528392e-01 2.5444521569118755e-01 5.8790448143130641e+02 1.2130487657554715e+03
2.2213396365427762e-01 7.1379847197310786e-01 2.6834905190866315e-01 5.7025977178062340e+02 1.1983629711428712e+03
2.2553113681624229e-01 7.0086526341227762e-01 2.8213650382705335e-01 5.5315115656173225e+02 1.1838605480359199e+03
2.2897645527607008e-01 6.8817616479440480e-01 2.9579790266500772e-01 5.3656851858034554e+02 1.1695446878939363e+03
2.3246984447007835e-01 6.7573042612449208e-01 3.0932433616258598e-01 5.2050048529356320e+02 1.1554174531080009e+03
2.3601120094703848e-01 6.6352681312917017e-01 3.2270805890817050e-01 5.0493523163667624e+02 1.1414803930577091e+03
2.3960039479586759e-01 6.5156326948320575e-01 3.3594195361676826e-01 4.8986009196591203e+02 1.1277341316855911e+03
2.4323727188072453e-01 6.3983744431192502e-01 3.4901995003829450e-01 4.7526227676249744e+02 1.1141789551100510e+03
2.4692165595275317e-01 6.2834633701528075e-01 3.6193649439748360e-01 4.6112845633294199e+02 1.1008143817389544e+03
2.5065335073052625e-01 6.1708679857793802e-01 3.7468697709857779e-01 4.4744541190903573e+02 1.0876397281715388e+03
2.5443214179937501e-01 6.0605516122634795e-01 3.8726720625445488e-01 4.3419960001808124e+02 1.0746536647080482e+03
2.5825779837703933e-01 5.9524772080091082e-01 3.9967384396085925e-01 4.2137775429978331e+02 1.0618547696398130e+03
2.6213007506507902e-01 5.8466035463030319e-01 4.1190388087835367e-01 4.0896643678123132e+02 1.0492410684486174e+03
2.6604871341297354e-01 5.7428899024814606e-01 4.2395508227276790e-01 3.9695260177707416e+02 1.0368105827839929e+03
2.7001344356358359e-01 5.6412921309951203e-01 4.3582546105816933e-01 3.8532313826830375e+02 1.0245608523388053e+03
2.7402398555890239e-01 5.5417672546699415e-01 4.4751373452134063e-01 3.7406540529018156e+02 1.0124894860253208e+03
2.7808005079044917e-01 5.4442694514580547e-01 4.5901879329212369e-01 3.6316676847323885e+02 1.0005936656275641e+03
2.8218134323963384e-01 5.3487545922386004e-01 4.7034017043441340e-01 3.5261511343966771e+02 9.8887070071788980e+02
2.8632756075000365e-01 5.2551761269850772e-01 4.8147750465907624e-01 3.4239837838397432e+02 9.7731751546568080e+02
2.9051839611371044e-01 5.1634896096954142e-01 4.9243102247596404e-01 3.3250505132150209e+02 9.6593121064046068e+02
2.9475353821048433e-01 5.0736484801767978e-01 5.0320099405906105e-01 3.2292369958936149e+02 9.5470853228515978e+02
2.9903267288513558e-01 4.9856086019846169e-01 5.1378822957542924e-01 3.1364345571633311e+02 9.4364644546549835e+02
3.0335548409713442e-01 4.8993239461425986e-01 5.2419352637392369e-01 3.0465354396999885e+02 9.3274158022311246e+02
3.0772165464215551e-01 4.8147511556871642e-01 5.3441818073298264e-01 2.9594375838814068e+02 9.2199082201342776e+02
3.1213086708124349e-01 4.7318451224383967e-01 5.4446342431499950e-01 2.8750398713037362e+02 9.1139073561504733e+02
3.1658280452736975e-01 4.6505636190962468e-01 5.5433095292022061e-01 2.7932468523968168e+02 9.0093817045974538e+02
3.2107715129116143e-01 4.5708627340405572e-01 5.6402235040857518e-01 2.7139639652539518e+02 8.9062966550349392e+02
3.2561359362520464e-01 4.4927016145435633e-01 5.7353963559409227e-01 2.6371022420966318e+02 8.8046206993580233e+02
3.3019182046521439e-01 4.4160377481923940e-01 5.8288467267298116e-01 2.5625734896870046e+02 8.7043192420714797e+02
3.3481152382655943e-01 4.3408318152351161e-01 5.9205973686699243e-01 2.4902950033271878e+02 8.6053610551793645e+02
3.3947239953491537e-01 4.2670428277715811e-01 6.0106690943197016e-01 2.4201847050628470e+02 8.5077117903926569e+02
3.4417414770417543e-01 4.1946331117115820e-01 6.0990866430123380e-01 2.3521658778490325e+02 8.4113406889449709e+02
3.4891647321929364e-01 4.1235632700978286e-01 6.1858724528231013e-01 2.2861622563439718e+02 8.3162138177513668e+02
3.5369908616539714e-01 4.0537973324856630e-01 6.2710527499526381e-01 2.2221028036997606e+02 8.2223010480542541e+02
3.5852170232876607e-01 3.9852975237099852e-01 6.3546511276165440e-01 2.1599167396361196e+02 8.1295689724016415e+02
3.6338404349118253e-01 3.9180295977525742e-01 6.4366948740609509e-01 2.0995383801230781e+02 8.0379882071107761e+02
3.6828583804345505e-01 3.8519574023661318e-01 6.5172083366561973e-01 2.0409020888800183e+02 7.9475259291277143e+02
3.7322682104280624e-01 3.7870484063342830e-01 6.5962195068164076e-01 1.9839471997851308e+02 7.8581535812959737e+02
3.7820673481599543e-01 3.7232680505621552e-01 6.6737531433898001e-01 1.9286128801260563e+02 7.7698389718470537e+02
3.8322532900618844e-01 3.6605854927553660e-01 6.7498376386528380e-01 1.8748431499603768e+02 7.6825544178828613e+02
3.8828236118615844e-01 3.5989677191529068e-01 6.8244978767760667e-01 1.8225816430090168e+02 7.5962683687449123e+02
3.9337759690464869e-01 3.5383855369890010e-01 6.8977624027279683e-01 1.7717767404790425e+02 7.5109540295603597e+02
3.9851081014702044e-01 3.4788074106525646e-01 6.9696559862455132e-01 1.7223762153799734e+02 7.4265804860560752e+02
4.0368178343232097e-01 3.4202057456039919e-01 7.0402071208265871e-01 1.6743324997272251e+02 7.3431218365119685e+02
4.0889030822414485e-01 3.3625504081492641e-01 7.1094402633283216e-01 1.6275971921736544e+02 7.2605477745215933e+02
4.1413618503137384e-01 3.3058153411629437e-01 7.1773836915395828e-01 1.5821264794464446e+02 7.1788332809140172e+02
4.1941922396113163e-01 3.2499717355855301e-01 7.2440613892186501e-01 1.5378754865724991e+02 7.0979485901379451e+02
4.2473924445310607e-01 3.1949949957999718e-01 7.3095012887993860e-01 1.4948038760309643e+02 7.0178695647222332e+02
4.3009607606737948e-01 3.1408575498568791e-01 7.3737267665622097e-01 1.4528700191073412e+02 6.9385669170520544e+02
4.3548955843554704e-01 3.0875362051197258e-01 7.4367653155047020e-01 1.4120367909363236e+02 6.8600173267356161e+02
4.4091954162539948e-01 3.0350045210905413e-01 7.4986395988467436e-01 1.3722655433568090e+02 6.7821919233767312e+02
4.4638588622907893e-01 2.9832406379933946e-01 7.5593765952847847e-01 1.3335221231038557e+02 6.7050681704350404e+02
4.5188846393695792e-01 2.9322191533512720e-01 7.6189981716798694e-01 1.2957706139344694e+02 6.6286175052102556e+02
4.5742715745006202e-01 2.8819194672471732e-01 7.6775307449525987e-01 1.2589796088741792e+02 6.5528181296306172e+02
4.6300186115606723e-01 2.8323171132162978e-01 7.7349953186450049e-01 1.2231156921984028e+02 6.4776416797983529e+02
4.6861248088501462e-01 2.7833926777333140e-01 7.7914177171890719e-01 1.1881499970588433e+02 6.4030670549857132e+02
4.7425893494600568e-01 2.7351225309165333e-01 7.8468180286532185e-01 1.1540513922534680e+02 6.3290659515722757e+02
4.7994115385484948e-01 2.6874883825891077e-01 7.9012214765480449e-01 1.1207933605350520e+02 6.2556178910173776e+02
4.8565908112139711e-01 2.6404673219746949e-01 7.9546471902668359e-01 1.0883468539485190e+02 6.1826945076596701e+02
4.9141267299938429e-01 2.5940421152076731e-01 8.0071197916579995e-01 1.0566875354063758e+02 6.1102759042239734e+02
4.9720189984629687e-01 2.5481904691892149e-01 8.0586574190308369e-01 1.0257882523154966e+02 6.0383334647775519e+02
5.0302674543841475e-01 2.5028961393672061e-01 8.1092841096236934e-01 9.9562669139635389e+01 5.9668478192311613e+02
5.0888720864865111e-01 2.4581373343170776e-01 8.1590169804314505e-01 9.6617742114903720e+01 5.8957899198345331e+02
5.1478330275374995e-01 2.4138987481437457e-01 8.2078795123115034e-01 9.3742001301549280e+01 5.8251408457149807e+02
5.2071505695813480e-01 2.3701589572035769e-01 8.2558877718536616e-01 9.0933059433482427e+01 5.7548709438102060e+02
5.2668251598811544e-01 2.3269035491448464e-01 8.3030647190335793e-01 8.8189049973962724e+01 5.6849616740478666e+02
5.3268574209847630e-01 2.2841113445003020e-01 8.3494253444930455e-01 8.5507726046764262e+01 5.6153825153478374e+02
5.3872481412317352e-01 2.2417687766928057e-01 8.3949921354197221e-01 8.2887386706432054e+01 5.5461152529329479e+02
5.4479982977394492e-01 2.1998547636936044e-01 8.4397789710313842e-01 8.0325911200138705e+01 5.4771282535900048e+02
5.5091090486810845e-01 2.1583565549192518e-01 8.4838079226606977e-01 7.7821755192376173e+01 5.4084035616131746e+02
5.5705817608027863e-01 2.1172530138871529e-01 8.5270917203574736e-01 7.5372910179107905e+01 5.3399081039016426e+02
5.6324179984313960e-01 2.0765321797598080e-01 8.5696520876150917e-01 7.2977980920578020e+01 5.2716241264091093e+02
5.6946195541569988e-01 2.0361726822292556e-01 8.6115005534926203e-01 7.0635058088428082e+01 5.2035167772039063e+02
5.7571884394468165e-01 1.9961633469519743e-01 8.6526585710576598e-01 6.8342889978542772e+01 5.1355684455557002e+02
5.8201269222078356e-01 1.9564823805164627e-01 8.6931364007876577e-01 6.6099653602173973e+01 5.0677420553661187e+02
5.8834375104154168e-01 1.9171194018294896e-01 8.7329553097065893e-01 6.3904237452063747e+01 5.0000201388927979e+02
5.9471230007677223e-01 1.8779812801013732e-01 8.7721241899001634e-01 6.1754892745987647e+01 4.9325485882362568e+02
6.0111864570868045e-01 1.8392017392392812e-01 8.8106642008994629e-01 5.9650648226942167e+01 4.8649351743991787e+02
6.0756312729269313e-01 1.8006257461078520e-01 8.8485827012674434e-01 5.7589818825793849e+01 4.7974837872565092e+02
6.1404611417624477e-01 1.7623742466251030e-01 8.8859008057980704e-01 5.5571577863321856e+01 4.7298334593012686e+02
6.2056801311793586e-01 1.7242970657012308e-01 8.9226240712535154e-01 5.3594296416819155e+01 4.6622734692490724e+02
6.2712926456598383e-01 1.6864791088638573e-01 8.9587735520050882e-01 5.1657305029096193e+01 4.5945400175069358e+02
6.3373035221008611e-01 1.6488516344790552e-01 8.9943525413445591e-01 4.9759029410404921e+01 4.5266986158635780e+02
6.4037179726958326e-01 1.6114170402958133e-01 9.0293818451354657e-01 4.7898984348808476e+01 4.4587139596105567e+02
6.4705417092665374e-01 1.5741492879343394e-01 9.0638616609570732e-01 4.6075661804722401e+01 4.3905297443406425e+02
6.5377808558348360e-01 1.5370432178621801e-01 9.0978119926435475e-01 4.4288813729652432e+01 4.3221439594182846e+02
6.6054420988718965e-01 1.5000720828137687e-01 9.1312283920713322e-01 4.2537035647316586e+01 4.2534991619396880e+02
6.6735325503505594e-01 1.4632395111756996e-01 9.1641287630334811e-01 4.0820425953475862e+01 4.1845944196118324e+02
6.7420599462133646e-01 1.4265137328132757e-01 9.1964956581407176e-01 3.9137481141101055e+01 4.1153632356468847e+02
6.8110324389808286e-01 1.3899213495018975e-01 9.2283521612986474e-01 3.7489420509392858e+01 4.0458498449744479e+02
6.8804587799367811e-01 1.3534356221394658e-01 9.2596644394687566e-01 3.5875031510229121e+01 3.9759960787997142e+02
6.9503480277431251e-01 1.3170958031820298e-01 9.2904351437332366e-01 3.4296056527190693e+01 3.9058726530370836e+02
7.0207095500042671e-01 1.2809152437235652e-01 9.3206193120264003e-01 3.2753016840634714e+01 3.8355016463177270e+02
7.0915526211994129e-01 1.2449564493554909e-01 9.3501735406737585e-01 3.1248452840967225e+01 3.7650055378014736e+02
7.1628861749145956e-01 1.2093074602860700e-01 9.3790212853777410e-01 2.9785764750500064e+01 3.6945647482552579e+02
7.2347178514995503e-01 1.1741048202105642e-01 9.4070513894054641e-01 2.8370040209124255e+01 3.6244685807570863e+02
7.3070534551381361e-01 1.1395512685531076e-01 9.4341098149421265e-01 2.7008570288959309e+01 3.5551586445845726e+02
7.3798951461921825e-01 1.1059305493152168e-01 9.4599898570297614e-01 2.5711185008622898e+01 3.4872693892771639e+02
7.4532405107858613e-01 1.0736172884106769e-01 9.4844280805672776e-01 2.4490384277007028e+01 3.4216640149202362e+02
7.5270799039220915e-01 1.0430729312231388e-01 9.5071100956197641e-01 2.3361032350558791e+01 3.3594533495129059e+02
7.6013957725130998e-01 1.0148116338366063e-01 9.5276918286049417e-01 2.2339291237072036e+01 3.3019858797759196e+02
7.6761602588850664e-01 9.8938350287908011e-02 9.5458391728938952e-01 2.1440675668744369e+01 3.2506114574913414e+02
7.7513366591338351e-01 9.6757413531368935e-02 9.5612841685353944e-01 2.0677333248469800e+01 3.2055424737711962e+02
7.8268790364041685e-01 9.4988401360696570e-02 9.5738858072290134e-01 2.0055123515101545e+01 3.1669851099420282e+02
7.9027379758380578e-01 9.3658159748767178e-02 9.5836761044237562e-01 1.9571414228463912e+01 3.1344969217252094e+02
7.9788619110032433e-01 9.2842625208615623e-02 9.5908711050339646e-01 1.9214537025355241e+01 3.1043720999132466e+02
8.0552063131359197e-01 9.2701840671087540e-02 9.5958371572189172e-01 1.8965309324057692e+01 3.0687593450298203e+02
8.1317319323031412e-01 9.3589758470818976e-02 9.5990211624613531e-01 1.8800149561726084e+01 3.0131741766789440e+02
8.2084143734557324e-01 9.6234633876222858e-02 9.6008671598061213e-01 1.8694666117557954e+01 2.9139196614396218e+02
8.2852331259069500e-01 1.0201351547915466e-01 9.6017456680063984e-01 1.8626443772196261e+01 2.7388200011599002e+02
8.3621800870754592e-01 1.1334060538205275e-01 9.6019109269703251e-01 1.8576336224145358e+01 2.4584749871673372e+02
8.4392341603008270e-01 1.3414582369418532e-01 9.6014898803757598e-01 1.8528314832558912e+01 2.0718104733694412e+02
8.5163587502382221e-01 1.7037654343386746e-01 9.6004946025478910e-01 1.8468670860961574e+01 1.6259871067401613e+02
8.5934311650870598e-01 2.3024919491510304e-01 9.5988554641024537e-01 1.8385713517638987e+01 1.1977705410273936e+02
8.6703637994239080e-01 3.2412841438307938e-01 9.5964728233997243e-01 1.8270562319317403e+01 8.4552425097127738e+01
8.7503686278857451e-01 4.6924626857688723e-01 9.5931765075646824e-01 1.8113456935910406e+01 5.7901761235664893e+01
8.8155613280529255e-01 6.3160772877191196e-01 9.5899807444522400e-01 1.7966931411964879e+01 4.2669517629794115e+01
8.8469435962732690e-01 7.4858840049256092e-01 9.5882616237548968e-01 1.7889197248860135e+01 3.5845861164338011e+01
8.8580445156102028e-01 8.3128738474324149e-01 9.5875652456365634e-01 1.7858626262112040e+01 3.2224643227855559e+01
8.8629584564727948e-01 9.0978907890224781e-01 9.5872249294716883e-01 1.7843090968719739e+01 2.9418507073500859e+01
8.8654676206266581e-01 9.9510019599890420e-01 9.5870409122961919e-01 1.7833534270734756e+01 2.6882018025581402e+01
8.8670640173249948e-01 1.0969274054457150e+00 9.5869218210939122e-01 1.7826204211088065e+01 2.4376550520922667e+01
8.8682297607722360e-01 1.2207845604930110e+00 9.5868253645118273e-01 1.7820377060518123e+01 2.1896218592396110e+01
8.8691719696117044e-01 1.3718174350102441e+00 9.5867364044513037e-01 1.7815534260130359e+01 1.9480217052348500e+01
8.8699903991617080e-01 1.5548264032578680e+00 9.5866515901953120e-01 1.7811215835613567e+01 1.7183155429725076e+01
8.8707378566051776e-01 1.7742073531279670e+00 9.5865688644531799e-01 1.7807175977264599e+01 1.5055040730614280e+01
8.8714445619339344e-01 2.0338855286807140e+00 9.5864869422540055e-01 1.7803270226394694e+01 1.3129994271071025e+01
8.8721283518201044e-01 2.3370158575977222e+00 9.5864054966585843e-01 1.7799390234383420e+01 1.1424434825624074e+01
8.8727997313468154e-01 2.6857930972132067e+00 9.5863236177477607e-01 1.7795504986748472e+01 9.9386872011175296e+00
8.8734650440281571e-01 3.0815239994087054e+00 9.5862415118506272e-01 1.7791561078419026e+01 8.6604360773271285e+00
8.8741263994561259e-01 3.5235354786010302e+00 9.5861586016901157e-01 1.7787579597033858e+01 7.5723288604842560e+00
8.8747858731605245e-01 4.0113861521106244e+00 9.5860753763236728e-01 1.7783525575089918e+01 6.6498929175889598e+00
8.8754447294438588e-01 4.5438173917290134e+00 9.5859908815358452e-01 1.7779437960111903e+01 5.8693285053032698e+00
8.8761027113667312e-01 5.0847470968962174e+00 9.5859062588138044e-01 1.7775273278256417e+01 5.2437042411922397e+00
8.8767609546102122e-01 5.5923879784767854e+00 9.5858195617269837e-01 1.7771113074352385e+01 4.7665987614094556e+00
8.8774190120192109e-01 6.0597408199610419e+00 9.5857308197984969e-01 1.7766963153413727e+01 4.3979512526893716e+00
8.8780758232645551e-01 6.4884676086783841e+00 9.5856401893215670e-01 1.7762830523093577e+01 4.1064003693265638e+00
8.8787330526561958e-01 6.8819174192827113e+00 9.5855501623212980e-01 1.7758574774216072e+01 3.8707035464689601e+00
8.8793908250821962e-01 7.2425267860356959e+00 9.5854582094861407e-01 1.7754315907758148e+01 3.6770970475366860e+00
8.8800467338065103e-01 7.5711513066432872e+00 9.5853661815814295e-01 1.7749997011407306e+01 3.5166376207207648e+00
8.8807037971874814e-01 7.8713542127957909e+00 9.5852725677383632e-01 1.7745650293252165e+01 3.3816894425366928e+00
8.8813598213973255e-01 8.1443510575240659e+00 9.5851773054600375e-01 1.7741309359431565e+01 3.2675364619213196e+00
8.8820166465805195e-01 8.3925949476164092e+00 9.5850801783394746e-01 1.7736958328467306e+01 3.1701086086916659e+00
8.8826738881807454e-01 8.6180349234816536e+00 9.5849814833494995e-01 1.7732588979404348e+01 3.0864209422767890e+00
8.8833316001710327e-01 8.8221628442057050e+00 9.5848814716166086e-01 1.7728186349481085e+01 3.0142585207081196e+00
8.8839920286705321e-01 9.0074898879776573e+00 9.5847802220607414e-01 1.7723715104017650e+01 2.9514962533025293e+00
8.8846508328245377e-01 9.1742450088632275e+00 9.5846787471385519e-01 1.7719186243604085e+01 2.8971080824338564e+00
8.8853104461339327e-01 9.3245365079610938e+00 9.5845769185052632e-01 1.7714570193524082e+01 2.8496703581566365e+00
8.8859694695470770e-01 9.4594657164351119e+00 9.5844750314214566e-01 1.7709872250866024e+01 2.8082778850971120e+00
8.8866309078020556e-01 9.5808455458495736e+00 9.5843725037951877e-01 1.7705075119885894e+01 2.7719487338289897e+00
8.8872925506596634e-01 9.6895841151105131e+00 9.5842694451337562e-01 1.7700206227020843e+01 2.7400876059403965e+00
8.8879553209308537e-01 9.7868142508253353e+00 9.5841654265587950e-01 1.7695270523135154e+01 2.7121088746998883e+00
8.8886190405042309e-01 9.8736825884867283e+00 9.5840603021122373e-01 1.7690278114078954e+01 2.6874893874004235e+00
8.8892826823941529e-01 9.9509033057864293e+00 9.5839541532927497e-01 1.7685238389880649e+01 2.6658743201127355e+00
8.8899475697854391e-01 1.0019609853965898e+01 9.5838469493831990e-01 1.7680132293219202e+01 2.6468294500840015e+00
8.8906137371912819e-01 1.0080536423727725e+01 9.5837389957978769e-01 1.7674941904370620e+01 2.6300597252097209e+00
8.8912803599276446e-01 1.0134430101162733e+01 9.5836304646912618e-01 1.7669671337642210e+01 2.6152932865383742e+00
8.8919473863602194e-01 1.0181913165347932e+01 9.5835212055695584e-01 1.7664326196892681e+01 2.6023094938104978e+00
8.8926155421682973e-01 1.0223728740012067e+01 9.5834110030252084e-01 1.7658904800854092e+01 2.5908705008589528e+00
8.8932843380756177e-01 1.0260372222734425e+01 9.5832999856230683e-01 1.7653406061722450e+01 2.5808136895765199e+00
8.8939554738362769e-01 1.0292490957035103e+01 9.5831879790082930e-01 1.7647809599627308e+01 2.5719443922704706e+00
8.8946256893721021e-01 1.0320388771903875e+01 9.5830756999015998e-01 1.7642131984406042e+01 2.5641667733149949e+00
8.8952974532267548e-01 1.0344602142226663e+01 9.5829629659058391e-01 1.7636339245625283e+01 2.5573249221882226e+00
8.8959678421926602e-01 1.0365435096254167e+01 9.5828505395367625e-01 1.7630442164290987e+01 2.5513317097507406e+00
8.8966401294431297e-01 1.0383319301402324e+01 9.5827381561995495e-01 1.7624395390626347e+01 2.5460637700286375e+00
8.8973131904863223e-01 1.0398574801746321e+01 9.5826262704968868e-01 1.7618195536104942e+01 2.5414341684323176e+00
8.8979872253019410e-01 1.0411485307289357e+01 9.5825137807080552e-01 1.7611889816347087e+01 2.5373742501489964e+00
8.8986617088638009e-01 1.0422363621830488e+01 9.5823989205682114e-01 1.7605573548294338e+01 2.5338168270321182e+00
8.8993356028663384e-01 1.0431415771947592e+01 9.5822811694549381e-01 1.7599287216003514e+01 2.5307140853303820e+00
8.9000111128028636e-01 1.0438894985398349e+01 9.5821602689837571e-01 1.7593003207568103e+01 2.5279979201117642e+00
8.9006871032497359e-01 1.0444956621058555e+01 9.5820365792361051e-01 1.7586721097502661e+01 2.5256286457971400e+00
8.9013648725469663e-01 1.0449779644631757e+01 9.5819101361636205e-01 1.7580413755964951e+01 2.5235575802303631e+00
8.9020414831079575e-01 1.0453482329380746e+01 9.5817817673448680e-01 1.7574092046167991e+01 2.5217566011625516e+00
8.9027197105694400e-01 1.0456208774560110e+01 9.5816512035557866e-01 1.7567714830300680e+01 2.5201842095544444e+00
8.9033966914714324e-01 1.0458069357974342e+01 9.5815192111580505e-01 1.7561296509224054e+01 2.5188152671554223e+00
8.9040749516299678e-01 1.0459178356087893e+01 9.5813850639598785e-01 1.7554820596241946e+01 2.5176194532561840e+00
8.9047537542520416e-01 1.0459645269330663e+01 9.5812486064845903e-01 1.7548307096682162e+01 2.5165729780726758e+00
8.9054337123800131e-01 1.0459551097064079e+01 9.5811096623614300e-01 1.7541747877819788e+01 2.5156549810359876e+00
8.9061144710059015e-01 1.0458964923190226e+01 9.5809691033943811e-01 1.7535106019149438e+01 2.5148434115506371e+00
8.9067948854986001e-01 1.0457943219991199e+01 9.5808275650953467e-01 1.7528368654227847e+01 2.5141227513151381e+00
8.9074761332221841e-01 1.0456551551934908e+01 9.5806846833558368e-01 1.7521528430767635e+01 2.5134761221818014e+00
8.9081571963183070e-01 1.0454847839965970e+01 9.5805404758751789e-01 1.7514600814468999e+01 2.5128917822479764e+00
8.9088393197517002e-01 1.0452883040095770e+01 9.5803945085816755e-01 1.7507579402971285e+01 2.5123565435222086e+00
8.9095227487572792e-01 1.0450699767782719e+01 9.5802465730560038e-01 1.7500464954088546e+01 2.5118602595453106e+00
8.9102078700745901e-01 1.0448336586848775e+01 9.5800964956699830e-01 1.7493255363121989e+01 2.5113933520969147e+00
8.9108901344222580e-01 1.0445847703997174e+01 9.5799451464787511e-01 1.7486001418805085e+01 2.5109500800180076e+00
8.9115748199292077e-01 1.0443249180019306e+01 9.5797911403178371e-01 1.7478653581286355e+01 2.5105194676472387e+00
8.9122593181130383e-01 1.0440561119658438e+01 9.5796347749134791e-01 1.7471251811956705e+01 2.5101024185941845e+00
8.9129452485011118e-01 1.0437809298200310e+01 9.5794752426620466e-01 1.7463793915269378e+01 2.5096924195981174e+00
8.9136323026923403e-01 1.0434969514194751e+01 9.5793121355822120e-01 1.7456304720891342e+01 2.5092988576265736e+00
8.9143184361452177e-01 1.0432027302042249e+01 9.5791453126018344e-01 1.7448830620204554e+01 2.5089318856731677e+00
8.9150051589063661e-01 1.0428957546536997e+01 9.5789738433046068e-01 1.7441380052692963e+01 2.5085987705191806e+00
8.9156917773027777e-01 1.0425740021388618e+01 9.5787975413002080e-01 1.7433971816426272e+01 2.5083071005981523e+00
8.9163801556143285e-01 1.0422290080418655e+01 9.5786189106772535e-01 1.7426438996866040e+01 2.5080532487202705e+00
8.9170691477488373e-01 1.0418550944868572e+01 9.5784404845137117e-01 1.7418681166920397e+01 2.5078364437282303e+00
8.9177594993558151e-01 1.0414500298788763e+01 9.5782621949692193e-01 1.7410679967045944e+01 2.5076594364884008e+00
8.9184471698578238e-01 1.0410158125213375e+01 9.5780846739618442e-01 1.7402497826648851e+01 2.5075264396560963e+00
8.9191374095070441e-01 1.0405493389915460e+01 9.5779059262451516e-01 1.7394096951042144e+01 2.5074395272644727e+00
8.9198282399275586e-01 1.0400530483902228e+01 9.5777257895702794e-01 1.7385530572278483e+01 2.5074005502682084e+00
8.9205195764498324e-01 1.0395277141717573e+01 9.5775436346484655e-01 1.7376822917499613e+01 2.5074112042329593e+00
8.9212116539451558e-01 1.0389733627663011e+01 9.5773597918909115e-01 1.7367949521237179e+01 2.5074679693896726e+00
8.9219041011946154e-01 1.0383898963758481e+01 9.5771749685313612e-01 1.7358878000111176e+01 2.5075664825943296e+00
8.9225967185698662e-01 1.0377803168451274e+01 9.5769887199057258e-01 1.7349631939977552e+01 2.5077029779367139e+00
8.9232898910275638e-01 1.0371521101349307e+01 9.5767988095307932e-01 1.7340299122073223e+01 2.5078721268499318e+00
8.9239834933567086e-01 1.0365244018326834e+01 9.5766044126892946e-01 1.7330918797064061e+01 2.5080333998535660e+00
8.9246784077946173e-01 1.0359083006426310e+01 9.5764056641461925e-01 1.7321450937237650e+01 2.5081540894824661e+00
8.9253741373939111e-01 1.0353012501938087e+01 9.5762030856023039e-01 1.7311880867184311e+01 2.5082381863168117e+00
8.9260698244801928e-01 1.0347037938754667e+01 9.5759959060970423e-01 1.7302258355222591e+01 2.5082915213469819e+00
8.9267660652264280e-01 1.0341154936876848e+01 9.5757828798450617e-01 1.7292621825208219e+01 2.5083206756059098e+00
8.9274614314125667e-01 1.0335372584064455e+01 9.5755637194567089e-01 1.7283014675985847e+01 2.5083297000778053e+00
8.9281589217496105e-01 1.0329593259223909e+01 9.5753409774324416e-01 1.7273224072782877e+01 2.5083113593110626e+00
8.9288569587069522e-01 1.0323774063963517e+01 9.5751177445423563e-01 1.7263139859921175e+01 2.5082600248169542e+00
8.9295567998797309e-01 1.0317898703636335e+01 9.5748933364653799e-01 1.7252749362695571e+01 2.5081777586092002e+00
8.9302542216765057e-01 1.0312015901715901e+01 9.5746677586789053e-01 1.7242170586617554e+01 2.5080698213064943e+00
8.9309536577007642e-01 1.0306074132233181e+01 9.5744398645889717e-01 1.7231311522586239e+01 2.5079353158387074e+00
8.9316535761644467e-01 1.0300048118110109e+01 9.5742119726320196e-01 1.7220103244239162e+01 2.5077703104068751e+00
8.9323546643714136e-01 1.0293883916142347e+01 9.5739861995354569e-01 1.7208410420248057e+01 2.5075681677247252e+00
8.9330562474098474e-01 1.0287541764598652e+01 9.5737651181696959e-01 1.7196127372552592e+01 2.5073230951626853e+00
8.9337590341388684e-01 1.0280976506334177e+01 9.5735503311930426e-01 1.7183140257632083e+01 2.5070294023693327e+00
8.9344622938385987e-01 1.0274328719099174e+01 9.5733337830000653e-01 1.7169843020763256e+01 2.5067101934619620e+00
8.9351641352933919e-01 1.0267786266053500e+01 9.5731054197268683e-01 1.7156749449139408e+01 2.5063946119323144e+00
8.9358679638031557e-01 1.0261349345493578e+01 9.5728618329226189e-01 1.7143890262085964e+01 2.5060871165469512e+00
8.9365725320766709e-01 1.0254992226531973e+01 9.5726051278057922e-01 1.7131187990782564e+01 2.5057826879371476e+00
8.9372797251920277e-01 1.0248649464895363e+01 9.5723370335627123e-01 1.7118477182658381e+01 2.5054731222822375e+00
8.9379856847959449e-01 1.0242307533470733e+01 9.5720613618031336e-01 1.7105695913487082e+01 2.5051526510389701e+00
8.9386919091367933e-01 1.0235975618409046e+01 9.5717755962428075e-01 1.7092882544379155e+01 2.5048246276063120e+00
8.9393974749109206e-01 1.0229708765075426e+01 9.5714767175570625e-01 1.7080186410007141e+01 2.5044974596421761e+00
8.9401055485126690e-01 1.0223465184948068e+01 9.5711634089922748e-01 1.7067513859486617e+01 2.5041676502134016e+00
8.9408144587331184e-01 1.0217096720227092e+01 9.5708455002660908e-01 1.7054443554967893e+01 2.5038096470014861e+00
8.9415240310093957e-01 1.0210517403082770e+01 9.5705273317846418e-01 1.7040736242080566e+01 2.5034093135577447e+00
8.9422344573832302e-01 1.0203738928816524e+01 9.5702071138619738e-01 1.7026427771766304e+01 2.5029689446015313e+00
8.9429443420776245e-01 1.0196802601922343e+01 9.5698824667276405e-01 1.7011625183375905e+01 2.5024940435988436e+00
8.9436559614291333e-01 1.0189688246685614e+01 9.5695508991569633e-01 1.6996288478468319e+01 2.5019835838446789e+00
8.9443691137700987e-01 1.0182363090389293e+01 9.5692127960232165e-01 1.6980326360922263e+01 2.5014320659438987e+00
8.9450841574755802e-01 1.0174765379043409e+01 9.5688695512027810e-01 1.6963570961025177e+01 2.5008297974070861e+00
8.9457962395276391e-01 1.0166973621319642e+01 9.5685194543985397e-01 1.6946212359170133e+01 2.5001853536289440e+00
8.9465113152393194e-01 1.0159001346036021e+01 9.5681517341319633e-01 1.6928325067779110e+01 2.4995062739682234e+00
8.9472272322643320e-01 1.0150867013885595e+01 9.5677644672631457e-01 1.6909948709481686e+01 2.4987937512653144e+00
8.9479440862127579e-01 1.0142503321341993e+01 9.5673569092692723e-01 1.6890897506209278e+01 2.4980367722434784e+00
8.9486625072215098e-01 1.0133840690822563e+01 9.5669275495091699e-01 1.6870983313393669e+01 2.4972244721597630e+00
8.9493802395921707e-01 1.0124837759400577e+01 9.5664750658510478e-01 1.6850079327596156e+01 2.4963480494220383e+00
8.9500996721553749e-01 1.0115380318089768e+01 9.5659954535593350e-01 1.6827883446373200e+01 2.4953906205996783e+00
8.9508215341678776e-01 1.0105332691426154e+01 9.5654857060589527e-01 1.6804023864753635e+01 2.4943301291323592e+00
8.9515457993015857e-01 1.0094534095464756e+01 9.5649438943103693e-01 1.6778054675714316e+01 2.4931395323017895e+00
8.9522674297843574e-01 1.0082853888713641e+01 9.5643715420233899e-01 1.6749585942792113e+01 2.4917924222140546e+00
8.9529928563007688e-01 1.0069965954397054e+01 9.5637584006146203e-01 1.6717747629681899e+01 2.4902389499711397e+00
8.9537200265915051e-01 1.0056061518524450e+01 9.5630744301207260e-01 1.6683053836215642e+01 2.4885071265947643e+00
8.9544486168595994e-01 1.0041187466664825e+01 9.5622868292523189e-01 1.6645631032558089e+01 2.4866029672016858e+00
8.9551788060346627e-01 1.0025062577830466e+01 9.5613783858479462e-01 1.6604692906764168e+01 2.4844771957060847e+00
8.9559114354786651e-01 1.0007190582590233e+01 9.5603302768016829e-01 1.6558862021042231e+01 2.4820445685100831e+00
8.9566474632881488e-01 9.9872789075030557e+00 9.5591034188562207e-01 1.6507323035395263e+01 2.4792523351371436e+00
8.9573869670910888e-01 9.9650463745581881e+00 9.5576393579416230e-01 1.6449283968020541e+01 2.4760472781166314e+00
8.9581295744153266e-01 9.9400874235994650e+00 9.5558774927866807e-01 1.6383599555415056e+01 2.4723524337196858e+00
8.9588752097312241e-01 9.9108883621371664e+00 9.5537936140344637e-01 1.6306071797682499e+01 2.4679026544144653e+00
8.9596267563827037e-01 9.8755206977781604e+00 9.5513532015073721e-01 1.6211365195434528e+01 2.4623560151742425e+00
8.9603858547213333e-01 9.8323516488710627e+00 9.5484535415926308e-01 1.6094924831143704e+01 2.4554031536786574e+00
8.9611548277473985e-01 9.7797748743162174e+00 9.5449368411675806e-01 1.5952250269187642e+01 2.4467204727403793e+00
8.9619288995425772e-01 9.7153468641454968e+00 9.5406218912331131e-01 1.5778844757575500e+01 2.4361731461911078e+00
8.9627175350628341e-01 9.6360811744314159e+00 9.5351774693556612e-01 1.5565301811283565e+01 2.4229717760034339e+00
8.9635209762226742e-01 9.5367795665151718e+00 9.5283508790235516e-01 1.5297676351090356e+01 2.4061072573391149e+00
8.9643435457051424e-01 9.4135751567835619e+00 9.5195078549417378e-01 1.4962611583300671e+01 2.3842075939424126e+00
8.9651924979152309e-01 9.2546952647559966e+00 9.5078184751916117e-01 1.4538247957660316e+01 2.3563576447014900e+00
8.9660782454277277e-01 9.0516048147650743e+00 9.4917766939965664e-01 1.3994201497603418e+01 2.3190696761489065e+00
8.9670137677071160e-01 8.7811934714281676e+00 9.4691397845538083e-01 1.3281617021993313e+01 2.2687605731285405e+00
8.9680212377594559e-01 8.4243942912810468e+00 9.4347452951627420e-01 1.2346181896097622e+01 2.1982913196873075e+00
8.9691330876690489e-01 7.9855790266802371e+00 9.3873588257345619e-01 1.1226437256032320e+01 2.1087582788657286e+00
8.9703818465437801e-01 7.5070327443786571e+00 9.3288323724395272e-01 1.0053334578404746e+01 2.0087832811038657e+00
8.9718052182202968e-01 7.0053852609007787e+00 9.2537777519055908e-01 8.8677765699536124e+00 1.8987770635786616e+00
8.9734438223199264e-01 6.4864703808317543e+00 9.1556826283119186e-01 7.6994797142940321e+00 1.7805091048546655e+00
8.9753681323642687e-01 5.9109513607534279e+00 9.0323515094011264e-01 6.4875569015319368e+00 1.6463230296412927e+00
8.9776582712842989e-01 5.3428710680494120e+00 8.8609382461553776e-01 5.3503086316714858e+00 1.5020880806014252e+00
8.9804690224916794e-01 4.6997866327310964e+00 8.6375125054404922e-01 4.1920567871145433e+00 1.3379512033331906e+00
8.9840061673131610e-01 4.0782649795708661e+00 8.2967841158055045e-01 3.1575631707745799e+00 1.1613626823876093e+00
8.9886446734755288e-01 3.4255212360090836e+00 7.8080361121402742e-01 2.1608492456526283e+00 9.4621333372762861e-01
8.9950530490775638e-01 2.8066547845412617e+00 6.9672912571204404e-01 1.3250976023402672e+00 7.0819055284537769e-01
9.0044848631427432e-01 2.1506411598597230e+00 5.4986065393639805e-01 6.3033145684104608e-01 4.3963502740886801e-01
9.0188737078311187e-01 1.5390048067380218e+00 3.0115099294713016e-01 1.8957188570632655e-01 1.8476734271038234e-01
9.0389636732872392e-01 1.1480595191390783e+00 7.6848459537843528e-02 3.4985706627147582e-02 4.5710661395042193e-02
9.0626945022004235e-01 1.0241468243603287e+00 9.5211864157639207e-03 1.2090004397214263e-02 1.7707428431610210e-02
9.0875189094905717e-01 1.0029385227314407e+00 8.8353522034698650e-04 1.0155805656321720e-02 1.5189075042201511e-02
9.1125016432866024e-01 1.0003079212986530e+00 7.5228590517954433e-05 1.0011715315038510e-02 1.5012950165446206e-02
9.1375001366618269e-01 1.0000295811830751e+00 6.1940898839479751e-06 1.0000897390586169e-02 1.5000902341440801e-02
9.1625000111243904e-01 1.0000026887774536e+00 5.0149281814045064e-07 1.0000069642251372e-02 1.5000064131542817e-02
9.1875000008950236e-01 1.0000002354555979e+00 4.0226555493457275e-08 1.0000005448790983e-02 1.5000004641351412e-02
9.2125000000715163e-01 1.0000000200885792e+00 3.2096284054752302e-09 1.0000000428424194e-02 1.5000000341307593e-02
9.2375000000056762e-01 1.0000000016822119e+00 2.5530932103431562e-10 1.0000000033790091e-02 1.5000000025451954e-02
9.2625000000004343e-01 1.0000000001387248e+00 2.0274347252614953e-11 1.0000000002670872e-02 1.5000000001925435e-02
9.2875000000000252e-01 1.0000000000110241e+00 1.6082914342461815e-12 1.0000000000210285e-02 1.5000000000150067e-02
9.3125000000000002e-01 1.0000000000006779e+00 1.2680728494181354e-13 1.0000000000015052e-02 1.5000000000012408e-02
9.3375000000000008e-01 1.0000000000000353e+00 1.0165669206041141e-14 1.0000000000000508e-02 1.5000000000000230e-02
9.3625000000000003e-01 1.0000000000000000e+00 8.1058999704434351e-16 1.0000000000000064e-02 1.5000000000000095e-02
9.3874999999999997e-01 1.0000000000000000e+00 8.5208623433189476e-17 9.9999999999999534e-03 1.4999999999999928e-02
9.4125000000000003e-01 1.0000000000000000e+00 1.4883111561306270e-17 9.9999999999999534e-03 1.4999999999999928e-02
9.4375000000000009e-01 1.0000000000000000e+00 1.4664672876085126e-17 9.9999999999999534e-03 1.4999999999999928e-02
9.4625000000000004e-01 1.0000000000000000e+00 1.4889628817957590e-17 9.9999999999999534e-03 1.4999999999999928e-02
9.4874999999999998e-01 1.0000000000000000e+00 1.4606565424312375e-17 9.9999999999999534e-03 1.4999999999999928e-02
9.5125000000000004e-01 1.0000000000000000e+00 1.4794587826763649e-17 9.9999999999999534e-03 1.4999999999999928e-02
9.5375000000000010e-01 1.0000000000000000e+00 1.4505468923765504e-17 9.9999999999999534e-03 1.4999999999999928e-02
9.5625000000000004e-01 1.0000000000000000e+00 1.4666827290017794e-17 9.9999999999999534e-03 1.4999999999999928e-02
9.5874999999999999e-01 1.0000000000000000e+00 1.4332388157793846e-17 9.9999999999999534e-03 1.4999999999999928e-02
9.6124999999999994e-01 1.0000000000000000e+00 1.4643181262799505e-17 9.9999999999999534e-03 1.4999999999999928e-02
9.6375000000000000e-01 1.0000000000000000e+00 1.4387551815327503e-17 9.9999999999999534e-03 1.4999999999999928e-02
9.6625000000000005e-01 1.0000000000000000e+00 1.4545663672706855e-17 9.9999999999999534e-03 1.4999999999999928e-02
9.6875000000000000e-01 1.0000000000000000e+00 1.4132662038008183e-17 9.9999999999999534e-03 1.4999999999999928e-02
9.7124999999999995e-01 1.0000000000000000e+00 1.4340226466204685e-17 9.9999999999999534e-03 1.4999999999999928e-02
9.7375000000000000e-01 1.0000000000000000e+00 1.4035420689960330e-17 9.9999999999999534e-03 1.4999999999999928e-02
9.7625000000000006e-01 1.0000000000000000e+00 1.4204990243830780e-17 9.9999999999999534e-03 1.4999999999999928e-02
9.7875000000000001e-01 1.0000000000000000e+00 1.3915391541701242e-17 9.9999999999999534e-03 1.4999999999999928e-02
9.8124999999999996e-01 1.0000000000000000e+00 1.5823001741998467e-17 9.9999999999999534e-03 1.4999999999999928e-02
9.8375000000000001e-01 1.0000000000000000e+00 1.3536143447556429e-17 9.9999999999999534e-03 1.4999999999999928e-02
9.8625000000000007e-01 1.0000000000000000e+00 1.5513772353304021e-17 9.9999999999999534e-03 1.4999999999999928e-02
9.8875000000000002e-01 1.0000000000000000e+00 1.3390829341994196e-17 9.9999999999999534e-03 1.4999999999999928e-02
9.9124999999999996e-01 1.0000000000000000e+00 1.5396112981102072e-17 9.9999999999999534e-03 1.4999999999999928e-02
9.9375000000000002e-01 1.0000000000000000e+00 1.4224578598597416e-17 9.9999999999999534e-03 1.4999999999999928e-02
9.9625000000000008e-01 1.0000000000000000e+00 1.4416366418384255e-17 9.9999999999999534e-03 1.4999999999999928e-02
9.9875000000000003e-01 1.0000000000000000e+00 1.3691170699413134e-17 9.9999999999999534e-03 1.4999999999999928e-02
