1.2500000045864244e-03 9.9999999633086056e-01 2.9952410572158898e-09 9.9999999388476760e+02 1.4999999963308605e+03
3.7500000189646327e-03 9.9999999216657287e-01 6.3946863793673565e-09 9.9999998694429030e+02 1.4999999921665758e+03
6.2500000369539871e-03 9.9999999344194312e-01 5.3535618944230230e-09 9.9999998906990345e+02 1.4999999934419402e+03
8.7500000591157305e-03 9.9999998882866215e-01 9.1195349624570337e-09 9.9999998138110129e+02 1.4999999888286584e+03
1.1250000093844756e-02 9.9999998338811813e-01 1.3560833089987865e-08 9.9999997231353075e+02 1.4999999833881186e+03
1.3750000145862340e-02 9.9999997499781534e-01 2.0410119447634424e-08 9.9999995832969125e+02 1.4999999749978131e+03
1.6250000224194643e-02 9.9999996233634325e-01 3.0746097753052885e-08 9.9999993722724071e+02 1.4999999623363447e+03
1.8750000341917976e-02 9.9999994348499277e-01 4.6135078157545959e-08 9.9999990580833821e+02 1.4999999434850149e+03
2.1250000518093285e-02 9.9999991557476708e-01 6.8919137317220354e-08 9.9999985929127445e+02 1.4999999155747537e+03
2.3750000780593881e-02 9.9999987442477278e-01 1.0251124444883579e-07 9.9999979070797451e+02 1.4999998744247866e+03
2.6250001169728261e-02 9.9999981426775453e-01 1.5161942857521573e-07 9.9999969044629177e+02 1.4999998142677712e+03
2.8750001743594725e-02 9.9999972663914782e-01 2.2315358974007032e-07 9.9999954439864496e+02 1.4999997266391708e+03
3.1250002585587265e-02 9.9999959976697683e-01 3.2672359731651909e-07 9.9999933294509003e+02 1.4999995997670094e+03
3.3750003814491489e-02 9.9999941710998208e-01 4.7583264888757895e-07 9.9999902851691297e+02 1.4999994171100564e+03
3.6250005598605278e-02 9.9999915559968167e-01 6.8931233224978606e-07 9.9999859266668750e+02 1.4999991555997956e+03
3.8750008174956219e-02 9.9999878332103020e-01 9.9321601492638293e-07 9.9999797220289770e+02 1.4999987833213208e+03
4.1250011875401414e-02 9.9999825632582950e-01 1.4234201867738730e-06 9.9999709387881637e+02 1.4999982563264398e+03
4.3750017161845810e-02 9.9999751452479968e-01 2.0289779897235525e-06 9.9999585754624445e+02 1.4999975145259896e+03
4.6250024673329844e-02 9.9999647630037047e-01 2.8765169847574758e-06 9.9999412717709936e+02 1.4999964763026767e+03
4.8750035288595547e-02 9.9999503151181113e-01 4.0559496286806414e-06 9.9999171920566835e+02 1.4999950315161000e+03
5.1250050208599421e-02 9.9999303253391991e-01 5.6877888439227309e-06 9.9998838759439320e+02 1.4999930325421644e+03
5.3750071064521440e-02 9.9999028282379032e-01 7.9324823564610017e-06 9.9998380477956175e+02 1.4999902828392337e+03
5.6250100058067951e-02 9.9998652252308529e-01 1.1002166937970411e-05 9.9997753767869790e+02 1.4999865225517769e+03
5.8750140142300247e-02 9.9998141044262900e-01 1.5175377499713678e-05 9.9996901766966755e+02 1.4999814104949869e+03
6.1250195252863099e-02 9.9997450177105207e-01 2.0815247765760914e-05 9.9995750344831458e+02 1.4999745018657363e+03
6.3750270601247383e-02 9.9996522076163730e-01 2.8391814361068437e-05 9.9994203552129898e+02 1.4999652209299029e+03
6.6250373043635596e-02 9.9995282761819926e-01 3.8509059668773605e-05 9.9992138104467836e+02 1.4999528279144990e+03
6.8750511540848630e-02 9.9993637879428554e-01 5.1937341878543359e-05 9.9989396769825737e+02 1.4999363793083326e+03
7.1250697726864654e-02 9.9991467994621441e-01 6.9651832889351185e-05 9.9985780535024730e+02 1.4999146808266128e+03
7.3750946605196724e-02 9.9988623087364148e-01 9.2877520666558179e-05 9.9981039440908899e+02 1.4998862323599260e+03
7.6251277393948352e-02 9.9984916192887030e-01 1.2314120759915353e-04 9.9974862003224007e+02 1.4998491644033040e+03
7.8751714541434967e-02 9.9980116162068078e-01 1.6233075171556810e-04 9.9966863176513721e+02 1.4998011656807907e+03
8.1252288934658690e-02 9.9973939545944379e-01 2.1276153723948411e-04 9.9956570875045543e+02 1.4997394020235013e+03
8.3753039322424977e-02 9.9966041652963467e-01 2.7724982119293969e-04 9.9943411139252544e+02 1.4996604269809518e+03
8.6254013973247667e-02 9.9956006880827319e-01 3.5919218141109756e-04 9.9926692128787636e+02 1.4995600851871566e+03
8.8755272585178235e-02 9.9943338488559941e-01 4.6264979531755875e-04 9.9905587233525216e+02 1.4994334101360985e+03
9.1256888460102242e-02 9.9927448047008705e-01 5.9243571800490736e-04 9.9879117719402268e+02 1.4992745187350770e+03
9.3758950948723524e-02 9.9907644883758484e-01 7.5420272637301505e-04 9.9846135462449433e+02 1.4990765057862095e+03
9.6261568164338174e-02 9.9883125918981663e-01 9.5452868584175422e-04 9.9805306465080571e+02 1.4988313423335755e+03
9.8764869953618994e-02 9.9852966365789808e-01 1.2009958168545470e-03 9.9755095984491629e+02 1.4985297825664038e+03
1.0126901110117283e-01 9.9816111835737920e-01 1.5022597430656179e-03 9.9693756222950003e+02 1.4981612846282378e+03
1.0377417473192721e-01 9.9771372441076578e-01 1.8681038444019662e-03 9.9619317620172626e+02 1.4977139511487562e+03
1.0628057586195123e-01 9.9717419510316940e-01 2.3094742745737597e-03 9.9529584835664605e+02 1.4971744955559207e+03
1.0878846503476462e-01 9.9652785528525634e-01 2.8384910844817127e-03 9.9422138499191828e+02 1.4965282401072302e+03
1.1129813196732791e-01 9.9575867867974333e-01 3.4684312617606254e-03 9.9294343729366233e+02 1.4957591511180997e+03
1.1380990911860520e-01 9.9484936788824596e-01 4.2136801750605451e-03 9.9143366264302222e+02 1.4948499159438463e+03
1.1632417508473267e-01 9.9378148058116966e-01 5.0896488988574212e-03 9.8966196811163775e+02 1.4937820649458224e+03
1.1884135771927010e-01 9.9253560362923410e-01 6.1126561623473805e-03 9.8759683906536225e+02 1.4925361399442802e+03
1.2136193687544689e-01 9.9109157487164867e-01 7.2997751572418876e-03 9.8520575197287485e+02 1.4910919085864450e+03
1.2388644667025600e-01 9.8942874987973184e-01 8.6686470699441649e-03 9.8245566620599277e+02 1.4894286218063908e+03
1.2641547717790880e-01 9.8752630866679203e-01 1.0237264868442260e-02 9.7931358508202788e+02 1.4875253091800889e+03
1.2894967547244424e-01 9.8536359491081060e-01 1.2023732455852096e-02 9.7574717194862751e+02 1.4853611047558741e+03
1.3148974595574950e-01 9.8292047814828487e-01 1.4046005682974349e-02 9.7172540309237559e+02 1.4829155939293282e+03
1.3403644992716429e-01 9.8017772764831623e-01 1.6321622784158694e-02 9.6721923600710443e+02 1.4801691704335562e+03
1.3659060437318521e-01 9.7711738554994720e-01 1.8867432479929884e-02 9.6220226938654991e+02 1.4771033914901593e+03
1.3915307997935994e-01 9.7372312632811941e-01 2.1699328223316265e-02 9.5665137034108375e+02 1.4737013188984026e+03
1.4172479839003699e-01 9.6998058989062230e-01 2.4831996839812999e-02 9.5054724489630314e+02 1.4699478342192745e+03
1.4430672876390938e-01 9.6587767657625256e-01 2.8278689145599827e-02 9.4387492983021332e+02 1.4658299172664920e+03
1.4689988369315837e-01 9.6140479393031042e-01 3.2051019082402182e-02 9.3662418720776350e+02 1.4613368787856130e+03
1.4950531457057203e-01 9.5655504727633012e-01 3.6158796566164927e-02 9.2878978736464228e+02 1.4564605403671028e+03
1.5212410650157371e-01 9.5132436868233616e-01 4.0609897712442070e-02 9.2037167123098607e+02 1.4511953570144183e+03
1.5475737286632202e-01 9.4571158162059965e-01 4.5410174484792662e-02 9.1137498841564650e+02 1.4455384804327239e+03
1.5740624964087632e-01 9.3971840141018403e-01 5.0563404219815977e-02 9.0181001297938849e+02 1.4394897635708071e+03
1.6007188958603236e-01 9.3334937410498242e-01 5.6071278006028916e-02 8.9169194395289264e+02 1.4330517092936880e+03
1.6275545640828204e-01 9.2661175877504209e-01 6.1933425609301110e-02 8.8104060208851740e+02 1.4262293680363466e+03
1.6545811899001672e-01 9.1951535996977807e-01 6.8147473595144711e-02 8.6988003783138265e+02 1.4190301908496228e+03
1.6818104577627621e-01 9.1207231850139869e-01 7.4709132525405300e-02 8.5823806793479378e+02 1.4114638453422335e+03
1.7092539939377260e-01 9.0429686951122989e-01 8.1612308608998652e-02 8.4614575946514731e+02 1.4035420026210311e+03
1.7369233156532443e-01 8.9620507708266117e-01 8.8849234948789116e-02 8.3363688020875793e+02 1.3952781035158109e+03
1.7648297836987270e-01 8.8781455452659497e-01 9.6410617521635877e-02 8.2074733380713656e+02 1.3866871121156257e+03
1.7929845588548002e-01 8.7914417891807872e-01 1.0428579121913306e-01 8.0751459649144056e+02 1.3777852641051618e+03
1.8213985624063156e-01 8.7021380761487854e-01 1.1246288161722352e-01 7.9397717023816494e+02 1.3685898165894428e+03
1.8500824408806943e-01 8.6104400345418108e-01 1.2092896859316786e-01 7.8017406475566895e+02 1.3591188051236184e+03
1.8790465350557889e-01 8.5165577412177784e-01 1.2967024842520430e-01 7.6614431809920802e+02 1.3493908126600525e+03
1.9083008531969767e-01 8.4207033001421883e-01 1.3867219155802990e-01 7.5192656309488530e+02 1.3394247540146473e+03
1.9378550484132878e-01 8.3230886367630874e-01 1.4791969376537589e-01 7.3755864425483992e+02 1.3292396785197798e+03
1.9677183999664510e-01 8.2239235284735857e-01 1.5739721896523351e-01 7.2307728759449913e+02 1.3188545925025890e+03
1.9978997983239313e-01 8.1234138811050915e-01 1.6708893242787592e-01 7.0851782379164194e+02 1.3082883024826072e+03
2.0284077337167083e-01 8.0217602531740684e-01 1.7697882354790093e-01 6.9391396348098692e+02 1.2975592792238162e+03
2.0592502879426272e-01 7.9191566224677812e-01 1.8705081772565163e-01 6.7929762218403039e+02 1.2866855422269948e+03
2.0904351291454223e-01 7.8157893841464432e-01 1.9728887721765384e-01 6.6469879140400087e+02 1.2756845637734493e+03
2.1219695092965335e-01 7.7118365652724863e-01 2.0767709107011653e-01 6.5014545175340413e+02 1.2645731913220961e+03
2.1538602641100602e-01 7.6074672379907904e-01 2.1819975445029105e-01 6.3566352359059920e+02 1.2533675868155647e+03
2.1861138151289583e-01 7.5028411118978422e-01 2.2884143784152361e-01 6.2127685047210264e+02 1.2420831813036036e+03
2.2187361737322425e-01 7.3981082851863444e-01 2.3958704667477770e-01 6.0700721074585488e+02 1.2307346432627244e+03
2.2517329468269912e-01 7.2934091344232410e-01 2.5042187204001226e-01 5.9287435277029397e+02 1.2193358589443333e+03
2.2851093440044740e-01 7.1888743232002961e-01 2.6133163315995206e-01 5.7889604950617763e+02 1.2078999231589050e+03
2.3188701859565242e-01 7.0846249109388326e-01 2.7230251232358393e-01 5.6508816856464114e+02 1.1964391389841921e+03
2.3530199139649072e-01 6.9807725446624391e-01 2.8332118297274939e-01 5.5146475417200497e+02 1.1849650249534197e+03
2.3875626002932288e-01 6.8774197177033414e-01 2.9437483161487005e-01 5.3803811790676446e+02 1.1734883284535915e+03
2.4225019593271691e-01 6.7746600813041091e-01 3.0545117420590612e-01 5.2481893546658489e+02 1.1620190441323771e+03
2.4578413593241610e-01 6.6725787963744976e-01 3.1653846761063548e-01 5.1181634710682880e+02 1.1505664362890420e+03
2.4935838346482697e-01 6.5712529145041798e-01 3.2762551670575923e-01 4.9903805975891379e+02 1.1391390643116822e+03
2.5297320983794380e-01 6.4707517786877666e-01 3.3870167764793374e-01 4.8649044917403506e+02 1.1277448103704560e+03
2.5662885551988857e-01 6.3711374356934158e-01 3.4975685778564847e-01 4.7417866074399194e+02 1.1163909086801475e+03
2.6032553144637460e-01 6.2724650533584425e-01 3.6078151264948827e-01 4.6210670792258861e+02 1.1050839757373326e+03
2.6406342033944274e-01 6.1747833371537264e-01 3.7176664041513596e-01 4.5027756741207014e+02 1.0938300410544268e+03
2.6784267803076373e-01 6.0781349415075325e-01 3.8270377419343504e-01 4.3869327048526901e+02 1.0826345779758103e+03
2.7166343478363780e-01 5.9825568722450595e-01 3.9358497246580038e-01 4.2735498999259823e+02 1.0715025342472652e+03
2.7552579660859233e-01 5.8880808772924531e-01 4.0440280794974998e-01 4.1626312275210421e+02 1.0604383620750721e+03
2.7942984656815262e-01 5.7947338235256740e-01 4.1515035514781962e-01 4.0541736714344307e+02 1.0494460474547977e+03
2.8337564606697518e-01 5.7025380581635854e-01 4.2582117680645964e-01 3.9481679583352849e+02 1.0385291386218466e+03
2.8736323612407699e-01 5.6115117536657488e-01 4.3640930948550316e-01 3.8445992363798581e+02 1.0276907734894310e+03
2.9139263862437970e-01 5.5216692354375452e-01 4.4690924841635377e-01 3.7434477059230375e+02 1.0169337059972593e+03
2.9546385754722193e-01 5.4330212920529741e-01 4.5731593180718111e-01 3.6446892035524928e+02 1.0062603313050724e+03
2.9957688016990169e-01 5.3455754678465561e-01 4.6762472473494748e-01 3.5482957410577256e+02 9.9567270981410604e+02
3.0373167824463215e-01 5.2593363382018155e-01 4.7783140274878338e-01 3.4542360012340629e+02 9.8517258997408328e+02
3.0792820914761543e-01 5.1743057676876458e-01 4.8793213529344609e-01 3.3624757925874275e+02 9.7476142990581980e+02
3.1216641699925407e-01 5.0904831516031535e-01 4.9792346905069396e-01 3.2729784651705455e+02 9.6444041784318097e+02
3.1644623375473235e-01 5.0078656415107470e-01 5.0780231128325637e-01 3.1857052897928349e+02 9.5421049140760931e+02
3.2076758026444807e-01 4.9264483553284838e-01 5.1756591325712431e-01 3.1006158029096292e+02 9.4407235576395908e+02
3.2513036730399181e-01 4.8462245727126829e-01 5.2721185380816904e-01 3.0176681194489294e+02 9.3402650068271100e+02
3.2953449657354295e-01 4.7671859164335872e-01 5.3673802311084273e-01 2.9368192157977751e+02 9.2407321655126236e+02
3.3397986166674837e-01 4.6893225204298089e-01 5.4614260669957593e-01 2.8580251851009984e+02 9.1421260938532339e+02
3.3846634900929018e-01 4.6126231853486471e-01 5.5542406978684278e-01 2.7812414669427744e+02 9.0444461487023239e+02
3.4299383876748302e-01 4.5370755222358439e-01 5.6458114191543796e-01 2.7064230533882312e+02 8.9476901148909747e+02
3.4756220572741037e-01 4.4626660850650074e-01 5.7361280197740239e-01 2.6335246732538383e+02 8.8518543278445031e+02
3.5217132014519731e-01 4.3893804928766034e-01 5.8251826362700743e-01 2.5625009563863063e+02 8.7569337878485817e+02
3.5682104856914110e-01 4.3172035420857191e-01 5.9129696111034247e-01 2.4933065796048285e+02 8.6629222665753673e+02
3.6151125463453415e-01 4.2461193096760191e-01 5.9994853553023075e-01 2.4258963958696862e+02 8.5698124061478029e+02
3.6624179983207816e-01 4.1761112478625123e-01 6.0847282156158833e-01 2.3602255481325668e+02 8.4775958112009721e+02
3.7101254425092201e-01 4.1071622707397104e-01 6.1686983462792688e-01 2.2962495692168977e+02 8.3862631344366287e+02
3.7582334729741984e-01 4.0392548335605311e-01 6.2513975854773896e-01 2.2339244689885561e+02 8.2958041558598256e+02
3.8067406839075513e-01 3.9723710051049088e-01 6.3328293365636779e-01 2.1732068099813799e+02 8.2062078561717306e+02
3.8556456763669666e-01 3.9064925336016681e-01 6.4129984540496587e-01 2.1140537725420705e+02 8.1174624846638710e+02
3.9049470648079565e-01 3.8416009067221824e-01 6.4919111343817049e-01 2.0564232105020326e+02 8.0295556218644037e+02
3.9546434834241140e-01 3.7776774059970591e-01 6.5695748114773089e-01 2.0002736982732262e+02 7.9424742373361210e+02
4.0047335923100569e-01 3.7147031561426835e-01 6.6459980569880039e-01 1.9455645702166524e+02 7.8562047427643324e+02
4.0552160834621781e-01 3.6526591695762206e-01 6.7211904852314941e-01 1.8922559530506129e+02 7.7707330407869040e+02
4.1060896866330576e-01 3.5915263865432612e-01 6.7951626627218975e-01 1.8403087920033599e+02 7.6860445696513580e+02
4.1573531750558473e-01 3.5312857111353058e-01 6.8679260222160010e-01 1.7896848713632593e+02 7.6021243440588535e+02
4.2090053710555919e-01 3.4719180435418040e-01 6.9394927811737617e-01 1.7403468300073695e+02 7.5189569922796534e+02
4.2610451515653436e-01 3.4134043087486893e-01 7.0098758645288961e-01 1.6922581724618109e+02 7.4365267899461253e+02
4.3134714535654139e-01 3.3557254820383392e-01 7.0790888316503475e-01 1.6453832759775341e+02 7.3548176904719264e+02
4.3662832794648399e-01 3.2988626114452546e-01 7.1471458073693428e-01 1.5996873940784189e+02 7.2738133524947762e+02
4.4194797024452331e-01 3.2427968374398486e-01 7.2140614169376294e-01 1.5551366569875537e+02 7.1934971643890412e+02
4.4730598717876413e-01 3.1875094100587714e-01 7.2798507247816191e-01 1.5116980693114388e+02 7.1138522660089927e+02
4.5270230182042359e-01 3.1329817036303848e-01 7.3445291769049437e-01 1.4693395053182843e+02 7.0348615678907436e+02
4.5813684591977410e-01 3.0791952293212294e-01 7.4081125467924147e-01 1.4280297021234259e+02 6.9565077679641831e+02
4.6360956044724205e-01 3.0261316456504761e-01 7.4706168846654897e-01 1.3877382510647257e+02 6.8787733659539481e+02
4.6912039614220225e-01 2.9737727671185121e-01 7.5320584699284954e-01 1.3484355875227595e+02 6.8016406756055665e+02
4.7466931407212265e-01 2.9221005711351894e-01 7.5924537666564662e-01 1.3100929794267725e+02 6.7250918347985998e+02
4.8025628620488836e-01 2.8710972033299542e-01 7.6518193819531244e-01 1.2726825146524742e+02 6.6491088137475390e+02
4.8588129599730928e-01 2.8207449814305552e-01 7.7101720270254614e-01 1.2361770875166337e+02 6.5736734213191789e+02
4.9154433900301531e-01 2.7710263977764876e-01 7.7675284808025247e-01 1.2005503845404213e+02 6.4987673096713945e+02
4.9724542350317391e-01 2.7219241206330086e-01 7.8239055559336623e-01 1.1657768696546080e+02 6.4243719772586587e+02
5.0298457116368345e-01 2.6734209944067078e-01 7.8793200669881402e-01 1.1318317689942988e+02 6.3504687703263005e+02
5.0876181772283391e-01 2.6255000388316124e-01 7.9337888006836732e-01 1.0986910554310667e+02 6.2770388831530977e+02
5.1457721371370835e-01 2.5781444473168097e-01 7.9873284879565798e-01 1.0663314329752608e+02 6.2040633569913393e+02
5.2043082522593542e-01 2.5313375845127040e-01 8.0399557776830921e-01 1.0347303211791360e+02 6.1315230780152569e+02
5.2632273471185043e-01 2.4850629832271834e-01 8.0916872118530203e-01 1.0038658396671967e+02 6.0593987744540618e+02
5.3225304184255540e-01 2.4393043408328982e-01 8.1425392019738885e-01 9.7371679291251496e+01 5.9876710130809681e+02
5.3822186441984465e-01 2.3940455153185652e-01 8.1925280064881911e-01 9.4426265539352812e+01 5.9163201953652856e+02
5.4422933935055029e-01 2.3492705211178050e-01 8.2416697089414170e-01 9.1548355725102979e+01 5.8453265536365348e+02
5.5027562369050387e-01 2.3049635249246633e-01 8.2899801966295583e-01 8.8736027058710732e+01 5.7746701476508838e+02
5.5636089576598624e-01 2.2611088417237901e-01 8.3374751394155289e-01 8.5987419655566072e+01 5.7043308620658172e+02
5.6248535638131703e-01 2.2176909312949422e-01 8.3841699683636173e-01 8.3300735340492295e+01 5.6342884054532180e+02
5.6864923012213353e-01 2.1746943955077971e-01 8.4300798537822297e-01 8.0674236566441863e+01 5.5645223117157252e+02
5.7485276676483410e-01 2.1321039768467168e-01 8.4752196822084258e-01 7.8106245469131068e+01 5.4950119448194016e+02
5.8109624280371919e-01 2.0899045586261647e-01 8.5196040317695354e-01 7.5595143083235186e+01 5.4257365082448291e+02
5.8737996310849583e-01 2.0480811675795679e-01 8.5632471452578507e-01 7.3139368750909767e+01 5.3566750606871369e+02
5.9370426272604571e-01 2.0066189795717890e-01 8.6061629001104567e-01 7.0737419760059993e+01 5.2878065402696893e+02
6.0006950884163412e-01 1.9655033295147165e-01 8.6483647743140402e-01 6.8387851257569807e+01 5.2191097998130670e+02
6.0647610291608633e-01 1.9247197267360042e-01 8.6898658070160817e-01 6.6089276493817138e+01 5.1505636568104319e+02
6.1292448301680458e-01 1.8842538775277914e-01 8.7306785523494745e-01 6.3840367469365027e+01 5.0821469625785670e+02
6.1941512636171780e-01 1.8440917170226231e-01 8.7708150245856653e-01 6.1639856071179423e+01 5.0138386964857693e+02
6.2594855209636502e-01 1.8042194532115777e-01 8.8102866322494766e-01 5.9486535810211464e+01 4.9456180929922260e+02
6.3252532432498898e-01 1.7646236267768384e-01 8.8491040981981650e-01 5.7379264301912521e+01 4.8774648115800960e+02
6.3914605541652847e-01 1.7252911915496283e-01 8.8872773618326950e-01 5.5316966670494587e+01 4.8093591627981760e+02
6.4581140960549877e-01 1.6862096218297773e-01 8.9248154585220862e-01 5.3298640109453217e+01 4.7412824081400333e+02
6.5252210690508483e-01 1.6473670549567188e-01 8.9617263699009175e-01 5.1323359898857717e+01 4.6732171568351049e+02
6.5927892734466464e-01 1.6087524800376315e-01 8.9980168367959235e-01 4.9390287268736166e+01 4.6051478908285037e+02
6.6608271553523324e-01 1.5703559874638562e-01 9.0336921240462587e-01 4.7498679616884566e+01 4.5370616595281211e+02
6.7293438555170826e-01 1.5321690986699604e-01 9.0687557231466009e-01 4.5647903745244044e+01 4.4689490002966932e+02
6.7983492609853569e-01 1.4941852020841923e-01 9.1032089742303479e-01 4.3837452987499297e+01 4.4008051605334936e+02
6.8678540589046588e-01 1.4564001300589921e-01 9.1370505830285598e-01 4.2066969374799612e+01 4.3326317239235277e+02
6.9378697912837539e-01 1.4188129233220792e-01 9.1702760006942607e-01 4.0336272350161956e+01 4.2644387805247004e+02
7.0084089087343338e-01 1.3814268450534115e-01 9.2028766241736260e-01 3.8645396015030251e+01 4.1962478310101238e+02
7.0794848201127059e-01 1.3442507272700804e-01 9.2348387616538830e-01 3.6994637502542069e+01 4.1280956839433367e+02
7.1511119333806783e-01 1.3073007581789337e-01 9.2661422910100533e-01 3.5384619835086554e+01 4.0600396978707363e+02
7.2233056807640550e-01 1.2706028511895756e-01 9.2967589192201316e-01 3.3816373533206004e+01 3.9921648414623962e+02
7.2960825182351596e-01 1.2341957718817917e-01 9.3266499287465010e-01 3.2291442227996612e+01 3.9245932003269019e+02
7.3694598853907256e-01 1.1981352318046790e-01 9.3557632772268917e-01 3.0812018370209678e+01 3.8574967439776458e+02
7.4434561071010985e-01 1.1624991701041849e-01 9.3840299100777946e-01 2.9381115315568071e+01 3.7911143600560450e+02
7.5180902137203642e-01 1.1273943973033060e-01 9.4113591745382130e-01 2.8002780493525197e+01 3.7257743022992241e+02
7.5933816545590793e-01 1.0929645935674896e-01 9.4376333334202300e-01 2.6682348884803648e+01 3.6619231366467909e+02
7.6693498853331188e-01 1.0593991933448768e-01 9.4627014493343797e-01 2.5426722744123396e+01 3.6001617101259171e+02
7.7460138361478936e-01 1.0269417112082228e-01 9.4863734786271037e-01 2.4244636133102180e+01 3.5412870859891967e+02
7.8233913344300454e-01 9.9589423777613192e-02 9.5084164557814066e-01 2.3146813088592641e+01 3.4863360300608298e+02
7.9014987040366114e-01 9.6661186565065879e-02 9.5285562969863158e-01 2.2145850072145556e+01 3.4366198356004725e+02
7.9803510395149946e-01 9.3947686577394676e-02 9.5464908114457669e-01 2.1255556334652521e+01 3.3937327957206372e+02
8.0599641202981487e-01 9.1483902262305392e-02 9.5619208632783259e-01 2.0489423263702307e+01 3.3595128908506354e+02
8.1403596291394686e-01 8.9290930333202817e-02 9.5746045485846165e-01 1.9857994583566676e+01 3.3359482048395370e+02
8.2215763372089978e-01 8.7360325406476660e-02 9.5844298913848214e-01 1.9365353909132768e+01 3.3250827224535050e+02
8.3036916058816479e-01 8.5634410286573925e-02 9.5914839823120046e-01 1.9005773808276508e+01 3.3291127500044746e+02
8.3868619810235046e-01 8.3981956358426035e-02 9.5960800088295384e-01 1.8762326938937296e+01 3.3511353663032719e+02
8.4714078441372531e-01 8.2153075961654692e-02 9.5987083450633148e-01 1.8608957760511977e+01 3.3977348156503211e+02
8.5580405236602841e-01 7.9622685291226264e-02 9.5999138370741366e-01 1.8515555670437269e+01 3.4881181668355867e+02
8.6488553306861360e-01 7.4689241969174772e-02 9.6001391279527648e-01 1.8452868063964832e+01 3.7059289083923028e+02
8.7637499455175361e-01 5.1456187289525362e-02 9.5997269713379341e-01 1.8400406393300067e+01 5.3639049148067352e+02
8.8325649251608596e-01 4.5271321056098985e+00 9.5998984011646515e-01 1.8391347847429042e+01 6.0937081418407191e+00
8.8338997711776757e-01 6.2326445227613476e+00 9.5998922615721261e-01 1.8391019997183182e+01 4.4261356307150130e+00
8.8348561180047736e-01 8.8684093459645226e+00 9.5998880567431544e-01 1.8390775982157280e+01 3.1106101327842643e+00
8.8355868900965162e-01 1.0416320263416331e+01 9.5998844224031732e-01 1.8390566930719682e+01 2.6483297074654222e+00
8.8362373140044892e-01 1.1135170277968786e+01 9.5998810244057231e-01 1.8390369490114821e+01 2.4773356443188783e+00
8.8368596317599879e-01 1.1367088418398842e+01 9.5998776984192669e-01 1.8390175357252446e+01 2.4267659422116381e+00
8.8374759784833956e-01 1.1350858461422996e+01 9.5998743697330513e-01 1.8389980874791227e+01 2.4302101383729755e+00
8.8380957916693614e-01 1.1240651283366891e+01 9.5998710109145735e-01 1.8389784618303018e+01 2.4540105579355842e+00
8.8387216938012836e-01 1.1131177860380959e+01 9.5998676187723131e-01 1.8389586729962339e+01 2.4781187077357010e+00
8.8393530210937254e-01 1.1048275475347197e+01 9.5998642011296187e-01 1.8389387585440176e+01 2.4966866041411242e+00
8.8399885624208807e-01 1.0984085871285524e+01 9.5998607634360367e-01 1.8389187464671444e+01 2.5112495951180045e+00
8.8406274307317245e-01 1.0933562141245549e+01 9.5998573097621143e-01 1.8388986576207937e+01 2.5228264592978844e+00
8.8412689469164096e-01 1.0893669586084830e+01 9.5998538433466563e-01 1.8388785085121537e+01 2.5320372909892579e+00
8.8419126348230292e-01 1.0859991717258529e+01 9.5998503660750345e-01 1.8388583090036974e+01 2.5398614799329162e+00
8.8425582136149405e-01 1.0830035444008127e+01 9.5998468790785330e-01 1.8388380649576565e+01 2.5468587907184830e+00
8.8432054798888360e-01 1.0803527503169471e+01 9.5998433834374119e-01 1.8388177818486920e+01 2.5530796973153875e+00
8.8438542488892569e-01 1.0780011851973173e+01 9.5998398801004348e-01 1.8387974644898815e+01 2.5586207460708512e+00
8.8445043731487827e-01 1.0758622243590734e+01 9.5998363697366884e-01 1.8387771163321744e+01 2.5636792630593490e+00
8.8451557449380425e-01 1.0738849749776714e+01 9.5998328528645216e-01 1.8387567400144505e+01 2.5683710772459811e+00
8.8458082740964894e-01 1.0720582739590848e+01 9.5998293299691295e-01 1.8387363379947534e+01 2.5727188288063090e+00
8.8464618710507836e-01 1.0703880943078119e+01 9.5998258015612659e-01 1.8387159128508728e+01 2.5767045466437790e+00
8.8471164481588227e-01 1.0688592448972644e+01 9.5998222681065459e-01 1.8386954669287764e+01 2.5803614587795973e+00
8.8477719287214218e-01 1.0674486361621742e+01 9.5998187299920357e-01 1.8386750021996473e+01 2.5837425894471369e+00
8.8484282475465104e-01 1.0661398304065708e+01 9.5998151875558380e-01 1.8386545203654403e+01 2.5868856053304081e+00
8.8490853475735709e-01 1.0649212310298655e+01 9.5998116410966206e-01 1.8386340229550534e+01 2.5898169311221420e+00
8.8497431777176006e-01 1.0637837500748587e+01 9.5998080908842087e-01 1.8386135113135325e+01 2.5925572436843698e+00
8.8504016917432837e-01 1.0627196923787043e+01 9.5998045371681973e-01 1.8385929867087498e+01 2.5951240951318892e+00
8.8510608476133523e-01 1.0617222755883798e+01 9.5998009801643980e-01 1.8385724502031792e+01 2.5975330260226785e+00
8.8517206070359356e-01 1.0607854274913029e+01 9.5997974200817471e-01 1.8385519028813974e+01 2.5997980202690019e+00
8.8523809350912119e-01 1.0599037033835382e+01 9.5997938570980978e-01 1.8385313456211321e+01 2.6019316751398858e+00
8.8530417998929023e-01 1.0590722326457723e+01 9.5997902913797906e-01 1.8385107792626890e+01 2.6039453059821871e+00
8.8537031722746140e-01 1.0582866724440443e+01 9.5997867230763845e-01 1.8384902045361880e+01 2.6058490375159606e+00
8.8543650255015316e-01 1.0575431560098162e+01 9.5997831523192967e-01 1.8384696221109216e+01 2.6076519123544730e+00
8.8550273350077280e-01 1.0568382482567294e+01 9.5997795792283724e-01 1.8384490325732202e+01 2.6093619845881375e+00
8.8556900781626291e-01 1.0561688852928500e+01 9.5997760039120839e-01 1.8384284364674464e+01 2.6109864559554246e+00
8.8563532340654727e-01 1.0555323358004513e+01 9.5997724264582895e-01 1.8384078342128692e+01 2.6125317603160867e+00
8.8570167833636726e-01 1.0549261554254715e+01 9.5997688469510811e-01 1.8383872262419253e+01 2.6140036676317915e+00
8.8576807080953812e-01 1.0543481486660875e+01 9.5997652654521548e-01 1.8383666128261940e+01 2.6154073706375027e+00
8.8583449915523027e-01 1.0537963370279110e+01 9.5997616820226461e-01 1.8383459942650322e+01 2.6167475578580532e+00
8.8590096181603639e-01 1.0532689295668476e+01 9.5997580967030716e-01 1.8383253707503098e+01 2.6180284813485097e+00
8.8596745733763871e-01 1.0527642977382360e+01 9.5997545095229986e-01 1.8383047424025914e+01 2.6192540149091506e+00
8.8603398435982617e-01 1.0522809545299133e+01 9.5997509205087994e-01 1.8382841093476468e+01 2.6204277024602218e+00
8.8610054160884566e-01 1.0518175304040390e+01 9.5997473296630931e-01 1.8382634715390846e+01 2.6215528146307059e+00
8.8616712789072261e-01 1.0513727644577413e+01 9.5997437369793515e-01 1.8382428289513797e+01 2.6226323685008279e+00
8.8623374208211214e-01 1.0509455891558193e+01 9.5997401424417661e-01 1.8382221814678562e+01 2.6236689136462665e+00
8.8630038311647730e-01 1.0505351908934710e+01 9.5997365460199502e-01 1.8382015288949166e+01 2.6246643779703498e+00
8.8636704997793392e-01 1.0501407055815674e+01 9.5997329476682491e-01 1.8381808709649807e+01 2.6256208256592579e+00
8.8643374170583766e-01 1.0497611833481630e+01 9.5997293473292611e-01 1.8381602073702762e+01 2.6265405454041728e+00
8.8650045739529371e-01 1.0493957520979944e+01 9.5997257449269846e-01 1.8381395376610168e+01 2.6274256408787635e+00
8.8656719619186930e-01 1.0490436358115383e+01 9.5997221403713529e-01 1.8381188613597896e+01 2.6282779837911465e+00
8.8663395728649175e-01 1.0487041294278853e+01 9.5997185335519197e-01 1.8380981778467813e+01 2.6290992753831510e+00
8.8670073991140286e-01 1.0483765898100623e+01 9.5997149243423507e-01 1.8380774864438216e+01 2.6298910682136154e+00
8.8676754333682939e-01 1.0480604216009768e+01 9.5997113125943112e-01 1.8380567863373237e+01 2.6306548006978145e+00
8.8683436686833628e-01 1.0477550693236076e+01 9.5997076981402107e-01 1.8380360766243900e+01 2.6313918163301642e+00
8.8690120984440823e-01 1.0474600176193011e+01 9.5997040807862888e-01 1.8380153562565589e+01 2.6321033624281753e+00
8.8696807163426516e-01 1.0471747832347475e+01 9.5997004603156477e-01 1.8379946240617365e+01 2.6327906097740352e+00
8.8703495163599966e-01 1.0468989125654867e+01 9.5996968364815827e-01 1.8379738787358772e+01 2.6334546583372815e+00
8.8710184927473712e-01 1.0466319830744874e+01 9.5996932090125453e-01 1.8379531188123849e+01 2.6340965332628956e+00
8.8716876400099764e-01 1.0463735952445250e+01 9.5996895776001057e-01 1.8379323426272162e+01 2.6347172047060017e+00
8.8723569528926471e-01 1.0461233739069009e+01 9.5996859419054481e-01 1.8379115483842391e+01 2.6353175842734817e+00
8.8730264263654668e-01 1.0458809668816935e+01 9.5996823015496813e-01 1.8378907340552072e+01 2.6358985280154301e+00
8.8736960556109035e-01 1.0456460414060940e+01 9.5996786561115754e-01 1.8378698973973052e+01 2.6364608451908311e+00
8.8743658360119881e-01 1.0454182842202068e+01 9.5996750051276480e-01 1.8378490359411707e+01 2.6370052978058203e+00
8.8750357631415633e-01 1.0451973980145402e+01 9.5996713480826046e-01 1.8378281469323326e+01 2.6375326092805182e+00
8.8757058327518501e-01 1.0449831037950714e+01 9.5996676844149975e-01 1.8378072274106504e+01 2.6380434584103916e+00
8.8763760407649883e-01 1.0447751354106583e+01 9.5996640134933631e-01 1.8377862739846183e+01 2.6385384926809055e+00
8.8770463832645286e-01 1.0445732418696805e+01 9.5996603346335641e-01 1.8377652830510435e+01 2.6390183225854456e+00
8.8777168564872433e-01 1.0443771839740947e+01 9.5996566470810518e-01 1.8377442505806666e+01 2.6394835296778911e+00
8.8783874568155330e-01 1.0441867357308158e+01 9.5996529500021910e-01 1.8377231721338742e+01 2.6399346629044325e+00
8.8790581807698210e-01 1.0440016828768545e+01 9.5996492424813040e-01 1.8377020428627169e+01 2.6403722422152698e+00
8.8797290250025063e-01 1.0438218194719896e+01 9.5996455235126477e-01 1.8376808574295126e+01 2.6407967669603196e+00
8.8803999862917560e-01 1.0436469516891862e+01 9.5996417919951404e-01 1.8376596099959432e+01 2.6412087061936238e+00
8.8810710615359922e-01 1.0434768918673171e+01 9.5996380467163778e-01 1.8376382941310254e+01 2.6416085134993428e+00
8.8817422477483254e-01 1.0433114645461744e+01 9.5996342863462858e-01 1.8376169027934417e+01 2.6419966116150824e+00
8.8824135420512351e-01 1.0431504996557690e+01 9.5996305094277701e-01 1.8375954282666431e+01 2.6423734095028006e+00
8.8830849416727009e-01 1.0429938347694616e+01 9.5996267143587355e-01 1.8375738620668795e+01 2.6427392964499852e+00
8.8837564439414307e-01 1.0428413156426160e+01 9.5996228993915977e-01 1.8375521949215866e+01 2.6430946406106712e+00
8.8844280462824232e-01 1.0426927946155864e+01 9.5996190626018574e-01 1.8375304166076397e+01 2.6434397927604683e+00
8.8850997462138204e-01 1.0425481282383011e+01 9.5996152018870673e-01 1.8375085159890823e+01 2.6437750923222691e+00
8.8857715413437810e-01 1.0424071795299801e+01 9.5996113149384465e-01 1.8374864808167821e+01 2.6441008613044596e+00
8.8864434293663530e-01 1.0422698188832571e+01 9.5996073992243147e-01 1.8374642976834689e+01 2.6444174018953532e+00
8.8871154080585057e-01 1.0421359195604767e+01 9.5996034519704310e-01 1.8374419519492818e+01 2.6447250077382809e+00
8.8877874752780395e-01 1.0420053594973167e+01 9.5995994701313803e-01 1.8374194275202921e+01 2.6450239590034808e+00
8.8884596289609163e-01 1.0418780213577504e+01 9.5995954503758985e-01 1.8373967068086873e+01 2.6453145221562058e+00
8.8891318671185005e-01 1.0417537927411109e+01 9.5995913890495377e-01 1.8373737705013792e+01 2.6455969490643212e+00
8.8898041878356615e-01 1.0416325633995141e+01 9.5995872821584538e-01 1.8373505974386802e+01 2.6458714838592821e+00
8.8904765892689308e-01 1.0415142278851302e+01 9.5995831253274888e-01 1.8373271643792979e+01 2.6461383558486613e+00
8.8911490696448015e-01 1.0413986825167878e+01 9.5995789137682574e-01 1.8373034458792915e+01 2.6463977870209279e+00
8.8918216272583450e-01 1.0412858275510047e+01 9.5995746422306583e-01 1.8372794140634522e+01 2.6466499861779655e+00
8.8924942604715596e-01 1.0411755659191854e+01 9.5995703049501935e-01 1.8372550384020112e+01 2.6468951517989465e+00
8.8931669677121283e-01 1.0410678033611509e+01 9.5995658956039187e-01 1.8372302855722737e+01 2.6471334714809114e+00
8.8938397474730768e-01 1.0409624456034468e+01 9.5995614072429847e-01 1.8372051190275652e+01 2.6473651284737785e+00
8.8945125983121698e-01 1.0408594021320560e+01 9.5995568322566016e-01 1.8371794988477472e+01 2.6475902918557583e+00
8.8951855188510431e-01 1.0407585833373666e+01 9.5995521623084645e-01 1.8371533811328387e+01 2.6478091229020162e+00
8.8958585077746455e-01 1.0406599025601581e+01 9.5995473882882931e-01 1.8371267177131799e+01 2.6480217694468817e+00
8.8965315638318154e-01 1.0405632706536647e+01 9.5995425002420076e-01 1.8370994555666822e+01 2.6482283788653906e+00
8.8972046858355647e-01 1.0404686025549903e+01 9.5995374872821770e-01 1.8370715364788861e+01 2.6484290808503190e+00
8.8978778726628494e-01 1.0403758124924751e+01 9.5995323374734332e-01 1.8370428966263514e+01 2.6486239989931111e+00
8.8985511232557202e-01 1.0402848149163857e+01 9.5995270376931241e-01 1.8370134662541034e+01 2.6488132479398283e+00
8.8992244366226592e-01 1.0401955232697265e+01 9.5995215734826267e-01 1.8369831691959838e+01 2.6489969358188352e+00
8.8998978118396532e-01 1.0401078524379598e+01 9.5995159289085352e-01 1.8369519224239287e+01 2.6491751573428761e+00
8.9005712480514321e-01 1.0400217161039288e+01 9.5995100864498595e-01 1.8369196350906094e+01 2.6493479991532891e+00
8.9012447444735532e-01 1.0399370270067227e+01 9.5995040269143539e-01 1.8368862074321921e+01 2.6495155375696378e+00
8.9019183003947877e-01 1.0398536959653775e+01 9.5994977293692130e-01 1.8368515294121803e+01 2.6496778391120981e+00
8.9025919151799093e-01 1.0397716318081766e+01 9.5994911710313879e-01 1.8368154792676815e+01 2.6498349585765792e+00
8.9032655882730782e-01 1.0396907400102675e+01 9.5994843270948627e-01 1.8367779224814548e+01 2.6499869410157229e+00
8.9039393192019944e-01 1.0396109222698216e+01 9.5994771704026538e-01 1.8367387110216537e+01 2.6501338217158676e+00
8.9046131075810975e-01 1.0395320808791038e+01 9.5994696710138772e-01 1.8366976830992087e+01 2.6502756146967061e+00
8.9052869531160583e-01 1.0394541115611343e+01 9.5994617956952133e-01 1.8366546630397483e+01 2.6504123307780971e+00
8.9059608556096603e-01 1.0393769075693891e+01 9.5994535074603249e-01 1.8366094605039315e+01 2.6505439659981844e+00
8.9066348149672625e-01 1.0393003578422341e+01 9.5994447652749915e-01 1.8365618686531274e+01 2.6506705036638465e+00
8.9073088312035631e-01 1.0392243453028909e+01 9.5994355240024665e-01 1.8365116604432391e+01 2.6507919133302802e+00
8.9079829044500292e-01 1.0391487464146419e+01 9.5994257345362000e-01 1.8364585837373447e+01 2.6509081448738421e+00
8.9086570349630301e-01 1.0390734291308384e+01 9.5994153439206054e-01 1.8364023558456836e+01 2.6510191258308753e+00
8.9093312231341781e-01 1.0389982482821598e+01 9.5994042951289349e-01 1.8363426593113388e+01 2.6511247670736853e+00
8.9100054695012609e-01 1.0389230497643597e+01 9.5993925262191593e-01 1.8362791405148695e+01 2.6512249501029350e+00
8.9106797747596067e-01 1.0388476681452854e+01 9.5993799687059800e-01 1.8362114114273680e+01 2.6513195356721480e+00
8.9113541397753149e-01 1.0387719281771629e+01 9.5993665453946664e-01 1.8361390533308082e+01 2.6514083652889018e+00
8.9120285655988030e-01 1.0386956477899060e+01 9.5993521682433958e-01 1.8360616194480357e+01 2.6514912573592642e+00
8.9127030534801466e-01 1.0386186340215398e+01 9.5993367370114757e-01 1.8359786316058862e+01 2.6515680127415422e+00
8.9133776048875590e-01 1.0385406791037985e+01 9.5993201393277228e-01 1.8358895675843605e+01 2.6516384064540857e+00
8.9140522215284834e-01 1.0384615544140965e+01 9.5993022521381222e-01 1.8357938384450541e+01 2.6517021703525869e+00
8.9147269053749889e-01 1.0383809991388814e+01 9.5992829435843341e-01 1.8356907594737379e+01 2.6517589800796486e+00
8.9154016586942175e-01 1.0382987132415819e+01 9.5992620733845424e-01 1.8355795230807093e+01 2.6518084338417500e+00
8.9160764840851003e-01 1.0382143491669931e+01 9.5992394894169419e-01 1.8354591825085990e+01 2.6518500500131865e+00
8.9167513845230206e-01 1.0381275115956662e+01 9.5992150186777181e-01 1.8353286504826723e+01 2.6518832657584501e+00
8.9174263634131234e-01 1.0380377617904841e+01 9.5991884522471627e-01 1.8351867059176652e+01 2.6519074355525363e+00
8.9181014246577828e-01 1.0379446138106742e+01 9.5991595256868156e-01 1.8350319860682628e+01 2.6519218294286282e+00
8.9187765727499468e-01 1.0378475114604495e+01 9.5991278972205285e-01 1.8348629269605659e+01 2.6519256056873379e+00
8.9194518129079348e-01 1.0377457812518779e+01 9.5990931245631861e-01 1.8346776060348265e+01 2.6519177035172934e+00
8.9201271512824154e-01 1.0376385240191647e+01 9.5990546360022067e-01 1.8344734411381410e+01 2.6518966846458261e+00
8.9208025952835768e-01 1.0375244529458280e+01 9.5990116818892934e-01 1.8342467035788975e+01 2.6518604429576778e+00
8.9214781541007793e-01 1.0374016475813209e+01 9.5989632394647040e-01 1.8339917954789495e+01 2.6518057876930228e+00
8.9221538395349875e-01 1.0372671962349370e+01 9.5989078281121543e-01 1.8337001973629960e+01 2.6517278344754525e+00
8.9228296673402241e-01 1.0371166545826796e+01 9.5988431733923885e-01 1.8333588758682048e+01 2.6516190841703162e+00
8.9235056594021644e-01 1.0369431777285520e+01 9.5987656329938120e-01 1.8329477207799645e+01 2.6514679301836175e+00
8.9241818473094536e-01 1.0367360485118509e+01 9.5986692552743291e-01 1.8324352138418028e+01 2.6512561463529396e+00
8.9248582782551311e-01 1.0364781457292544e+01 9.5985442613720351e-01 1.8317709776415477e+01 2.6509545597115327e+00
8.9255350248359322e-01 1.0361416162081808e+01 9.5983745922437325e-01 1.8308730301174382e+01 2.6505156266441965e+00
8.9262122013615042e-01 1.0356805866940478e+01 9.5981338946621486e-01 1.8296063315420010e+01 2.6498609055455162e+00
8.9268899910128208e-01 1.0350190848536744e+01 9.5977788657737129e-01 1.8277472820922828e+01 2.6488602608965608e+00
8.9275686910333918e-01 1.0340313260752842e+01 9.5972381301159293e-01 1.8249257814914486e+01 2.6472976235904415e+00
8.9282487878625805e-01 1.0325098355678945e+01 9.5963936185154408e-01 1.8205317639176794e+01 2.6448151405497682e+00
8.9289310819639467e-01 1.0301145839801707e+01 9.5950494749258464e-01 1.8135664583410836e+01 2.6408224189979923e+00
8.9296168951198363e-01 1.0262934272526149e+01 9.5928803583102584e-01 1.8024109389510723e+01 2.6343503101877825e+00
8.9303084145761935e-01 1.0201622933098287e+01 9.5893458305442281e-01 1.7844808463867217e+01 2.6238190600984579e+00
8.9310092642369110e-01 1.0103374473184223e+01 9.5835489991451750e-01 1.7557521864333872e+01 2.6066818434178605e+00
8.9317254524765721e-01 9.9473368074874564e+00 9.5740034907008364e-01 1.7102175406565319e+01 2.5789076620526727e+00
8.9324669448869864e-01 9.7040396626120451e+00 9.5582491571112349e-01 1.6395376359648832e+01 2.5343120385447300e+00
8.9332502765884292e-01 9.3362006983970467e+00 9.5322151268477062e-01 1.5335603917407518e+01 2.4638936778705687e+00
8.9341029079950196e-01 8.8053733027063537e+00 9.4891471321357301e-01 1.3828407025537324e+01 2.3556764517786757e+00
8.9350705642241723e-01 8.0870828253675064e+00 9.4177350932299808e-01 1.1839784336447696e+01 2.1960547317461754e+00
8.9362298893024361e-01 7.1901365100783634e+00 9.2986452157391719e-01 9.4610351062946432e+00 1.9737528820975463e+00
8.9377111687649236e-01 6.1651218404809134e+00 9.0976351656420229e-01 6.9298555989497705e+00 1.6860629306904020e+00
8.9397415144496306e-01 5.0889515002699106e+00 8.7511046502780543e-01 4.5597123806765714e+00 1.3440034888625085e+00
8.9427320378229647e-01 4.0342124306644180e+00 8.1352672993718367e-01 2.6147285832800966e+00 9.7220782056689869e-01
8.9474601338636739e-01 3.0475409192051108e+00 7.0073114686343407e-01 1.2282465046500874e+00 6.0454307450469802e-01
8.9554158805649542e-01 2.1556382491783235e+00 4.9770776551025614e-01 4.0896025588171270e-01 2.8457482792226269e-01
8.9689062179590406e-01 1.4444237325412979e+00 2.1009356407472624e-01 7.5326665537138085e-02 7.8224966649443090e-02
8.9887895692119546e-01 1.0938973542042780e+00 2.8078469045013793e-02 1.3772250416449219e-02 1.8885113438912308e-02
9.0126104677415175e-01 1.0081961472530112e+00 1.2063796529948087e-03 1.0147590676001706e-02 1.5097643504664854e-02
9.0375045850461100e-01 1.0003404922760584e+00 4.3667032990474875e-05 1.0005691973767565e-02 1.5003429408823257e-02
9.0625001712978492e-01 1.0000127226878022e+00 1.6226965630318034e-06 1.0000212068568534e-02 1.5000127260916665e-02
9.0875000063440137e-01 1.0000004737799038e+00 6.0329454426415301e-08 1.0000007896364627e-02 1.5000004737846137e-02
9.1125000002108836e-01 1.0000000168706826e+00 2.3413067273385242e-09 1.0000000281177090e-02 1.5000000168705393e-02
9.1375000000000006e-01 1.0000000000000000e+00 1.6715619016650570e-10 9.9999999999999534e-03 1.4999999999999928e-02
9.1625000000000001e-01 1.0000000000000000e+00 6.2193962884068507e-12 9.9999999999999534e-03 1.4999999999999928e-02
9.1874999999999996e-01 1.0000000000000000e+00 2.3140758294683873e-13 9.9999999999999534e-03 1.4999999999999928e-02
9.2125000000000001e-01 1.0000000000000000e+00 8.6080404920184506e-15 9.9999999999999534e-03 1.4999999999999928e-02
9.2375000000000007e-01 1.0000000000000000e+00 1.7072766949201528e-16 9.9999999999999534e-03 1.4999999999999928e-02
9.2625000000000002e-01 1.0000000000000000e+00 2.8775768317289917e-18 9.9999999999999534e-03 1.4999999999999928e-02
9.2874999999999996e-01 1.0000000000000000e+00 0.0000000000000000e+00 9.9999999999999534e-03 1.4999999999999928e-02
9.3125000000000002e-01 1.0000000000000000e+00 0.0000000000000000e+00 9.9999999999999534e-03 1.4999999999999928e-02
9.3375000000000008e-01 1.0000000000000000e+00 0.0000000000000000e+00 9.9999999999999534e-03 1.4999999999999928e-02
9.3625000000000003e-01 1.0000000000000000e+00 0.0000000000000000e+00 9.9999999999999534e-03 1.4999999999999928e-02
9.3874999999999997e-01 1.0000000000000000e+00 0.0000000000000000e+00 9.9999999999999534e-03 1.4999999999999928e-02
9.4125000000000003e-01 1.0000000000000000e+00 0.0000000000000000e+00 9.9999999999999534e-03 1.4999999999999928e-02
9.4375000000000009e-01 1.0000000000000000e+00 0.0000000000000000e+00 9.9999999999999534e-03 1.4999999999999928e-02
9.4625000000000004e-01 1.0000000000000000e+00 0.0000000000000000e+00 9.9999999999999534e-03 1.4999999999999928e-02
9.4874999999999998e-01 1.0000000000000000e+00 0.0000000000000000e+00 9.9999999999999534e-03 1.4999999999999928e-02
9.5125000000000004e-01 1.0000000000000000e+00 0.0000000000000000e+00 9.9999999999999534e-03 1.4999999999999928e-02
9.5375000000000010e-01 1.0000000000000000e+00 0.0000000000000000e+00 9.9999999999999534e-03 1.4999999999999928e-02
9.5625000000000004e-01 1.0000000000000000e+00 0.0000000000000000e+00 9.9999999999999534e-03 1.4999999999999928e-02
9.5874999999999999e-01 1.0000000000000000e+00 0.0000000000000000e+00 9.9999999999999534e-03 1.4999999999999928e-02
9.6124999999999994e-01 1.0000000000000000e+00 0.0000000000000000e+00 9.9999999999999534e-03 1.4999999999999928e-02
9.6375000000000000e-01 1.0000000000000000e+00 0.0000000000000000e+00 9.9999999999999534e-03 1.4999999999999928e-02
9.6625000000000005e-01 1.0000000000000000e+00 0.0000000000000000e+00 9.9999999999999534e-03 1.4999999999999928e-02
9.6875000000000000e-01 1.0000000000000000e+00 0.0000000000000000e+00 9.9999999999999534e-03 1.4999999999999928e-02
9.7124999999999995e-01 1.0000000000000000e+00 0.0000000000000000e+00 9.9999999999999534e-03 1.4999999999999928e-02
9.7375000000000000e-01 1.0000000000000000e+00 0.0000000000000000e+00 9.9999999999999534e-03 1.4999999999999928e-02
9.7625000000000006e-01 1.0000000000000000e+00 0.0000000000000000e+00 9.9999999999999534e-03 1.4999999999999928e-02
9.7875000000000001e-01 1.0000000000000000e+00 0.0000000000000000e+00 9.9999999999999534e-03 1.4999999999999928e-02
9.8124999999999996e-01 1.0000000000000000e+00 0.0000000000000000e+00 9.9999999999999534e-03 1.4999999999999928e-02
9.8375000000000001e-01 1.0000000000000000e+00 0.0000000000000000e+00 9.9999999999999534e-03 1.4999999999999928e-02
9.8625000000000007e-01 1.0000000000000000e+00 0.0000000000000000e+00 9.9999999999999534e-03 1.4999999999999928e-02
9.8875000000000002e-01 1.0000000000000000e+00 0.0000000000000000e+00 9.9999999999999534e-03 1.4999999999999928e-02
9.9124999999999996e-01 1.0000000000000000e+00 0.0000000000000000e+00 9.9999999999999534e-03 1.4999999999999928e-02
9.9375000000000002e-01 1.0000000000000000e+00 0.0000000000000000e+00 9.9999999999999534e-03 1.4999999999999928e-02
9.9625000000000008e-01 1.0000000000000000e+00 0.0000000000000000e+00 9.9999999999999534e-03 1.4999999999999928e-02
9.9875000000000003e-01 1.0000000000000000e+00 0.0000000000000000e+00 9.9999999999999534e-03 1.4999999999999928e-02
