1.2500000000000000e-03 1.0000000000000000e+00 0.0000000000000000e+00 1.0000000000000000e+03 1.4999999999999998e+03
3.7499999999999999e-03 1.0000000000000000e+00 0.0000000000000000e+00 1.0000000000000000e+03 1.4999999999999998e+03
6.2500000000000003e-03 1.0000000000000000e+00 0.0000000000000000e+00 1.0000000000000000e+03 1.4999999999999998e+03
8.7500000000000008e-03 1.0000000000000000e+00 0.0000000000000000e+00 1.0000000000000000e+03 1.4999999999999998e+03
1.1250000000000000e-02 1.0000000000000000e+00 0.0000000000000000e+00 1.0000000000000000e+03 1.4999999999999998e+03
1.3750000000000000e-02 1.0000000000000000e+00 0.0000000000000000e+00 1.0000000000000000e+03 1.4999999999999998e+03
1.6250000000000001e-02 1.0000000000000000e+00 0.0000000000000000e+00 1.0000000000000000e+03 1.4999999999999998e+03
1.8750000000000003e-02 1.0000000000000000e+00 0.0000000000000000e+00 1.0000000000000000e+03 1.4999999999999998e+03
2.1249999999999998e-02 1.0000000000000000e+00 0.0000000000000000e+00 1.0000000000000000e+03 1.4999999999999998e+03
2.3750000000000000e-02 1.0000000000000000e+00 0.0000000000000000e+00 1.0000000000000000e+03 1.4999999999999998e+03
2.6250000000000002e-02 1.0000000000000000e+00 0.0000000000000000e+00 1.0000000000000000e+03 1.4999999999999998e+03
2.8749999999999998e-02 1.0000000000000000e+00 0.0000000000000000e+00 1.0000000000000000e+03 1.4999999999999998e+03
3.1250000000000000e-02 1.0000000000000000e+00 0.0000000000000000e+00 1.0000000000000000e+03 1.4999999999999998e+03
3.3750000000000002e-02 1.0000000000000000e+00 0.0000000000000000e+00 1.0000000000000000e+03 1.4999999999999998e+03
3.6250000000000004e-02 1.0000000000000000e+00 0.0000000000000000e+00 1.0000000000000000e+03 1.4999999999999998e+03
3.8750000000000000e-02 1.0000000000000000e+00 0.0000000000000000e+00 1.0000000000000000e+03 1.4999999999999998e+03
4.1250000000000002e-02 1.0000000000000000e+00 0.0000000000000000e+00 1.0000000000000000e+03 1.4999999999999998e+03
4.3749999999999997e-02 1.0000000000000000e+00 0.0000000000000000e+00 1.0000000000000000e+03 1.4999999999999998e+03
4.6249999999999999e-02 1.0000000000000000e+00 0.0000000000000000e+00 1.0000000000000000e+03 1.4999999999999998e+03
4.8750000000000002e-02 1.0000000000000000e+00 0.0000000000000000e+00 1.0000000000000000e+03 1.4999999999999998e+03
5.1250000000000004e-02 1.0000000000000000e+00 0.0000000000000000e+00 1.0000000000000000e+03 1.4999999999999998e+03
5.3749999999999999e-02 1.0000000000000000e+00 0.0000000000000000e+00 1.0000000000000000e+03 1.4999999999999998e+03
5.6250000000000001e-02 1.0000000000000000e+00 0.0000000000000000e+00 1.0000000000000000e+03 1.4999999999999998e+03
5.8749999999999997e-02 1.0000000000000000e+00 0.0000000000000000e+00 1.0000000000000000e+03 1.4999999999999998e+03
6.1249999999999999e-02 1.0000000000000000e+00 0.0000000000000000e+00 1.0000000000000000e+03 1.4999999999999998e+03
6.3750000000000001e-02 1.0000000000000000e+00 0.0000000000000000e+00 1.0000000000000000e+03 1.4999999999999998e+03
6.6250000000000003e-02 1.0000000000000000e+00 0.0000000000000000e+00 1.0000000000000000e+03 1.4999999999999998e+03
6.8750000000000006e-02 1.0000000000000000e+00 0.0000000000000000e+00 1.0000000000000000e+03 1.4999999999999998e+03
7.1250000000000008e-02 1.0000000000000000e+00 0.0000000000000000e+00 1.0000000000000000e+03 1.4999999999999998e+03
7.3749999999999996e-02 1.0000000000000000e+00 0.0000000000000000e+00 1.0000000000000000e+03 1.4999999999999998e+03
7.6249999999999998e-02 1.0000000000000000e+00 0.0000000000000000e+00 1.0000000000000000e+03 1.4999999999999998e+03
7.8750000000000001e-02 1.0000000000000000e+00 0.0000000000000000e+00 1.0000000000000000e+03 1.4999999999999998e+03
8.1250000000000003e-02 1.0000000000000000e+00 0.0000000000000000e+00 1.0000000000000000e+03 1.4999999999999998e+03
8.3750000000000005e-02 1.0000000000000000e+00 0.0000000000000000e+00 1.0000000000000000e+03 1.4999999999999998e+03
8.6250000000000007e-02 1.0000000000000000e+00 0.0000000000000000e+00 1.0000000000000000e+03 1.4999999999999998e+03
8.8749999999999996e-02 1.0000000000000000e+00 0.0000000000000000e+00 1.0000000000000000e+03 1.4999999999999998e+03
9.1249999999999998e-02 1.0000000000000000e+00 0.0000000000000000e+00 1.0000000000000000e+03 1.4999999999999998e+03
9.3750000004192868e-02 9.9999999664571093e-01 2.7382144170360163e-09 9.9999999440952297e+02 1.4999999966457181e+03
9.6250000026061322e-02 9.9999998585952798e-01 1.1543356925047005e-08 9.9999997643252232e+02 1.4999999858594911e+03
9.8750000083867195e-02 9.9999996789576473e-01 2.6207760784379044e-08 9.9999994649295525e+02 1.4999999678957847e+03
1.0125000020264346e-01 9.9999993708322532e-01 5.1361067178947573e-08 9.9999989513869525e+02 1.4999999370832008e+03
1.0375000043473369e-01 9.9999987724460981e-01 1.0020932115681622e-07 9.9999979540770050e+02 1.4999998772446208e+03
1.0625000088187254e-01 9.9999976504434851e-01 1.9180211133767643e-07 9.9999960840734082e+02 1.4999997650444332e+03
1.0875000172819949e-01 9.9999955789426731e-01 3.6090576635621803e-07 9.9999926315714060e+02 1.4999995578941143e+03
1.1125000331551067e-01 9.9999917225737156e-01 6.7571413682900827e-07 9.9999862042947018e+02 1.4999991722574625e+03
1.1375000626329390e-01 9.9999846951806637e-01 1.2493842793034840e-06 9.9999744919837065e+02 1.4999984695181138e+03
1.1625001167207759e-01 9.9999720346176235e-01 2.2829103669031721e-06 9.9999533910810146e+02 1.4999972034616878e+03
1.1875002147977322e-01 9.9999495040394693e-01 4.1221634850595563e-06 9.9999158402317425e+02 1.4999949504033425e+03
1.2125003904915177e-01 9.9999099416428605e-01 7.3517954293960200e-06 9.9998499032644543e+02 1.4999909941621338e+03
1.2375007013092110e-01 9.9998414064204943e-01 1.2946620624617898e-05 9.9997356789913374e+02 1.4999841406341070e+03
1.2625012441392625e-01 9.9997243362826504e-01 2.2503645994440620e-05 9.9995405653380783e+02 1.4999724335984083e+03
1.2875021797632780e-01 9.9995271844791667e-01 3.8598386889937404e-05 9.9992119883541989e+02 1.4999527183457049e+03
1.3125037706665621e-01 9.9992001504613193e-01 6.5296911421022265e-05 9.9986669578673661e+02 1.4999200147132874e+03
1.3375064382612617e-01 9.9986659351203977e-01 1.0891121967159026e-04 9.9977766702560905e+02 1.4998665924729241e+03
1.3625108474832515e-01 9.9978071266481161e-01 1.7903069546814591e-04 9.9963455109024858e+02 1.4997807095505370e+03
1.3875180285115607e-01 9.9964492122443704e-01 2.8991298288642798e-04 9.9940828011513372e+02 1.4996449122519221e+03
1.4125295471164173e-01 9.9943388823245971e-01 4.6226429478221756e-04 9.9905667749021484e+02 1.4994338633900356e+03
1.4375477358091288e-01 9.9911175643707839e-01 7.2541991371120906e-04 9.9852007597930231e+02 1.4991116902779431e+03
1.4625759967759389e-01 9.9862914649259660e-01 1.1198309905293064e-03 9.9771638419321130e+02 1.4986289770793423e+03
1.4876191836695568e-01 9.9792004372121290e-01 1.6996868099919767e-03 9.9653601291661539e+02 1.4979196267076118e+03
1.5126840614668521e-01 9.9689904219060510e-01 2.5353140833906888e-03 9.9483749216302908e+02 1.4968980559610441e+03
1.5377798316711128e-01 9.9545954143237925e-01 3.7149090185116425e-03 9.9244482661802249e+02 1.4954573018457099e+03
1.5629186944654888e-01 9.9347370693499848e-01 5.3449911899418421e-03 9.8914800747999345e+02 1.4934688264649442e+03
1.5881164014424853e-01 9.9079498955148360e-01 7.5489789705609827e-03 9.8470806640364458e+02 1.4907847891662313e+03
1.6133927368951850e-01 9.8726378923679126e-01 1.0463432097043392e-02 9.7886767063076650e+02 1.4872433507170629e+03
1.6387718562915021e-01 9.8271643060567204e-01 1.4231789343226579e-02 9.7136748272032946e+02 1.4826771779754185e+03
1.6642824128920625e-01 9.7699687333725183e-01 1.8995947975950233e-02 9.6196715211929745e+02 1.4769246121024694e+03
1.6899574220691621e-01 9.6996973526148567e-01 2.4886626056113356e-02 9.5046827860140399e+02 1.4698421673102648e+03
1.7158338479283120e-01 9.6153248784974943e-01 3.2013979180584441e-02 9.3673542846040641e+02 1.4613163470251595e+03
1.7419519464845568e-01 9.5162419190294445e-01 4.0460387767976960e-02 9.2071053652336832e+02 1.4512722737989266e+03
1.7683544590226991e-01 9.4022818381408979e-01 5.0277481178272743e-02 9.0241634228633632e+02 1.4396765984385286e+03
1.7950858117336327e-01 9.2736661512244567e-01 6.1489378711786780e-02 8.8194575373767043e+02 1.4265325158721967e+03
1.8221915433405436e-01 9.1308522670865144e-01 7.4104163116008787e-02 8.5943537448573659e+02 1.4118649869909127e+03
1.8497182897046588e-01 8.9742485182905574e-01 8.8137773599714697e-02 8.3501921413311095e+02 1.3956921503197373e+03
1.8777118564512707e-01 8.8058060367991253e-01 1.0344140479111351e-01 8.0907005854808995e+02 1.3781873944878250e+03
1.9062009911319958e-01 8.6368218923669127e-01 1.1898338085924182e-01 7.8336504361733091e+02 1.3605092012659018e+03
1.9351925598362718e-01 8.4713680083033782e-01 1.3452314607962371e-01 7.5851972895018275e+02 1.3430883799523961e+03
1.9646876802911667e-01 8.3090456321435324e-01 1.4999279664731907e-01 7.3445690507147663e+02 1.3258867580957149e+03
1.9946876529536600e-01 8.1499541444654311e-01 1.6537774005308617e-01 7.1117504602826159e+02 1.3089184922185386e+03
2.0251931683477378e-01 7.9941201695972408e-01 1.8066167851535248e-01 6.8866161760773412e+02 1.2921902654656305e+03
2.0562044470349006e-01 7.8415490268675148e-01 1.9583043385018772e-01 6.6690106387593323e+02 1.2757066140712673e+03
2.0877212881491758e-01 7.6922290983671693e-01 2.1087157469077186e-01 6.4587562156418846e+02 1.2594703303258775e+03
2.1197431119339860e-01 7.5461353594031277e-01 2.2577414653040298e-01 6.2556596208410838e+02 1.2434827874600735e+03
2.1522689967571784e-01 7.4032324278978456e-01 2.4052849439373994e-01 6.0595172583049282e+02 1.2277442287514805e+03
2.1852977115308453e-01 7.2634767774747833e-01 2.5512610470504582e-01 5.8701190609185767e+02 1.2122539743892548e+03
2.2188277446059956e-01 7.1268186058201610e-01 2.6955948999242402e-01 5.6872516084139136e+02 1.1970105996038787e+03
2.2528573297670065e-01 6.9932032317718584e-01 2.8382208437785394e-01 5.5107004069799086e+02 1.1820120675050800e+03
2.2873844699990459e-01 6.8625722558845270e-01 2.9790815962661576e-01 5.3402516976689424e+02 1.1672558404954736e+03
2.3224069592483071e-01 6.7348645158188547e-01 3.1181275523354562e-01 5.1756938742420891e+02 1.1527389739063233e+03
2.3579224025275342e-01 6.6100168301063322e-01 3.2553161367556144e-01 5.0168185266117780e+02 1.1384581890386216e+03
2.3939282346628932e-01 6.4879646197075524e-01 3.3906112435990360e-01 4.8634212493118218e+02 1.1244099346362593e+03
2.4304217377982004e-01 6.3686424218504356e-01 3.5239827434997284e-01 4.7153022610121269e+02 1.1105904403191653e+03
2.4674000577355026e-01 6.2519843254840080e-01 3.6554060415154865e-01 4.5722668684097795e+02 1.0969957609552571e+03
2.5048602193353259e-01 6.1379242898747943e-01 3.7848616312515865e-01 4.4341257555651623e+02 1.0836218107674667e+03
2.5427991409830902e-01 6.0263964665903902e-01 3.9123347486218518e-01 4.3006952463322420e+02 1.0704643986272990e+03
2.5812136482148507e-01 5.9173354037976233e-01 4.0378149786322304e-01 4.1717974031239345e+02 1.0575192510922807e+03
2.6201004865901845e-01 5.8106762679446256e-01 4.1612959486942003e-01 4.0472601275090312e+02 1.0447820376355203e+03
2.6594563337354560e-01 5.7063550019393416e-01 4.2827750161843298e-01 3.9269171785176303e+02 1.0322483907458547e+03
2.6992778107621329e-01 5.6043084437140001e-01 4.4022529567650970e-01 3.8106081302772418e+02 1.0199139203030556e+03
2.7395614930361023e-01 5.5044744455991657e-01 4.5197337049971148e-01 3.6981783311422384e+02 1.0077742301353410e+03
2.7803039202556545e-01 5.4067919625582250e-01 4.6352240956207108e-01 3.5894788199843157e+02 9.9582493043230181e+02
2.8215016060280729e-01 5.3112011011440574e-01 4.7487335932344882e-01 3.4843661958568714e+02 9.8406164523867938e+02
2.8631510467692434e-01 5.2176432129568140e-01 4.8602741128426818e-01 3.3827025444180140e+02 9.7248002776939165e+02
2.9052487301607494e-01 5.1260608778248307e-01 4.9698597305686298e-01 3.2843552354171072e+02 9.6107575983689117e+02
2.9477911430478687e-01 5.0363979969422790e-01 5.0775065590458157e-01 3.1891968523030039e+02 9.4984456775633396e+02
2.9907747788709971e-01 4.9485997475440302e-01 5.1832324711745725e-01 3.0971049647808837e+02 9.3878221803590918e+02
3.0341961446332277e-01 4.8626126576032774e-01 5.2870570001718009e-01 3.0079620457311006e+02 9.2788453169135062e+02
3.0780517673699914e-01 4.7783845579366085e-01 5.3890011028087159e-01 2.9216552533566374e+02 9.1714738043758246e+02
3.1223382003430233e-01 4.6958646102984219e-01 5.4890870366279043e-01 2.8380763033377576e+02 9.0656669395246820e+02
3.1670520286986170e-01 4.6150032942003755e-01 5.5873382030307861e-01 2.7571213020523379e+02 8.9613846175923072e+02
3.2121898748495153e-01 4.5357523884220624e-01 5.6837789975096131e-01 2.6786905788907893e+02 8.8585873395395231e+02
3.2577484034481186e-01 4.4580649729298211e-01 5.7784346993150437e-01 2.6026885455412332e+02 8.7572362493993353e+02
3.3037243260616811e-01 4.3818953910196923e-01 5.8713313259694111e-01 2.5290235212480039e+02 8.6572931194261764e+02
3.3501144055954157e-01 4.3071992417523730e-01 5.9624955368287902e-01 2.4576075943410783e+02 8.5587203762875151e+02
3.3969154603481833e-01 4.2339333566041665e-01 6.0519545252619245e-01 2.3883564712589046e+02 8.4614810984217627e+02
3.4441243678579414e-01 4.1620557694114946e-01 6.1397359160121934e-01 2.3211893274168193e+02 8.3655390125095437e+02
3.4917380684432420e-01 4.0915257032438729e-01 6.2258676907152699e-01 2.2560286783715620e+02 8.2708585085372454e+02
3.5397535685899295e-01 4.0223035234048293e-01 6.3103780795127151e-01 2.1928002234456966e+02 8.1774046041763597e+02
3.5881679441333858e-01 3.9543507290737018e-01 6.3932955118087786e-01 2.1314327340917202e+02 8.0851429733611542e+02
3.6369783431920766e-01 3.8876299130471947e-01 6.4746485284655730e-01 2.0718579124285367e+02 7.9940399115996740e+02
3.6861819890418923e-01 3.8221047330991803e-01 6.5544657201056533e-01 2.0140102695767968e+02 7.9040623303788527e+02
3.7357761826521052e-01 3.7577399009238976e-01 6.6327756922292680e-01 1.9578270240196977e+02 7.8151777756291858e+02
3.7857583052191501e-01 3.6945011209147460e-01 6.7096069713908857e-01 1.9032479572154531e+02 7.7273543636557963e+02
3.8361258206812221e-01 3.6323550829370749e-01 6.7849879849089001e-01 1.8502153237198033e+02 7.6405607992917226e+02
3.8868762779166621e-01 3.5712694311439197e-01 6.8589470170714029e-01 1.7986737450748339e+02 7.5547663642618136e+02
3.9380073129994619e-01 3.5112127222822187e-01 6.9315121531618473e-01 1.7485700962283826e+02 7.4699408774008134e+02
3.9895166513664132e-01 3.4521544107725016e-01 7.0027112619735254e-01 1.6998534204825950e+02 7.3860546989649822e+02
4.0414021098171726e-01 3.3940648146521624e-01 7.0725719596844594e-01 1.6524748326656569e+02 7.3030787105122317e+02
4.0936615986577085e-01 3.3369150760384891e-01 7.1411215669179151e-01 1.6063874191396610e+02 7.2209842738044506e+02
4.1462931237778611e-01 3.2806771474724811e-01 7.2083871034555347e-01 1.5615461652708638e+02 7.1397432377973519e+02
4.1992947885895970e-01 3.2253237595131640e-01 7.2743952604732076e-01 1.5179078691003201e+02 7.0593279106781938e+02
4.2526647960915798e-01 3.1708283876968912e-01 7.3391723747546533e-01 1.4754310580907833e+02 6.9797110298475604e+02
4.3064014510109550e-01 3.1171652265435246e-01 7.4027444147018706e-01 1.4340759154713464e+02 6.9008657445864253e+02
4.3605031618985352e-01 3.0643091676255618e-01 7.4651369725083006e-01 1.3938042123479678e+02 6.8227656027997170e+02
4.4149684432373881e-01 3.0122357711952080e-01 7.5263752483883861e-01 1.3545792362936979e+02 6.7453845209278984e+02
4.4697959176706742e-01 2.9609212376789867e-01 7.5864840405952461e-01 1.3163657254431192e+02 6.6686967658501180e+02
4.5249843184373056e-01 2.9103423768396780e-01 7.6454877272745625e-01 1.2791297989840565e+02 6.5926769088920139e+02
4.5805324917948020e-01 2.8604765951665267e-01 7.7034102806755900e-01 1.2428389101438268e+02 6.5172998386557663e+02
4.6364393995625508e-01 2.8113018580867644e-01 7.7602752429698707e-01 1.2074617761894085e+02 6.4425407007581975e+02
4.6927041218639665e-01 2.7627966740861609e-01 7.8161057374534548e-01 1.1729683325282508e+02 6.3683748981431756e+02
4.7493258599920829e-01 2.7149400639086330e-01 7.8709244557778879e-01 1.1393296732200874e+02 6.2947780415076022e+02
4.8063039395555074e-01 2.6677115370694487e-01 7.9247536609767244e-01 1.1065180029489434e+02 6.2217259301083345e+02
4.8636378138173059e-01 2.6210910665287862e-01 7.9776151891974068e-01 1.0745065896768408e+02 6.1491945285585894e+02
4.9213270670294174e-01 2.5750590804453538e-01 8.0295304622527430e-01 1.0432697256846022e+02 6.0771599393993495e+02
4.9793714185076421e-01 2.5295963963291124e-01 8.0805204494862981e-01 1.0127826591426737e+02 6.0055983275379344e+02
5.0377707266982341e-01 2.4846842548691767e-01 8.1306057306005952e-01 9.8302158915727460e+01 5.9344859647510771e+02
5.0965249935099655e-01 2.4403042439834235e-01 8.1798064423441708e-01 9.5396359236548932e+01 5.8637991229013085e+02
5.1556343691324935e-01 2.3964383214034143e-01 8.2281423269123810e-01 9.2558661308044790e+01 5.7935140964012021e+02
5.2150991572616423e-01 2.3530687478692638e-01 8.2756326904376476e-01 8.9786940181936188e+01 5.7236071149582529e+02
5.2749198207835180e-01 2.3101781084227022e-01 8.3222964467160310e-01 8.7079150695803605e+01 5.6540543591630978e+02
5.3350969877351473e-01 2.2677492603474936e-01 8.3681520869964898e-01 8.4433322487164631e+01 5.5848318835451846e+02
5.3956314579281162e-01 2.2257653353462262e-01 8.4132177061266578e-01 8.1847558522889244e+01 5.5159156194350703e+02
5.4565242101367661e-01 2.1842096991225771e-01 8.4575109785066105e-01 7.9320030848777861e+01 5.4472812899312044e+02
5.5177764098477289e-01 2.1430659541104166e-01 8.5010491868251703e-01 7.6848979523113115e+01 5.3789044179239693e+02
5.5793894175789682e-01 2.1023179005106890e-01 8.5438492038467584e-01 7.4432708893640481e+01 5.3107602476932368e+02
5.6413647980690640e-01 2.0619495269702945e-01 8.5859275106889177e-01 7.2069586024866894e+01 5.2428237269290707e+02
5.7037043304620372e-01 2.0219449715173798e-01 8.6273001781243874e-01 6.9758037093467649e+01 5.1750694066454241e+02
5.7664100193891266e-01 1.9822885173048829e-01 8.6679828938725911e-01 6.7496546618716906e+01 5.1074714424380403e+02
5.8294841066136949e-01 1.9429645712812385e-01 8.7079909573805203e-01 6.5283655303229494e+01 5.0400035287452391e+02
5.8929290843964355e-01 1.9039576287474616e-01 8.7473392518545623e-01 6.3117957387570968e+01 4.9726388156883860e+02
5.9567477098549504e-01 1.8652522955043208e-01 8.7860422548131822e-01 6.0998101405327091e+01 4.9053499265766584e+02
6.0209430201471803e-01 1.8268332827726605e-01 8.8241139920266598e-01 5.8922789461440352e+01 4.8381089301162825e+02
6.0855183493501475e-01 1.7886854305047958e-01 8.8615679835966554e-01 5.6890778088578855e+01 4.7708873610484454e+02
6.1504773460909878e-01 1.7507937768017090e-01 8.8984171869985396e-01 5.4900881032061832e+01 4.7036562866090003e+02
6.2158239922489700e-01 1.7131436039270556e-01 8.9346739021170285e-01 5.2951971624736942e+01 4.6363864217238955e+02
6.2815626227010735e-01 1.6757205400196920e-01 8.9703496881503453e-01 5.1042986492336638e+01 4.5690482338782579e+02
6.3476979464222028e-01 1.6385106069879360e-01 9.0054552671985011e-01 4.9172927516809750e+01 4.5016120713924494e+02
6.4142350686790839e-01 1.6015003066771119e-01 9.0400004963596492e-01 4.7340864300423434e+01 4.4340482580345929e+02
6.4811795155151575e-01 1.5646765753786027e-01 9.0739943372592480e-01 4.5545930965598927e+01 4.3663270431378038e+02
6.5485372617962589e-01 1.5280267332686365e-01 9.1074449424226245e-01 4.3787322264260048e+01 4.2984184743869230e+02
6.6163147633769759e-01 1.4915383177951141e-01 9.1403597690869631e-01 4.2064285026409650e+01 4.2302920941975918e+02
6.6845189948528505e-01 1.4551989280827243e-01 9.1727457264671020e-01 4.0376110545380570e+01 4.1619166046161303e+02
6.7531574935090732e-01 1.4189961381420571e-01 9.2046091853059908e-01 3.8722131252716046e+01 4.0932596867475974e+02
6.8222384075210563e-01 1.3829178137418704e-01 9.2359556934485976e-01 3.7101736342400301e+01 4.0242886425055718e+02
6.8917705412191754e-01 1.3469532409596366e-01 9.2667889703819595e-01 3.5514420504373561e+01 3.9549725362854446e+02
6.9617633825829583e-01 1.3110957711930213e-01 9.2971087284485254e-01 3.3959894852008631e+01 3.8852876652680095e+02
7.0322270854187374e-01 1.2753479350715924e-01 9.3269065624034309e-01 3.2438289151732342e+01 3.8152281733899616e+02
7.1031723557531568e-01 1.2397303656272803e-01 9.3561592238886637e-01 3.0950489071034351e+01 3.7448250759802090e+02
7.1746101690195319e-01 1.2042957044539790e-01 9.3848183512374372e-01 2.9498634287225759e+01 3.6741766384444929e+02
7.2465512086403094e-01 1.1691488772332007e-01 9.4127964690918164e-01 2.8086805127261641e+01 3.6034938331030946e+02
7.3190048881890635e-01 1.1344735191691788e-01 9.4399495311862569e-01 2.6721855165906554e+01 3.5331616006527929e+02
7.3919778087865196e-01 1.1005625059869159e-01 9.4660585797730712e-01 2.5414282625986711e+01 3.4638127077384985e+02
7.4654715498093849e-01 1.0678453835668579e-01 9.4908156646217434e-01 2.4178864112130981e+01 3.3963995842779900e+02
7.5394798501358506e-01 1.0368991792221381e-01 9.5138236857395209e-01 2.3034606664017069e+01 3.3322342893496915e+02
7.6139855731004347e-01 1.0084213427912699e-01 9.5346227109488102e-01 2.2003396959116529e+01 3.2729469357836086e+02
7.6889583327821709e-01 9.8314412609784435e-02 9.5527539893720326e-01 2.1106862623848890e+01 3.2203105419990521e+02
7.7643541051386178e-01 9.6168716255378622e-02 9.5678582656376276e-01 2.0361585514574134e+01 3.1759161878333788e+02
7.8401179713439517e-01 9.4438890500778402e-02 9.5797804900789385e-01 1.9774147860650245e+01 3.1407846527729896e+02
7.9161902135450890e-01 9.3119207977940613e-02 9.5886285323274334e-01 1.9338305576396944e+01 3.1150886046482600e+02
7.9925142052852371e-01 9.2165242125256744e-02 9.5947554173884075e-01 1.9036166546892094e+01 3.0981581735044557e+02
8.0690443781547438e-01 9.1503869420559159e-02 9.5986724438879067e-01 1.8841978368788684e+01 3.0887182948826074e+02
8.1457518130758488e-01 9.1048310126376222e-02 9.6009674456502647e-01 1.8727283246207307e+01 3.0852769074264415e+02
8.2226307384375596e-01 9.0704746671128822e-02 9.6021846416689127e-01 1.8663258763014671e+01 3.0863752087885752e+02
8.2996963583889471e-01 9.0397975047867785e-02 9.6028510552539414e-01 1.8630202692792082e+01 3.0913639408836809e+02
8.3770112619880344e-01 9.0023701228407013e-02 9.6030606532997298e-01 1.8603244084641624e+01 3.0997243777127704e+02
8.4546571799773806e-01 8.9545818757540030e-02 9.6036031482631434e-01 1.8591738726376274e+01 3.1143395053514087e+02
8.5328627137138213e-01 8.8763734834429689e-02 9.6028580456001200e-01 1.8575566307287154e+01 3.1390465388713108e+02
8.6120296294912024e-01 8.7382746984172033e-02 9.6036412296828588e-01 1.8591937358486017e+01 3.1914659358077250e+02
8.6936327293588311e-01 8.3536153610058769e-02 9.6032981781886417e-01 1.8499212224383491e+01 3.3217735240845394e+02
8.7854839035345433e-01 6.9397559844046525e-02 9.6050242821396314e-01 1.8623717556058356e+01 4.0254407210953349e+02
8.8368298288943736e-01 2.8394610538105067e+00 9.6062227322519744e-01 1.8670918507522291e+01 9.8632723712478363e+00
8.8384451241544437e-01 8.8573253014780473e+00 9.6062869695368414e-01 1.8674217694423010e+01 3.1625039826594361e+00
8.8390753291201651e-01 1.4585267121413557e+01 9.6063086052081603e-01 1.8676894539212686e+01 1.9207973070090656e+00
8.8395270061697384e-01 1.6260393303101147e+01 9.6063340655206175e-01 1.8678767633039040e+01 1.7230918666779724e+00
8.8399605495265232e-01 1.5786530165260602e+01 9.6063639894635089e-01 1.8680427738053361e+01 1.7749715303963047e+00
8.8404099702663630e-01 1.5133959143922919e+01 9.6064000797750237e-01 1.8682015732153541e+01 1.8516650753271677e+00
8.8408765132823219e-01 1.4645078265079619e+01 9.6064406707641270e-01 1.8683534934393524e+01 1.9136328187753746e+00
8.8413556414956740e-01 1.4345528959454162e+01 9.6064838796189478e-01 1.8685052644698210e+01 1.9537501228615375e+00
8.8418430910573964e-01 1.4146997269132319e+01 9.6065263808702483e-01 1.8686755582457771e+01 1.9813486099164159e+00
8.8423365871723281e-01 1.3994458483199422e+01 9.6065653910214643e-01 1.8688761484512202e+01 2.0031601980471447e+00
8.8428353267046100e-01 1.3849787081529087e+01 9.6066004152592788e-01 1.8691092499661718e+01 2.0243371673838890e+00
8.8433395506343448e-01 1.3690624025133767e+01 9.6066325295873523e-01 1.8693694536937162e+01 2.0481565890588951e+00
8.8438500473144410e-01 1.3510591761601059e+01 9.6066638122879211e-01 1.8696464754884488e+01 2.0757563863363542e+00
8.8443677494677186e-01 1.3311241211092035e+01 9.6066982097903719e-01 1.8699212638807943e+01 2.1071527826300147e+00
8.8448935448230392e-01 1.3096789529541457e+01 9.6067388239482665e-01 1.8701751868591089e+01 2.1419469053549647e+00
8.8454282000623585e-01 1.2872423749478532e+01 9.6067865399690411e-01 1.8704040999521013e+01 2.1795476939933773e+00
8.8459722972273025e-01 1.2644647894706988e+01 9.6068404309944710e-01 1.8706144385391315e+01 2.2190587521090621e+00
8.8465261405769202e-01 1.2421630803742607e+01 9.6068983223933080e-01 1.8708197075733249e+01 2.2591474547081827e+00
8.8470896667749332e-01 1.2212004090460839e+01 9.6069559869696564e-01 1.8710465425291929e+01 2.2982057596804149e+00
8.8476624237044155e-01 1.2022678039831041e+01 9.6070091704154048e-01 1.8713159539287183e+01 2.3347326790200933e+00
8.8482436622824090e-01 1.1856557717134873e+01 9.6070570438998504e-01 1.8716318037440146e+01 2.3678438317377322e+00
8.8488324954418562e-01 1.1713071239283193e+01 9.6071012959409885e-01 1.8719846391828469e+01 2.3973020409513963e+00
8.8494280343920617e-01 1.1589670357726000e+01 9.6071453272074459e-01 1.8723564654579270e+01 2.4233085251770272e+00
8.8500294686138070e-01 1.1483148507983092e+01 9.6071953614238448e-01 1.8727146191628556e+01 2.4462558563893992e+00
8.8506360924024596e-01 1.1390613657874463e+01 9.6072546141191495e-01 1.8730372729384619e+01 2.4665535973695447e+00
8.8512472985318624e-01 1.1309771282891534e+01 9.6073227648664372e-01 1.8733262065792992e+01 2.4845677596678395e+00
8.8518625630623138e-01 1.1238812942300228e+01 9.6073969236701973e-01 1.8735977233875293e+01 2.5006169241447438e+00
8.8524814312563094e-01 1.1176333943072136e+01 9.6074721505940763e-01 1.8738820615213481e+01 2.5149777257902750e+00
8.8531035065795705e-01 1.1121200861461736e+01 9.6075416107530065e-01 1.8742153480597732e+01 2.5278951950519382e+00
8.8537284433912289e-01 1.1072392054375614e+01 9.6076033014068085e-01 1.8746059665056734e+01 2.5395677247964619e+00
8.8543559410218609e-01 1.1028983241615471e+01 9.6076593124024512e-01 1.8750428903111850e+01 2.5501574114775845e+00
8.8549857382849029e-01 1.0990150246757411e+01 9.6077142003740812e-01 1.8755025162159072e+01 2.5597955543454893e+00
8.8556176084742333e-01 1.0955132892629763e+01 9.6077761577644416e-01 1.8759428051958380e+01 2.5685806236881539e+00
8.8562513548409805e-01 1.0923324153859927e+01 9.6078494547588944e-01 1.8763351454517579e+01 2.5765990998107369e+00
8.8568868053643413e-01 1.0894306628667033e+01 9.6079335006206623e-01 1.8766829982624838e+01 2.5839409458022167e+00
8.8575238072812157e-01 1.0867802604440071e+01 9.6080244082043109e-01 1.8770085743365762e+01 2.5906919402037891e+00
8.8581622219567513e-01 1.0843676610708620e+01 9.6081152806739911e-01 1.8773544443696753e+01 2.5969343864179373e+00
8.8588019223104819e-01 1.0821812248207843e+01 9.6081978864448081e-01 1.8777628921646212e+01 2.6027473713687690e+00
8.8594427926075781e-01 1.0802023929217061e+01 9.6082703907699352e-01 1.8782415907595851e+01 2.6081801008781711e+00
8.8600847282323225e-01 1.0784058562667159e+01 9.6083360029237019e-01 1.8787733187243177e+01 2.6132647200586758e+00
8.8607276353339848e-01 1.0767639883657754e+01 9.6084012021803156e-01 1.8793249389072535e+01 2.6180179118353588e+00
8.8613714306239166e-01 1.0752436945518900e+01 9.6084761314109668e-01 1.8798426159855563e+01 2.6224417202032293e+00
8.8620160407363846e-01 1.0738233798489807e+01 9.6085649360975212e-01 1.8802973812270196e+01 2.6265455984364841e+00
8.8626613997073667e-01 1.0724946364383124e+01 9.6086660887563913e-01 1.8806981814787598e+01 2.6303602613684496e+00
8.8633074452548954e-01 1.0712615178506077e+01 9.6087741158476381e-01 1.8810765235976248e+01 2.6339178047371288e+00
8.8639541158158286e-01 1.0701363490289161e+01 9.6088794971813984e-01 1.8814910054864885e+01 2.6372681488585461e+00
8.8646013508903132e-01 1.0691266262733944e+01 9.6089734022480988e-01 1.8819844404613718e+01 2.6404511788579974e+00
8.8652490928888927e-01 1.0682270887276283e+01 9.6090549495265887e-01 1.8825604644026871e+01 2.6434835124500764e+00
8.8658972885662002e-01 1.0674222048313679e+01 9.6091290957191233e-01 1.8831922309838216e+01 2.6463646097019260e+00
8.8665458906120542e-01 1.0666880653765350e+01 9.6092051384934551e-01 1.8838333174375542e+01 2.6490874585334905e+00
8.8671948588971550e-01 1.0659965248539850e+01 9.6092945750540482e-01 1.8844186735461715e+01 2.6516296670914894e+00
8.8678441602540736e-01 1.0653326101666536e+01 9.6094007171138751e-01 1.8849244009907103e+01 2.6539942310071289e+00
8.8684937660696384e-01 1.0646959041633790e+01 9.6095203422789810e-01 1.8853690415627405e+01 2.6562077972548881e+00
8.8691436497613796e-01 1.0640946771245085e+01 9.6096456143794717e-01 1.8857990373635662e+01 2.6583147316264286e+00
8.8697937852264419e-01 1.0635459901990865e+01 9.6097640455741129e-01 1.8862894770798462e+01 2.6603778695927609e+00
8.8704441457462069e-01 1.0630626247906843e+01 9.6098671062530483e-01 1.8868796091828770e+01 2.6624202072117824e+00
8.8710947038186883e-01 1.0626442112894120e+01 9.6099557719142725e-01 1.8875644189496018e+01 2.6644351875674812e+00
8.8717454331790657e-01 1.0622758679274845e+01 9.6100373039644926e-01 1.8883050267090510e+01 2.6664048629756993e+00
8.8723963106052595e-01 1.0619344775279615e+01 9.6101253356924898e-01 1.8890339689470302e+01 2.6682917010253449e+00
8.8730473181584357e-01 1.0615919866654824e+01 9.6102315630055968e-01 1.8896794921671106e+01 2.6700646518198043e+00
8.8736984448111311e-01 1.0612356070545825e+01 9.6103579415728624e-01 1.8902279149889488e+01 2.6717364679769857e+00
8.8743496818734369e-01 1.0608757637440286e+01 9.6104985384311048e-01 1.8907137234633531e+01 2.6733296038227952e+00
8.8750010182442540e-01 1.0605321794151910e+01 9.6106425507502291e-01 1.8912044172806855e+01 2.6748897213899983e+00
8.8756524385265045e-01 1.0602348517430318e+01 9.6107739707782336e-01 1.8917914660372464e+01 2.6764704012424190e+00
8.8763039246227116e-01 1.0599931876759886e+01 9.6108858272273912e-01 1.8925066049528017e+01 2.6780925957204689e+00
8.8769554587337463e-01 1.0598007497425188e+01 9.6109820991006556e-01 1.8933301254190390e+01 2.6797444602851450e+00
8.8776070251414718e-01 1.0596375697311123e+01 9.6110734852450841e-01 1.8942068975878460e+01 2.6813982700733834e+00
8.8782586116876216e-01 1.0594724671422895e+01 9.6111788998798486e-01 1.8950414536359595e+01 2.6829976885771933e+00
8.8789102110235774e-01 1.0592809075515429e+01 9.6113094170851432e-01 1.8957614079094149e+01 2.6845023747638490e+00
8.8795618183344693e-01 1.0590655792779057e+01 9.6114641240816356e-01 1.8963733712996369e+01 2.6859149353989382e+00
8.8802134269815314e-01 1.0588426911244849e+01 9.6116341932713789e-01 1.8969310236247004e+01 2.6872703181388120e+00
8.8808650246031440e-01 1.0586477420330972e+01 9.6118036406634855e-01 1.8975373885372345e+01 2.6886243363062547e+00
8.8815165920739270e-01 1.0585139358009391e+01 9.6119534702128795e-01 1.8982944535944299e+01 2.6900370265197204e+00
8.8821681081851289e-01 1.0584442380337757e+01 9.6120806896343880e-01 1.8992168621511937e+01 2.6915213771855613e+00
8.8828195530880338e-01 1.0584235933644344e+01 9.6121940556412133e-01 1.9002610250934687e+01 2.6930536653851416e+00
8.8834709094535380e-01 1.0584263168608633e+01 9.6123091810088823e-01 1.9013503805099649e+01 2.6945905684050215e+00
8.8841221649917890e-01 1.0584071346376614e+01 9.6124512595643219e-01 1.9023485811606633e+01 2.6960540782048672e+00
8.8847733133687978e-01 1.0583483016013849e+01 9.6126276934955524e-01 1.9032037532517634e+01 2.6974159882507900e+00
8.8854243489282791e-01 1.0582633371229100e+01 9.6128325292009964e-01 1.9039556934255277e+01 2.6986983673673217e+00
8.8860752611317495e-01 1.0581791734434388e+01 9.6130533041449029e-01 1.9046830092372410e+01 2.6999440033947839e+00
8.8867260310358653e-01 1.0581471994365979e+01 9.6132643994784839e-01 1.9055452917592273e+01 2.7012479352218004e+00
8.8873766332664572e-01 1.0581946866073160e+01 9.6134484007650478e-01 1.9066275792689499e+01 2.7026608667566632e+00
8.8880270413315743e-01 1.0583159168081515e+01 9.6136094749976930e-01 1.9079105450550173e+01 2.7041696832962936e+00
8.8886772308268414e-01 1.0584869006555383e+01 9.6137606654953944e-01 1.9093269635209051e+01 2.7057400932478624e+00
8.8893271820897335e-01 1.0586634466123519e+01 9.6139283086232918e-01 1.9107428026510100e+01 2.7072949511460678e+00
8.8899768834153914e-01 1.0587949973868074e+01 9.6141373093146920e-01 1.9120052567585365e+01 2.7087471061124035e+00
8.8906263289520004e-01 1.0588793167146711e+01 9.6143877587963755e-01 1.9131074474688347e+01 2.7100927611909520e+00
8.8912755104221164e-01 1.0589428247915725e+01 9.6146673342522404e-01 1.9141230960464874e+01 2.7113689019375098e+00
8.8919244133085806e-01 1.0590237695447414e+01 9.6149553542933242e-01 1.9151805501109653e+01 2.7126594395529096e+00
8.8925730140973080e-01 1.0591857189250268e+01 9.6152187657410171e-01 1.9164641782630117e+01 2.7140625256088815e+00
8.8932212845982850e-01 1.0594378943156105e+01 9.6154481472857734e-01 1.9180096728583070e+01 2.7156046850164741e+00
8.8938691993756769e-01 1.0597618787731969e+01 9.6156533429379365e-01 1.9197592608895665e+01 2.7172508740056598e+00
8.8945167380467671e-01 1.0601190057099739e+01 9.6158547819934803e-01 1.9215963578900226e+01 2.7189348755281117e+00
8.8951638886740425e-01 1.0604466018033648e+01 9.6160866610298135e-01 1.9233266455021141e+01 2.7205424236798348e+00
8.8958106502467127e-01 1.0607054674332840e+01 9.6163635435928929e-01 1.9248327855428265e+01 2.7220083868341529e+00
8.8964570284752653e-01 1.0608994561946748e+01 9.6166804687761231e-01 1.9261305299606914e+01 2.7233455329539447e+00
8.8971030277145235e-01 1.0610648418047342e+01 9.6170158413271745e-01 1.9273329595156369e+01 2.7246208953227011e+00
8.8977486439928466e-01 1.0612625205027880e+01 9.6173396962728086e-01 1.9286179034999343e+01 2.7259295408635897e+00
8.8983938662772188e-01 1.0615337451474154e+01 9.6176239801599661e-01 1.9301113263421872e+01 2.7273433395291904e+00
8.8990386841143754e-01 1.0618902487719554e+01 9.6178566452982506e-01 1.9318531400422540e+01 2.7288881439626902e+00
8.8996830945949923e-01 1.0622937375467240e+01 9.6180513026081571e-01 1.9337248691013247e+01 2.7304945902727842e+00
8.9003271091881020e-01 1.0626755040248941e+01 9.6182382622410911e-01 1.9355156606364886e+01 2.7320414180608807e+00
8.9009707588170572e-01 1.0629811066599213e+01 9.6184304017226052e-01 1.9370715199937063e+01 2.7334514807328065e+00
8.9016140931508769e-01 1.0631644253391814e+01 9.6186429154169395e-01 1.9382395606332430e+01 2.7346281268039321e+00
8.9022571734915468e-01 1.0632086547167637e+01 9.6188781930660672e-01 1.9389755951159639e+01 2.7355527814516836e+00
8.9029000586128582e-01 1.0631736107567697e+01 9.6191082203611811e-01 1.9394600352014674e+01 2.7363264318904905e+00
8.9035427935276668e-01 1.0631206425548749e+01 9.6193055809512096e-01 1.9398788781839009e+01 2.7370537273013733e+00
8.9041854097697681e-01 1.0631044901567140e+01 9.6194454765233706e-01 1.9404014589795541e+01 2.7378326546624536e+00
8.9048279285975340e-01 1.0631658518230138e+01 9.6195079302681841e-01 1.9411484978110700e+01 2.7387286204912100e+00
8.9054703662076795e-01 1.0632795104433811e+01 9.6195139332060431e-01 1.9420463595554242e+01 2.7397025059933711e+00
8.9061127338981283e-01 1.0634180246524441e+01 9.6194928119245426e-01 1.9430126569261727e+01 2.7407086562613121e+00
8.9067550408419938e-01 1.0635036426159164e+01 9.6194971478301383e-01 1.9438031020550724e+01 2.7416028833815789e+00
8.9073973064829748e-01 1.0634504709497564e+01 9.6195689360404957e-01 1.9441590686209807e+01 2.7422420531978409e+00
8.9080395586513772e-01 1.0632751935369136e+01 9.6196963737980379e-01 1.9441377358925614e+01 2.7426640079303235e+00
8.9086818211594077e-01 1.0629755721591488e+01 9.6198903848433848e-01 1.9437286272167707e+01 2.7428597770153016e+00
8.9093240980847255e-01 1.0627356346292149e+01 9.6200550780758209e-01 1.9434890542825631e+01 2.7431408964101971e+00
8.9099663694124165e-01 1.0626295729640168e+01 9.6201561847189443e-01 1.9436506222746697e+01 2.7436427590470696e+00
8.9106086106365023e-01 1.0626788414304199e+01 9.6201691144572821e-01 1.9442753293259475e+01 2.7443973478038579e+00
8.9112507927014961e-01 1.0629447819054228e+01 9.6200691394887872e-01 1.9455488955695163e+01 2.7455079445640824e+00
8.9118928927633490e-01 1.0632501024362115e+01 9.6199505840272403e-01 1.9469310743989734e+01 2.7466694852951266e+00
8.9125349221014605e-01 1.0633778121909307e+01 9.6199242065355717e-01 1.9477606511167206e+01 2.7475098155898863e+00
8.9131769130859406e-01 1.0633141580083191e+01 9.6199964950308625e-01 1.9479962704872452e+01 2.7480066767887492e+00
8.9138189118323896e-01 1.0629682419107386e+01 9.6202039787209714e-01 1.9473588298423135e+01 2.7480014261881966e+00
8.9144609688386478e-01 1.0623546039813656e+01 9.6205551283558788e-01 1.9458916907052132e+01 2.7475171897584376e+00
8.9151030842913892e-01 1.0619917366276932e+01 9.6207744315599120e-01 1.9451825951586152e+01 2.7474544218236403e+00
8.9157452115900493e-01 1.0619017886163663e+01 9.6208563699437966e-01 1.9453007454840865e+01 2.7478540383929038e+00
8.9163873066046517e-01 1.0620931806252935e+01 9.6207783291614801e-01 1.9462712926795032e+01 2.7487295769100895e+00
8.9170292927352768e-01 1.0629163330108106e+01 9.6203799486272779e-01 1.9491612960457513e+01 2.7506792898617447e+00
8.9176711298651523e-01 1.0635416058166301e+01 9.6200827234035624e-01 1.9514339572389815e+01 2.7522674428997891e+00
8.9183128731950656e-01 1.0637230081519119e+01 9.6200187239290758e-01 1.9523346783186614e+01 2.7530682283218679e+00
8.9189545866272313e-01 1.0635784496830064e+01 9.6201280757054908e-01 1.9522120279807258e+01 2.7532694394511821e+00
8.9195963779241838e-01 1.0625193513998152e+01 9.6207074575543028e-01 1.9492856980882156e+01 2.7518826299776995e+00
8.9202383450771605e-01 1.0612537378231801e+01 9.6213966479717017e-01 1.9457143776983145e+01 2.7501166427304935e+00
8.9208804408721598e-01 1.0607208052694823e+01 9.6217066062970658e-01 1.9443820545548970e+01 2.7496142880796732e+00
8.9215225564635225e-01 1.0606839121589097e+01 9.6217635387243727e-01 1.9445602643811615e+01 2.7499619473202173e+00
8.9221645572633657e-01 1.0617069879584143e+01 9.6212653015430605e-01 1.9479729712280140e+01 2.7521335829772933e+00
8.9228062566263233e-01 1.0638205602904208e+01 9.6202071975150172e-01 1.9547184471005490e+01 2.7561769156354452e+00
8.9234476412560226e-01 1.0649623354120655e+01 9.6196550102837297e-01 1.9584751608657221e+01 2.7585132765863452e+00
8.9240888696110865e-01 1.0652177185245298e+01 9.6195675094554234e-01 1.9595040803987132e+01 2.7593008166155326e+00
8.9247301130380141e-01 1.0643997021283297e+01 9.6200282954479832e-01 1.9572339266879098e+01 2.7582222018302502e+00
8.9253716632066371e-01 1.0613123207886179e+01 9.6216694736016062e-01 1.9480139341462721e+01 2.7532149057199047e+00
8.9260136586161420e-01 1.0589000948498370e+01 9.6229558597737297e-01 1.9408633166205966e+01 2.7493575542117092e+00
8.9266558975097077e-01 1.0581635771981054e+01 9.6233727966341565e-01 1.9388223072541216e+01 2.7483779668374595e+00
8.9272981393607553e-01 1.0585405324797732e+01 9.6232098114350995e-01 1.9401754197690103e+01 2.7493166679558634e+00
8.9279400074183657e-01 1.0622449117933265e+01 9.6213049958574126e-01 1.9517029493073480e+01 2.7560070106794874e+00
8.9285811459677855e-01 1.0668873965104918e+01 9.6188976672729098e-01 1.9661338359868473e+01 2.7643036778073591e+00
8.9292217358558501e-01 1.0687186188082215e+01 9.6179193875798652e-01 1.9719341618095022e+01 2.7677081606501326e+00
8.9298621979752302e-01 1.0686813908437253e+01 9.6179004474256369e-01 1.9719801694412915e+01 2.7678691511851028e+00
8.9305030377540495e-01 1.0645121463776981e+01 9.6200681431969781e-01 1.9593293467699429e+01 2.7608834996910723e+00
8.9311449989433656e-01 1.0568707270125298e+01 9.6237905588698680e-01 1.9360827497926127e+01 2.7478517953638892e+00
8.9317888689010194e-01 1.0507646274935013e+01 9.6255005756225243e-01 1.9175981812596838e+01 2.7374325292533843e+00
8.9324369556252670e-01 1.0442089121374195e+01 9.6230354056902190e-01 1.8977925102562448e+01 2.7261678504135753e+00
8.9330957399642785e-01 1.0386255590473919e+01 9.6091006203777773e-01 1.8808989715127034e+01 2.7164250221771389e+00
8.9337903895654969e-01 9.9572700768057985e+00 9.5765457996032566e-01 1.7516734020879873e+01 2.6387856137923116e+00
8.9346214268751023e-01 8.5812625324518486e+00 9.4661159996889077e-01 1.3551621892393069e+01 2.3688160992298206e+00
8.9359502213738762e-01 6.4671536464480273e+00 8.9576551643341540e-01 7.7725090069439053e+00 1.8027658144196452e+00
8.9390186083023293e-01 3.7963952008141479e+00 7.4149772547791959e-01 2.2641242326999169e+00 8.9458187817789703e-01
8.9472851645650753e-01 1.8931874555366199e+00 3.9792251804807849e-01 2.8537432240191574e-01 2.2610623282496894e-01
8.9642681336607188e-01 1.1425031033106769e+00 5.2850704886998078e-02 1.9146001975485320e-02 2.5136914621945249e-02
8.9875985854569163e-01 1.0076694571447247e+00 1.1536587821442902e-03 1.0139746232407846e-02 1.5093857654184426e-02
9.0125017459921497e-01 1.0001354307105697e+00 1.7317537096006003e-05 1.0002260477463880e-02 1.5001359071477259e-02
9.0375000270688877e-01 1.0000021013439262e+00 2.6792936331556536e-07 1.0000035023190268e-02 1.5000021014582350e-02
9.0625000004010714e-01 1.0000000320857121e+00 4.2062148896559199e-09 1.0000000534761855e-02 1.5000000320857090e-02
9.0874999999999995e-01 1.0000000000000000e+00 1.2849891836032642e-10 9.9999999999999534e-03 1.4999999999999928e-02
9.1125000000000000e-01 1.0000000000000000e+00 1.9900446862194204e-12 9.9999999999999534e-03 1.4999999999999928e-02
9.1375000000000006e-01 1.0000000000000000e+00 3.0812079559403673e-14 9.9999999999999534e-03 1.4999999999999928e-02
9.1625000000000001e-01 1.0000000000000000e+00 3.5748015822906423e-16 9.9999999999999534e-03 1.4999999999999928e-02
9.1874999999999996e-01 1.0000000000000000e+00 2.2848123155721651e-18 9.9999999999999534e-03 1.4999999999999928e-02
9.2125000000000001e-01 1.0000000000000000e+00 0.0000000000000000e+00 9.9999999999999534e-03 1.4999999999999928e-02
9.2375000000000007e-01 1.0000000000000000e+00 0.0000000000000000e+00 9.9999999999999534e-03 1.4999999999999928e-02
9.2625000000000002e-01 1.0000000000000000e+00 0.0000000000000000e+00 9.9999999999999534e-03 1.4999999999999928e-02
9.2874999999999996e-01 1.0000000000000000e+00 0.0000000000000000e+00 9.9999999999999534e-03 1.4999999999999928e-02
9.3125000000000002e-01 1.0000000000000000e+00 0.0000000000000000e+00 9.9999999999999534e-03 1.4999999999999928e-02
9.3375000000000008e-01 1.0000000000000000e+00 0.0000000000000000e+00 9.9999999999999534e-03 1.4999999999999928e-02
9.3625000000000003e-01 1.0000000000000000e+00 0.0000000000000000e+00 9.9999999999999534e-03 1.4999999999999928e-02
9.3874999999999997e-01 1.0000000000000000e+00 0.0000000000000000e+00 9.9999999999999534e-03 1.4999999999999928e-02
9.4125000000000003e-01 1.0000000000000000e+00 0.0000000000000000e+00 9.9999999999999534e-03 1.4999999999999928e-02
9.4375000000000009e-01 1.0000000000000000e+00 0.0000000000000000e+00 9.9999999999999534e-03 1.4999999999999928e-02
9.4625000000000004e-01 1.0000000000000000e+00 0.0000000000000000e+00 9.9999999999999534e-03 1.4999999999999928e-02
9.4874999999999998e-01 1.0000000000000000e+00 0.0000000000000000e+00 9.9999999999999534e-03 1.4999999999999928e-02
9.5125000000000004e-01 1.0000000000000000e+00 0.0000000000000000e+00 9.9999999999999534e-03 1.4999999999999928e-02
9.5375000000000010e-01 1.0000000000000000e+00 0.0000000000000000e+00 9.9999999999999534e-03 1.4999999999999928e-02
9.5625000000000004e-01 1.0000000000000000e+00 0.0000000000000000e+00 9.9999999999999534e-03 1.4999999999999928e-02
9.5874999999999999e-01 1.0000000000000000e+00 0.0000000000000000e+00 9.9999999999999534e-03 1.4999999999999928e-02
9.6124999999999994e-01 1.0000000000000000e+00 0.0000000000000000e+00 9.9999999999999534e-03 1.4999999999999928e-02
9.6375000000000000e-01 1.0000000000000000e+00 0.0000000000000000e+00 9.9999999999999534e-03 1.4999999999999928e-02
9.6625000000000005e-01 1.0000000000000000e+00 0.0000000000000000e+00 9.9999999999999534e-03 1.4999999999999928e-02
9.6875000000000000e-01 1.0000000000000000e+00 0.0000000000000000e+00 9.9999999999999534e-03 1.4999999999999928e-02
9.7124999999999995e-01 1.0000000000000000e+00 0.0000000000000000e+00 9.9999999999999534e-03 1.4999999999999928e-02
9.7375000000000000e-01 1.0000000000000000e+00 0.0000000000000000e+00 9.9999999999999534e-03 1.4999999999999928e-02
9.7625000000000006e-01 1.0000000000000000e+00 0.0000000000000000e+00 9.9999999999999534e-03 1.4999999999999928e-02
9.7875000000000001e-01 1.0000000000000000e+00 0.0000000000000000e+00 9.9999999999999534e-03 1.4999999999999928e-02
9.8124999999999996e-01 1.0000000000000000e+00 0.0000000000000000e+00 9.9999999999999534e-03 1.4999999999999928e-02
9.8375000000000001e-01 1.0000000000000000e+00 0.0000000000000000e+00 9.9999999999999534e-03 1.4999999999999928e-02
9.8625000000000007e-01 1.0000000000000000e+00 0.0000000000000000e+00 9.9999999999999534e-03 1.4999999999999928e-02
9.8875000000000002e-01 1.0000000000000000e+00 0.0000000000000000e+00 9.9999999999999534e-03 1.4999999999999928e-02
9.9124999999999996e-01 1.0000000000000000e+00 0.0000000000000000e+00 9.9999999999999534e-03 1.4999999999999928e-02
9.9375000000000002e-01 1.0000000000000000e+00 0.0000000000000000e+00 9.9999999999999534e-03 1.4999999999999928e-02
9.9625000000000008e-01 1.0000000000000000e+00 0.0000000000000000e+00 9.9999999999999534e-03 1.4999999999999928e-02
9.9875000000000003e-01 1.0000000000000000e+00 0.0000000000000000e+00 9.9999999999999534e-03 1.4999999999999928e-02
