1.2500000120307642e-03 9.9999999015111951e-01 3.2087155176153206e-09 9.9999998654077842e+02 1.4999999945844881e+03
3.7500000325516648e-03 9.9999999004027851e-01 5.3969747159606597e-09 9.9999998452286502e+02 1.4999999917238795e+03
6.2500000541478237e-03 9.9999998684136782e-01 9.1322393697584213e-09 9.9999997849180397e+02 1.4999999874756541e+03
8.7500000864032656e-03 9.9999998113656263e-01 1.4425077153191960e-08 9.9999996871900544e+02 1.4999999813736638e+03
1.1250000133955293e-02 9.9999997219457437e-01 2.2099664343285643e-08 9.9999995371626130e+02 1.4999999722825296e+03
1.3750000204678609e-02 9.9999995870389857e-01 3.3339950945344379e-08 9.9999993119475255e+02 1.4999999587362793e+03
1.6250000310000748e-02 9.9999993867721770e-01 4.9828653554336187e-08 9.9999989780325438e+02 1.4999999386890511e+03
1.8750000466480052e-02 9.9999990922203430e-01 7.3961170157154262e-08 9.9999984870626270e+02 1.4999999092263342e+03
2.1250000698053689e-02 9.9999986619529513e-01 1.0913983113321081e-07 9.9999977699320596e+02 1.4999998661968482e+03
2.3750001039183982e-02 9.9999980371726616e-01 1.6017675847960923e-07 9.9999967286251683e+02 1.4999998037178375e+03
2.6250001539242084e-02 9.9999971350310757e-01 2.3384279694670791e-07 9.9999952250539081e+02 1.4999997135033427e+03
2.8750002268581432e-02 9.9999958395423194e-01 3.3961106028727021e-07 9.9999930659059578e+02 1.4999995839543724e+03
3.1250003326902351e-02 9.9999939893399203e-01 4.9065744593173034e-07 9.9999899822366899e+02 1.4999993989341540e+03
3.3750004854699742e-02 9.9999913613083513e-01 7.0519753415123285e-07 9.9999856021874359e+02 1.4999991361311163e+03
3.6250007048827831e-02 9.9999876488639838e-01 1.0082600087164231e-06 9.9999794147871035e+02 1.4999987648869424e+03
3.8750010183524385e-02 9.9999824333552878e-01 1.4340216029747534e-06 9.9999707222865925e+02 1.4999982433366097e+03
4.1250014638616425e-02 9.9999751466947207e-01 2.0288578655221121e-06 9.9999585778796177e+02 1.4999975146715576e+03
4.3750020937103028e-02 9.9999650229147463e-01 2.8552978972796609e-06 9.9999417049661236e+02 1.4999965022954725e+03
4.6250029794884753e-02 9.9999510358761046e-01 3.9971097588117780e-06 9.9999183933369682e+02 1.4999951035951547e+03
4.8750042186100372e-02 9.9999318198254272e-01 5.5657858244425726e-06 9.9998863667797264e+02 1.4999931819966596e+03
5.1250059428353013e-02 9.9999055689473271e-01 7.7087433378748889e-06 9.9998426156806784e+02 1.4999905569208306e+03
5.3750083293067637e-02 9.9998699114621070e-01 1.0619603167460173e-05 9.9997831872161419e+02 1.4999869911938754e+03
5.6250116147327119e-02 9.9998217532474976e-01 1.4550957128735004e-05 9.9997029247710350e+02 1.4999821754108129e+03
5.8750161134781272e-02 9.9997570854253703e-01 1.9830078332042900e-05 9.9995951473331604e+02 1.4999757086960972e+03
6.1250222404604746e-02 9.9996707499089210e-01 2.6878065493588941e-05 9.9994512588797215e+02 1.4999670752615725e+03
6.3750305398970336e-02 9.9995561566175672e-01 3.6232936239016816e-05 9.9992602773052135e+02 1.4999556161331982e+03
6.6250417211067447e-02 9.9994049460167600e-01 4.8577190034394382e-05 9.9990082723735452e+02 1.4999404954126735e+03
6.8750567027275694e-02 9.9992065908866024e-01 6.4770341379008847e-05 9.9986777026293794e+02 1.4999206604665455e+03
7.1250766668624760e-02 9.9989479319157260e-01 8.5886870949082898e-05 9.9982466423930646e+02 1.4998947955033714e+03
7.3751031248032686e-02 9.9986126428928057e-01 1.1325994846705912e-04 9.9976878919990497e+02 1.4998612681188704e+03
7.6251379960894872e-02 9.9981806230680925e-01 1.4853113890302838e-04 9.9969679675315024e+02 1.4998180685693264e+03
7.8751837027257521e-02 9.9976273167541385e-01 1.9370610694474725e-04 9.9960459706007669e+02 1.4997627417831345e+03
8.1252432803883112e-02 9.9969229634657053e-01 2.5121607913059987e-04 9.9948723442742266e+02 1.4996923124446932e+03
8.3753205083827165e-02 9.9960317859187509e-01 3.2398450824199681e-04 9.9933875282045756e+02 1.4996032038856808e+03
8.6254200599543085e-02 9.9949111279453917e-01 4.1549801348569123e-04 9.9915205342025513e+02 1.4994911519923330e+03
8.8755476742818709e-02 9.9935105597772578e-01 5.2988025231351756e-04 9.9891874728595610e+02 1.4993511158728700e+03
9.1257103510924711e-02 9.9917709739618987e-01 6.7196693019655105e-04 9.9862900719787888e+02 1.4991771876080736e+03
9.3759165683114876e-02 9.9896237012225175e-01 8.4737969576731615e-04 9.9827142381495844e+02 1.4989625040022147e+03
9.6261765225035795e-02 9.9869896813914816e-01 1.0625962292108322e-03 9.9783287230860060e+02 1.4986991638248689e+03
9.8765023910769578e-02 9.9837787298116354e-01 1.3250134456096034e-03 9.9729839656888521e+02 1.4983781545422451e+03
1.0126908614326913e-01 9.9798889437220695e-01 1.6430004405017062e-03 9.9665111882127314e+02 1.4979892929292935e+03
1.0377412194415692e-01 9.9752062956710719e-01 2.0259376406017459e-03 9.9587218295483740e+02 1.4975211841789398e+03
1.0628033007361193e-01 9.9696044613781332e-01 2.4842386249213444e-03 9.9494073994841551e+02 1.4969612041321868e+03
1.0878794123084415e-01 9.9629449272878567e-01 3.0293512793118540e-03 9.9383398340768827e+02 1.4962955090000171e+03
1.1129722127601283e-01 9.9550774179844048e-01 3.6737353589742358e-03 9.9252724232840433e+02 1.4955090764066006e+03
1.1380847440599157e-01 9.9458406755492379e-01 4.4308141616723213e-03 9.9099413674730351e+02 1.4945857807428297e+03
1.1632204620973421e-01 9.9350636119008351e-01 5.3148988448880026e-03 9.8920679993640977e+02 1.4935085046936335e+03
1.1883832652468887e-01 9.9225668415219670e-01 6.3410849198949687e-03 9.8713616829425689e+02 1.4922592874307795e+03
1.2135775201423431e-01 9.9081645863137979e-01 7.5251215737639704e-03 9.8475233718771221e+02 1.4908195084101994e+03
1.2388080838777069e-01 9.8916669274672830e-01 8.8832556415990773e-03 9.8202497785076014e+02 1.4891701040658722e+03
1.2640803219002197e-01 9.8728823621740236e-01 1.0432053201070756e-02 9.7892380723471865e+02 1.4872918130554299e+03
1.2894001209423259e-01 9.8516206068716516e-01 1.2188202812612136e-02 9.7541909964387321e+02 1.4851654441963140e+03
1.3147738964496211e-01 9.8276955745768735e-01 1.4168305308911246e-02 9.7148222629316069e+02 1.4827721599450142e+03
1.3402085940965747e-01 9.8009284427901744e-01 1.6388655685730644e-02 9.6708620680206832e+02 1.4800937673106105e+03
1.3657116851341050e-01 9.7711507212489501e-01 1.8865023020403361e-02 9.6220625526002220e+02 1.4771130075307540e+03
1.3912911554758983e-01 9.7382072260277064e-01 2.1612434422671790e-02 9.5682030298614700e+02 1.4738138357163123e+03
1.4169554885955962e-01 9.7019588683830360e-01 2.4644968807388121e-02 9.5090948051994599e+02 1.4701816819984538e+03
1.4427136424663198e-01 9.6622851731895742e-01 2.7975565794322255e-02 9.4445854270605059e+02 1.4662036864633537e+03
1.4685750209206527e-01 9.6190864523671760e-01 3.1615854328957943e-02 9.3745622289467531e+02 1.4618689012780032e+03
1.4945494399369447e-01 9.5722855726577794e-01 3.5576004736812931e-02 9.2989550512954577e+02 1.4571684548134883e+03
1.5206470894620489e-01 9.5218292735034660e-01 3.9864606936353922e-02 9.2177380654394221e+02 1.4520956741615430e+03
1.5468784914584915e-01 9.4676890085344967e-01 4.4488576506387260e-02 9.1309306581318890e+02 1.4466461641115836e+03
1.5732544549146832e-01 9.4098613023117283e-01 4.9453089294571873e-02 9.0385973719982837e+02 1.4408178423062031e+03
1.5997860285805227e-01 9.3483676312910313e-01 5.4761544316455593e-02 8.9408469324235216e+02 1.4346109318320800e+03
1.6264844521892177e-01 9.2832538537542808e-01 6.0415553869148458e-02 8.8378304230517449e+02 1.4280279138565620e+03
1.6533611069027054e-01 9.2145892269159080e-01 6.6414959098354431e-02 8.7297386987021332e+02 1.4210734440341321e+03
1.6804274656762047e-01 9.1424650600648349e-01 7.2757868726219088e-02 8.6167991450513182e+02 1.4137542372500263e+03
1.7076950441808475e-01 9.0669930602576443e-01 7.9440718273022168e-02 8.4992719084543717e+02 1.4060789258307084e+03
1.7351753528565800e-01 8.9883034316615940e-01 8.6458346880831830e-02 8.3774457266988486e+02 1.3980578966419325e+03
1.7628798505943877e-01 8.9065427912990347e-01 9.3804088757021856e-02 8.2516334926781497e+02 1.3897031125375586e+03
1.7908199004705627e-01 8.8218719630311371e-01 1.0146987628089908e-01 8.1221676787063507e+02 1.3810279234514576e+03
1.8190067278797878e-01 8.7344637084554400e-01 1.0944635193509714e-01 7.9893957403305433e+02 1.3720468720815170e+03
1.8474513813402460e-01 8.6445004485391630e-01 1.1772298641225203e-01 7.8536756061817289e+02 1.3627754986424211e+03
1.8761646961749373e-01 8.5521720236487120e-01 1.2628820048516293e-01 7.7153713456387356e+02 1.3532301486050505e+03
1.9051572612102502e-01 8.4576735327271568e-01 1.3512948849585935e-01 7.5748490899930016e+02 1.3434277867338967e+03
1.9344393885759667e-01 8.3612032850712192e-01 1.4423354159907037e-01 7.4324732662729161e+02 1.3333858201145758e+03
1.9640210866414254e-01 8.2629608908553265e-01 1.5358636917470542e-01 7.2886031867232668e+02 1.3231219322584980e+03
1.9939120360797302e-01 8.1631455095633532e-01 1.6317341709258892e-01 7.1435900217861160e+02 1.3126539298026478e+03
2.0241215690161332e-01 8.0619542689841361e-01 1.7297968176279391e-01 6.9977741706990923e+02 1.3019996028049029e+03
2.0546586511871273e-01 7.9595808616277408e-01 1.8298981913261708e-01 6.8514830318665395e+02 1.2911765991781265e+03
2.0855318670129952e-01 7.8562143203728296e-01 1.9318824799315137e-01 6.7050291650855286e+02 1.2802023134153746e+03
2.1167494074680554e-01 7.7520379709087006e-01 2.0355924713493237e-01 6.5587088295540525e+02 1.2690937894332644e+03
2.1483190606185726e-01 7.6472285550983632e-01 2.1408704604278864e-01 6.4128008753107076e+02 1.2578676371001093e+03
2.1802482046882987e-01 7.5419555167181307e-01 2.2475590894728639e-01 6.2675659612090089e+02 1.2465399618141068e+03
2.2125438035042999e-01 7.4363804390448029e-01 2.3555021215565219e-01 6.1232460695248881e+02 1.2351263063495337e+03
2.2452124041717658e-01 7.3306566224254599e-01 2.4645451467119184e-01 5.9800642856602735e+02 1.2236416040890094e+03
2.2782601368241578e-01 7.2249287891421110e-01 2.5745362218029016e-01 5.8382248108755891e+02 1.2121001426995697e+03
2.3116927162949102e-01 7.1193329025552476e-01 2.6853264454121417e-01 5.6979131764108570e+02 1.2005155372842125e+03
2.3455154455581312e-01 7.0139960875092322e-01 2.7967704695333151e-01 5.5592966284592057e+02 1.1889007120404715e+03
2.3797332207877778e-01 6.9090366393225444e-01 2.9087269501906104e-01 5.4225246551417831e+02 1.1772678894796281e+03
2.4143505378882818e-01 6.8045641092045583e-01 3.0210589393735776e-01 5.2877296286538683e+02 1.1656285862972038e+03
2.4493715003534028e-01 6.7006794546646098e-01 3.1336342208747126e-01 5.1550275380498738e+02 1.1539936150343499e+03
2.4847998283145700e-01 6.5974752442759199e-01 3.2463255927673196e-01 5.0245187905284791e+02 1.1423730907261458e+03
2.5206388686448145e-01 6.4950359070428776e-01 3.3590110993663636e-01 4.8962890615265735e+02 1.1307764417939459e+03
2.5568916059898095e-01 6.3934380175186778e-01 3.4715742155922291e-01 4.7704101763260707e+02 1.1192124245018069e+03
2.5935606746030326e-01 6.2927506087361718e-01 3.5839039867039857e-01 4.6469410081947836e+02 1.1076891403602126e+03
2.6306483708677453e-01 6.1930355058882869e-01 3.6958951263949541e-01 4.5259283802522975e+02 1.0962140559219501e+03
2.6681566663946005e-01 6.0943476745515468e-01 3.8074480762479024e-01 4.4074079602818836e+02 1.0847940244743756e+03
2.7060872215897369e-01 5.9967355780315901e-01 3.9184690295341934e-01 4.2914051395494170e+02 1.0734353091881842e+03
2.7444413995942202e-01 5.9002415391765117e-01 4.0288699223157848e-01 4.1779358883804537e+02 1.0621436073353266e+03
2.7832202805023498e-01 5.8049021026521797e-01 4.1385683947630431e-01 4.0670075827148440e+02 1.0509240752372079e+03
2.8224246757722926e-01 5.7107483943264492e-01 4.2474877255461185e-01 3.9586197971988327e+02 1.0397813536484116e+03
2.8620551427490382e-01 5.6178064749584766e-01 4.3555567420867808e-01 3.8527650615206278e+02 1.0287195933219925e+03
2.9021119992260108e-01 5.5260976858753830e-01 4.4627097093767726e-01 3.7494295776806950e+02 1.0177424805385299e+03
2.9425953379777958e-01 5.4356389847970843e-01 4.5688861999719665e-01 3.6485938967661667e+02 1.0068532624142911e+03
2.9835050412026010e-01 5.3464432703242204e-01 4.6740309476707748e-01 3.5502335544937637e+02 9.9605477183295807e+02
3.0248407948193534e-01 5.2585196939773893e-01 4.7780936872666668e-01 3.4543196654117668e+02 9.8534945187179301e+02
3.0666021025701518e-01 5.1718739589580920e-01 4.8810289826484099e-01 3.3608194761371857e+02 9.7473937961577212e+02
3.1087882998843241e-01 5.0865086050575437e-01 4.9827960453877368e-01 3.2696968784107099e+02 9.6422628927422784e+02
3.1513985674663070e-01 5.0024232793728041e-01 5.0833585458217734e-01 3.1809128830821976e+02 9.5381159453214491e+02
3.1944319445746561e-01 4.9196149926606325e-01 5.1826844185003973e-01 3.0944260563804272e+02 9.4349641008398169e+02
3.2378873419645321e-01 4.8380783613246009e-01 5.2807456637260786e-01 3.0101929200164631e+02 9.3328157231179455e+02
3.2817635544711160e-01 4.7578058351696090e-01 5.3775181467720945e-01 2.9281683168112539e+02 9.2316765908130060e+02
3.3260592732159144e-01 4.6787879111411917e-01 5.4729813962253226e-01 2.8483057436140297e+02 9.1315500863961131e+02
3.3707730974218353e-01 4.6010133333867653e-01 5.5671184027574960e-01 2.7705576533536623e+02 9.0324373760756282e+02
3.4159035458275633e-01 4.5244692800246583e-01 5.6599154194930601e-01 2.6948757280742200e+02 8.9343375806704535e+02
3.4614490676951615e-01 4.4491415370620679e-01 5.7513617650101823e-01 2.6212111248029333e+02 8.8372479374992474e+02
3.5074080534079988e-01 4.3750146599585954e-01 5.8414496298806717e-01 2.5495146960848575e+02 8.7411639534105655e+02
3.5537788446598473e-01 4.3020721233487280e-01 5.9301738875338605e-01 2.4797371869687805e+02 8.6460795491216300e+02
3.6005597442384474e-01 4.2302964594556208e-01 6.0175319101130365e-01 2.4118294101746457e+02 8.5519871950712434e+02
3.6477490254094502e-01 4.1596693857637712e-01 6.1035233898845709e-01 2.3457424011225555e+02 8.4588780390241720e+02
3.6953449409091821e-01 4.0901719224829725e-01 6.1881501666575645e-01 2.2814275544085700e+02 8.3667420256882895e+02
3.7433457315567376e-01 4.0217845003778901e-01 6.2714160615755210e-01 2.2188367432612930e+02 8.2755680086270490e+02
3.7917496344975304e-01 3.9544870595017856e-01 6.3533267175591235e-01 2.1579224234149294e+02 8.1853438547607720e+02
3.8405548910923548e-01 3.8882591393758570e-01 6.4338894465949537e-01 2.0986377227618976e+02 8.0960565417668022e+02
3.8897597544673157e-01 3.8230799611432054e-01 6.5131130839972973e-01 2.0409365180645742e+02 8.0076922486900264e+02
3.9393624967411900e-01 3.7589285022066332e-01 6.5910078497019842e-01 1.9847734999236104e+02 7.9202364400858096e+02
3.9893614159481428e-01 3.6957835638480341e-01 6.6675852165978822e-01 1.9301042271220209e+02 7.8336739440136648e+02
4.0397548426741103e-01 3.6336238322983350e-01 6.7428577858471206e-01 1.8768851713824756e+02 7.7479890242049783e+02
4.0905411464265495e-01 3.5724279337236581e-01 6.8168391691019481e-01 1.8250737535085062e+02 7.6631654467253543e+02
4.1417187417577328e-01 3.5121744835552837e-01 6.8895438774895812e-01 1.7746283717983761e+02 7.5791865414469612e+02
4.1932860941620753e-01 3.4528421305830459e-01 6.9609872172001919e-01 1.7255084235595291e+02 7.4960352586471720e+02
4.2452417257689135e-01 3.3944095962065035e-01 7.0311851914874901e-01 1.6776743204832343e+02 7.4136942210428390e+02
4.2975842208525178e-01 3.3368557092158019e-01 7.1001544088675284e-01 1.6310874985768626e+02 7.3321457715661279e+02
4.3503122311810988e-01 3.2801594364586256e-01 7.1679119972820649e-01 1.5857104232959512e+02 7.2513720171843499e+02
4.4034244812276113e-01 3.2242999097295372e-01 7.2344755239768577e-01 1.5415065904640181e+02 7.1713548690636082e+02
4.4569197732650578e-01 3.1692564491900282e-01 7.2998629208347066e-01 1.4984405235127599e+02 7.0920760793705347e+02
4.5107969923692048e-01 3.1150085836302305e-01 7.3640924148916798e-01 1.4564777675394711e+02 7.0135172750090408e+02
4.5650551113526394e-01 3.0615360678383557e-01 7.4271824637596751e-01 1.4155848806212603e+02 6.9356599885858384e+02
4.6196931956538456e-01 3.0088188973569263e-01 7.4891516956720239e-01 1.3757294228002868e+02 6.8584856869025202e+02
4.6747104082055202e-01 2.9568373208661186e-01 7.5500188538667190e-01 1.3368799431065352e+02 6.7819757972765410e+02
4.7301060143070761e-01 2.9055718504374328e-01 7.6098027450189498e-01 1.2990059649591075e+02 6.7061117319997220e+02
4.7858793865267435e-01 2.8550032698813421e-01 7.6685221914330015e-01 1.2620779702540790e+02 6.6308749112564021e+02
4.8420300096589841e-01 2.8051126413989869e-01 7.7261959867032892e-01 1.2260673824183485e+02 6.5562467848361064e+02
4.8985574857639314e-01 2.7558813107543179e-01 7.7828428545525108e-01 1.1909465486922575e+02 6.4822088529981772e+02
4.9554615393164392e-01 2.7072909111543347e-01 7.8384814105546108e-01 1.1566887218725404e+02 6.4087426868693137e+02
5.0127420224927433e-01 2.6593233660382454e-01 7.8931301264474008e-01 1.1232680417369929e+02 6.3358299487872716e+02
5.0703989206243638e-01 2.6119608909731662e-01 7.9468072967370118e-01 1.0906595163557378e+02 6.2634524130415616e+02
5.1284323578496149e-01 2.5651859948437211e-01 7.9995310072925274e-01 1.0588390034753205e+02 6.1915919875031989e+02
5.1868426029942594e-01 2.5189814805518307e-01 8.0513191056207689e-01 1.0277831921610161e+02 6.1202307366856496e+02
5.2456300757148489e-01 2.4733304454437111e-01 8.1021891725043493e-01 9.9746958486797951e+01 6.0493509068237449e+02
5.3047953529390290e-01 2.4282162817199540e-01 8.1521584946728154e-01 9.6787648011190910e+01 5.9789349536010616e+02
5.3643391756394621e-01 2.3836226771280353e-01 8.2012440381607066e-01 9.3898295590698169e+01 5.9089655731816856e+02
5.4242624559796648e-01 2.3395336163111638e-01 8.2494624219881252e-01 9.1076885414002646e+01 5.8394257371864910e+02
5.4845662848716259e-01 2.2959333833080536e-01 8.2968298917718764e-01 8.8321476605731775e+01 5.7702987321745843e+02
5.5452519399879363e-01 2.2528065658739610e-01 8.3433622928446416e-01 8.5630201904771965e+01 5.7015682039850788e+02
5.6063208942727805e-01 2.2101380625616224e-01 8.3890750424231408e-01 8.3001266491594322e+01 5.6332182068793338e+02
5.6677748249987370e-01 2.1679130939272520e-01 8.4339831003138721e-01 8.0432946986289792e+01 5.5652332566926816e+02
5.7296156234184659e-01 2.1261172198342745e-01 8.4781009375919447e-01 7.7923590640433048e+01 5.4975983859328539e+02
5.7918454050629542e-01 2.0847363657660081e-01 8.5214425026140683e-01 7.5471614749043866e+01 5.4302991967029482e+02
5.8544665207397717e-01 2.0437568624229363e-01 8.5640211836426738e-01 7.3075506311741293e+01 5.3633219040381368e+02
5.9174815682867310e-01 2.0031655048834171e-01 8.6058497672496848e-01 7.0733821975836463e+01 5.2966533571538150e+02
5.9808934051379503e-01 1.9629496405077965e-01 8.6469403915393694e-01 6.8445188298277571e+01 5.2302810183585336e+02
6.0447051617585634e-01 1.9230972988928183e-01 8.6873044930651355e-01 6.6208302367380384e+01 5.1641928678412455e+02
6.1089202560039091e-01 1.8835973830171046e-01 8.7269527461087015e-01 6.4021932829857249e+01 5.0983771856256504e+02
6.1735424084541457e-01 1.8444399488067673e-01 8.7658949927292718e-01 6.1884921372327739e+01 5.0328221376111964e+02
6.2385756587667207e-01 1.8056166114158273e-01 8.8041401616515635e-01 5.9796184709231760e+01 4.9675150581117100e+02
6.3040243830741538e-01 1.7671211313985233e-01 8.8416961736252764e-01 5.7754717129809443e+01 4.9024412732902118e+02
6.3698933124283241e-01 1.7289502535980134e-01 8.8785698303289040e-01 5.5759593654037602e+01 4.8375822443126708e+02
6.4361875522506373e-01 1.6911048970007170e-01 8.9147666831675332e-01 5.3809973839934003e+01 4.7729127213252212e+02
6.5029126026818740e-01 1.6535918260027249e-01 8.9502908774152568e-01 5.1905106270938376e+01 4.7083964846763376e+02
6.5700743796262473e-01 1.6164259733010916e-01 8.9851449660524596e-01 5.0044333731122542e+01 4.6439801040428580e+02
6.6376792361360937e-01 1.5796336323888494e-01 9.0193296863802641e-01 4.8227099047614537e+01 4.5795839673293386e+02
6.7057339835722507e-01 1.5432567931686061e-01 9.0528436911267351e-01 4.6452951546281106e+01 4.5150896226645625e+02
6.7742459116806086e-01 1.5073589562578474e-01 9.0856832244757879e-01 4.4721554032554323e+01 4.4503222520645863e+02
6.8432228063296319e-01 1.4720328275715483e-01 9.1178417325317784e-01 4.3032690184863625e+01 4.3850268871913465e+02
6.9126729631445871e-01 1.4374103603303051e-01 9.1493093976553652e-01 4.1386272244761230e+01 4.3188368527465252e+02
6.9826051946506462e-01 1.4036756703969358e-01 9.1800725874829281e-01 3.9782348924196626e+01 4.2512330052297813e+02
7.0530288278207554e-01 1.3710813941641414e-01 9.2101132130577801e-01 3.8221113542564304e+01 4.1814928390008396e+02
7.1239536881723575e-01 1.3399690754541155e-01 9.2394079972128706e-01 3.6702912565302555e+01 4.1086298076913380e+02
7.1953900658787617e-01 1.3107941469124576e-01 9.2679276649338149e-01 3.5228254938417720e+01 4.0313257830831384e+02
7.2673486589292036e-01 1.2841559995433011e-01 9.2956360824334550e-01 3.3797822866959230e+01 3.9478641472273381e+02
7.3398404884445068e-01 1.2608334997097154e-01 9.3224893911318940e-01 3.2412484898054366e+01 3.8560783290002325e+02
7.4128767821834485e-01 1.2418261071771089e-01 9.3484352060626930e-01 3.1073312220208045e+01 3.7533409920222078e+02
7.4864688245205069e-01 1.2284004655644247e-01 9.3734119741445276e-01 2.9781598811924933e+01 3.6366314951990307e+02
7.5606277753310414e-01 1.2221419766486405e-01 9.3973486145255114e-01 2.8538885273401931e+01 3.5027295296322239e+02
7.6353644670632392e-01 1.2250104314342754e-01 9.4201645890176322e-01 2.7346984687159498e+01 3.3485818551529684e+02
7.7106891998840066e-01 1.2393982447945719e-01 9.4417705741591873e-01 2.6208006612835621e+01 3.1718626425656532e+02
7.7866115707523054e-01 1.2681891944888726e-01 9.4620699269581032e-01 2.5124372471270750e+01 2.9716826850977230e+02
7.8631403961114721e-01 1.3148147222083409e-01 9.4809611531766091e-01 2.4098812572727368e+01 2.7493013463050602e+02
7.9402838236434592e-01 1.3833036697592457e-01 9.4983415973093110e-01 2.3134332744092863e+01 2.5085958979765331e+02
8.0180497825897512e-01 1.4783195805668983e-01 9.5141125686073824e-01 2.2234138137224324e+01 2.2560214749402925e+02
8.0964470038578451e-01 1.6051771482677019e-01 9.5281860788216410e-01 2.1401504773445780e+01 1.9999198963686496e+02
8.1754869609055203e-01 1.7698259013656453e-01 9.5404932627176642e-01 2.0639596890372541e+01 1.7492904421655092e+02
8.2551872374705471e-01 1.9787850186055336e-01 9.5509943389835228e-01 1.9951240500439848e+01 1.5123856542915146e+02
8.3355769486946241e-01 2.2390092738904313e-01 9.5596896058238434e-01 1.9338679332782551e+01 1.2955738655235854e+02
8.4167047519193972e-01 2.5576645185471997e-01 9.5666304397564916e-01 1.8803354727906559e+01 1.1027651158831733e+02
8.4986516483896701e-01 2.9417945595917133e-01 9.5719286399148185e-01 1.8345759512980610e+01 9.3543715280003028e+01
8.5815839529152005e-01 3.3978753997004829e-01 9.5757620148636657e-01 1.7965405505792738e+01 7.9308700551716910e+01
8.6643268159783027e-01 3.9313281565920555e-01 9.5783750158384606e-01 1.7660898108882989e+01 6.7385234984527457e+01
8.7409763508206650e-01 4.5434765759925200e-01 9.5800244184829086e-01 1.7430618493072991e+01 5.7546082393740356e+01
8.7985629505401941e-01 5.2250444647304228e-01 9.5809194443404833e-01 1.7269259968209489e+01 4.9576400980255954e+01
8.8341260503745134e-01 5.9501966251963501e-01 9.5811707487586517e-01 1.7160443110604607e+01 4.3260191700064183e+01
8.8567262206916642e-01 6.7021998368668123e-01 9.5810005635647355e-01 1.7085829569341655e+01 3.8239301987142134e+01
8.8717648562912244e-01 7.4711932641607204e-01 9.5805913537945409e-01 1.7032148127233647e+01 3.4195638216729272e+01
8.8820544318471795e-01 8.2509494646956860e-01 9.5800565823140804e-01 1.6990751363476331e+01 3.0888720327599874e+01
8.8894381690800739e-01 9.0375856494563767e-01 9.5794594570148239e-01 1.6956337274613698e+01 2.8143031666261958e+01
8.8951116869677094e-01 9.8287966230868651e-01 9.5788343051417890e-01 1.6925889100198841e+01 2.5831070296705921e+01
8.8997291130253542e-01 1.0623151845932617e+00 9.5781990039914866e-01 1.6897722165087949e+01 2.3859758022132194e+01
8.9036427485884928e-01 1.1419694493160146e+00 9.5775621747080109e-01 1.6870881291828624e+01 2.2160244263014405e+01
8.9070582387212838e-01 1.2217740271810991e+00 9.5769273914110542e-01 1.6844810839218006e+01 2.0680760678080564e+01
8.9101049846815594e-01 1.3016772821188327e+00 9.5762956409960087e-01 1.6819181039878590e+01 1.9381740702081867e+01
8.9128668156534530e-01 1.3816382307324706e+00 9.5756666159526416e-01 1.6793788359562352e+01 1.8232473580286477e+01
8.9154013968657586e-01 1.4616229566900882e+00 9.5750394001204175e-01 1.6768500438186599e+01 1.7208781883283663e+01
8.9177500293803913e-01 1.5416024265096544e+00 9.5744128436359788e-01 1.6743226673340956e+01 1.6291385884020691e+01
8.9199433391765637e-01 1.6215510930290116e+00 9.5737857282579630e-01 1.6717900198485850e+01 1.5464730285424388e+01
8.9220050431458719e-01 1.7014459675097682e+00 9.5731568653128385e-01 1.6692469083911753e+01 1.4716132104103316e+01
8.9239538475712477e-01 1.7812659915465192e+00 9.5725251246719656e-01 1.6666890370986476e+01 1.4035150098371375e+01
8.9258049019410157e-01 1.8609915733528857e+00 9.5718894526495402e-01 1.6641127287955236e+01 1.3413113358143914e+01
8.9275706498624485e-01 1.9406042655189222e+00 9.5712488659808548e-01 1.6615147034726128e+01 1.2842762944986518e+01
8.9292615500484307e-01 2.0200864994590759e+00 9.5706024510491405e-01 1.6588919939702638e+01 1.2317977431271901e+01
8.9308864032628177e-01 2.0994213947890370e+00 9.5699493540837355e-01 1.6562418603379001e+01 1.1833559459159909e+01
8.9324527507609364e-01 2.1785926005512488e+00 9.5692887743635902e-01 1.6535617489979160e+01 1.1385068612044643e+01
8.9339670336165633e-01 2.2575841681250006e+00 9.5686199574802300e-01 1.6508492632853788e+01 1.0968689140767214e+01
8.9354348282159879e-01 2.3363804601355067e+00 9.5679421862660263e-01 1.6481021269645371e+01 1.0581124233094400e+01
8.9368609661138421e-01 2.4149660571233764e+00 9.5672547776301753e-01 1.6453181812422127e+01 1.0219511220804021e+01
8.9382496512498022e-01 2.4933257073523580e+00 9.5665570735873817e-01 1.6424953502158669e+01 9.8813525166755234e+00
8.9396046034067322e-01 2.5714442585994468e+00 9.5658484395869992e-01 1.6396316447728726e+01 9.5644595792205198e+00
8.9409290706967459e-01 2.6493066197881188e+00 9.5651282591076647e-01 1.6367251445598530e+01 9.2669066634353090e+00
8.9422259449169517e-01 2.7268977245678712e+00 9.5643959299613257e-01 1.6337739885311727e+01 8.9869926573249561e+00
8.9434977737876742e-01 2.8042024942684103e+00 9.5636508624271321e-01 1.6307763733856788e+01 8.7232094154338125e+00
8.9447468280601439e-01 2.8812058252083155e+00 9.5628924740457633e-01 1.6277305344730099e+01 8.4742151371049079e+00
8.9459751559598488e-01 2.9578925539635352e+00 9.5621201897029584e-01 1.6246347526790064e+01 8.2388122102441717e+00
8.9471845748517986e-01 3.0342474479159800e+00 9.5613334379954729e-01 1.6214873416110429e+01 8.0159283452214787e+00
8.9483767383237034e-01 3.1102551895646022e+00 9.5605316494549852e-01 1.6182866440422885e+01 7.8046006456571266e+00
8.9495531265255313e-01 3.1859003590729102e+00 9.5597142557948656e-01 1.6150310325715225e+01 7.6039620698063484e+00
8.9507150798532797e-01 3.2611674352899591e+00 9.5588806863402231e-01 1.6117188965753385e+01 7.4132297492663222e+00
8.9518638306405618e-01 3.3360407766622577e+00 9.5580303684957768e-01 1.6083486484273440e+01 7.2316950965292737e+00
8.9530004858529399e-01 3.4105046201326457e+00 9.5571627254729863e-01 1.6049187160882258e+01 7.0587151822673908e+00
8.9541260694486358e-01 3.4845430775661184e+00 9.5562771747089881e-01 1.6014275392713913e+01 6.8937053020590948e+00
8.9552415142970399e-01 3.5581401247349405e+00 9.5553731279526988e-01 1.5978735730607106e+01 6.7361325736703890e+00
8.9563476713438694e-01 3.6312796083546308e+00 9.5544499883538470e-01 1.5942552776745728e+01 6.5855102730450952e+00
8.9574453394912967e-01 3.7039452369658954e+00 9.5535071506066049e-01 1.5905711224698663e+01 6.4413929771250755e+00
8.9585352447319810e-01 3.7761205798401560e+00 9.5525439999274819e-01 1.5868195842528580e+01 6.3033722733505577e+00
8.9596180642432177e-01 3.8477890725045003e+00 9.5515599099079296e-01 1.5829991408501968e+01 6.1710729630243204e+00
8.9606944321798243e-01 3.9189340084024473e+00 9.5505542430728974e-01 1.5791082767769645e+01 6.0441497868728620e+00
8.9617649274202182e-01 3.9895385456106043e+00 9.5495263488159765e-01 1.5751454771645969e+01 5.9222844665742613e+00
8.9628301011718148e-01 4.0595857080997151e+00 9.5484755623477868e-01 1.5711092265325336e+01 5.8051831128894928e+00
8.9638904666718089e-01 4.1290583816562956e+00 9.5474012048772883e-01 1.5669980128359041e+01 5.6925739526865140e+00
8.9649464990317163e-01 4.1979393233794529e+00 9.5463025811834612e-01 1.5628103203032589e+01 5.5842052489880496e+00
8.9659986565073080e-01 4.2662111602024373e+00 9.5451789793653130e-01 1.5585446319878825e+01 5.4798434962391571e+00
8.9670473645055693e-01 4.3338563896474236e+00 9.5440296703484928e-01 1.5541994311534973e+01 5.3792718012049914e+00
8.9680930240154355e-01 4.4008573889871148e+00 9.5428539055824046e-01 1.5497731952481539e+01 5.2822883983688138e+00
8.9691360228527395e-01 4.4671964134364952e+00 9.5416509171306207e-01 1.5452644002184458e+01 5.1887053664259462e+00
8.9701767203732552e-01 4.5328556011502963e+00 9.5404199164055348e-01 1.5406715190934079e+01 5.0983474480273552e+00
8.9712154618475015e-01 4.5978169812052867e+00 9.5391600921045072e-01 1.5359930176657716e+01 5.0110509746620702e+00
8.9722525830473443e-01 4.6620624723934885e+00 9.5378706103887878e-01 1.5312273595727715e+01 4.9266629371870385e+00
8.9732883974586986e-01 4.7255738901776425e+00 9.5365506131970246e-01 1.5263730037607885e+01 4.8450401133292074e+00
8.9743232102231452e-01 4.7883329536110040e+00 9.5351992164494859e-01 1.5214284019757498e+01 4.7660482783316116e+00
8.9753573169095302e-01 4.8503212859768894e+00 9.5338155099486399e-01 1.5163920031532376e+01 4.6895615168959628e+00
8.9763909951573406e-01 4.9115204235699643e+00 9.5323985551826218e-01 1.5112622496979711e+01 4.6154615659711595e+00
8.9774245193295399e-01 4.9719118216321876e+00 9.5309473836869207e-01 1.5060375763693603e+01 4.5436372276860562e+00
8.9784581565656696e-01 5.0314768563678438e+00 9.5294609967426325e-01 1.5007164145526355e+01 4.4739838542236168e+00
8.9794921602313504e-01 5.0901968339935770e+00 9.5279383629304004e-01 1.4952971884580966e+01 4.4064028481338982e+00
8.9805267826164625e-01 5.1480529966298203e+00 9.5263784164597765e-01 1.4897783147515165e+01 4.3408012186164404e+00
8.9815622699749054e-01 5.2050265259303830e+00 9.5247800565036445e-01 1.4841582062429241e+01 4.2770911892066730e+00
8.9825988580858007e-01 5.2610985521512017e+00 9.5231421444640618e-01 1.4784352680378575e+01 4.2151898126865799e+00
8.9836367835026243e-01 5.3162501601833405e+00 9.5214635021761096e-01 1.4726078977299228e+01 4.1550186316264428e+00
8.9846762781039735e-01 5.3704623943538428e+00 9.5197429108790099e-01 1.4666744887100670e+01 4.0965033762792018e+00
8.9857175656606936e-01 5.4237162673868093e+00 9.5179791081574217e-01 1.4606334263608419e+01 4.0395736641232531e+00
8.9867608722587855e-01 5.4759927667491830e+00 9.5161707858573885e-01 1.4544830883973262e+01 3.9841627363784253e+00
8.9878064214838949e-01 5.5272728602107000e+00 9.5143165887334791e-01 1.4482218481797222e+01 3.9302072237243846e+00
8.9888544309933049e-01 5.5775375044938960e+00 9.5124151111144639e-01 1.4418480713602445e+01 3.8776469101243918e+00
8.9899051211436187e-01 5.6267676520297272e+00 9.5104648944058079e-01 1.4353601161436362e+01 3.8264245253467939e+00
8.9909587106227029e-01 5.6749442573530633e+00 9.5084644252129136e-01 1.4287563361651840e+01 3.7764855601372687e+00
8.9920154137044639e-01 5.7220482854551280e+00 9.5064121315159844e-01 1.4220350771402579e+01 3.7277780775328164e+00
8.9930754487273235e-01 5.7680607186118307e+00 9.5043063796515592e-01 1.4151946770194275e+01 3.6802525477575458e+00
8.9941390346175942e-01 5.8129625632700073e+00 9.5021454720246079e-01 1.4082334692050894e+01 3.6338617027310742e+00
8.9952063872701693e-01 5.8567348578393368e+00 9.4999276428482715e-01 1.4011497796905811e+01 3.5885603848408438e+00
8.9962777268145944e-01 5.8993586797231430e+00 9.4976510543723935e-01 1.3939419267252623e+01 3.5443054128487401e+00
8.9973532753512919e-01 5.9408151525309840e+00 9.4953137939311094e-01 1.3866082238745879e+01 3.5010554653022155e+00
8.9984332533079447e-01 5.9810854534038187e+00 9.4929138690597215e-01 1.3791469775174754e+01 3.4587709578683747e+00
8.9995178859622404e-01 6.0201508196729598e+00 9.4904492028549015e-01 1.3715564861240937e+01 3.4174139333238558e+00
9.0006074021302718e-01 6.0579925563422510e+00 9.4879176302420010e-01 1.3638350433486163e+01 3.3769479674932570e+00
9.0017020301359474e-01 6.0945920426936242e+00 9.4853168923189024e-01 1.3559809359026914e+01 3.3373380689072070e+00
9.0028020036642853e-01 6.1299307382667729e+00 9.4826446305798129e-01 1.3479924422506592e+01 3.2985505868010874e+00
9.0039075619111841e-01 6.1639901903621430e+00 9.4798983822042715e-01 1.3398678357590972e+01 3.2605531345282155e+00
9.0050189452458529e-01 6.1967520398981746e+00 9.4770755735410595e-01 1.3316053833334861e+01 3.2233145075675003e+00
9.0061363996493027e-01 6.2281980265490997e+00 9.4741735129796989e-01 1.3232033436726907e+01 3.1868046055188941e+00
9.0072601776793348e-01 6.2583099956235806e+00 9.4711893848531570e-01 1.3146599699823316e+01 3.1509943680522450e+00
9.0083905344229032e-01 6.2870699030786579e+00 9.4681202416031751e-01 1.3059735089236289e+01 3.1158557063699543e+00
9.0095277314093591e-01 6.3144598189086185e+00 9.4649629949617875e-01 1.2971421983931450e+01 3.0813614361172883e+00
9.0106720387532424e-01 6.3404619332760666e+00 9.4617144081885862e-01 1.2881642701278837e+01 3.0474852235150141e+00
9.0118237310725713e-01 6.3650585605602457e+00 9.4583710867520965e-01 1.2790379495216571e+01 3.0142015285930315e+00
9.0129830899631291e-01 6.3882321409128204e+00 9.4549294673956530e-01 1.2697614530184481e+01 2.9814855464152181e+00
9.0141504070116629e-01 6.4099652444801780e+00 9.4513858080559876e-01 1.2603329900275828e+01 2.9493131599572124e+00
9.0153259804188646e-01 6.4302405743783817e+00 9.4477361764428025e-01 1.2507507633673526e+01 2.9176608920769591e+00
9.0165101164853922e-01 6.4490409655242695e+00 9.4439764364916057e-01 1.2410129664565886e+01 2.8865058535622934e+00
9.0177031330714108e-01 6.4663493866142732e+00 9.4401022353232233e-01 1.2311177846588150e+01 2.8558257009912773e+00
9.0189053568561695e-01 6.4821489411360416e+00 9.4361089889738492e-01 1.2210633961350142e+01 2.8255985952114226e+00
9.0201171239687561e-01 6.4964228630357335e+00 9.4319918654333357e-01 1.2108479688791384e+01 2.7958031544608786e+00
9.0213387840681381e-01 6.5091545150241252e+00 9.4277457676790588e-01 1.2004696612565448e+01 2.7664184153694853e+00
9.0225706986682108e-01 6.5203273875028112e+00 9.4233653156938646e-01 1.1899266235450854e+01 2.7374237967538839e+00
9.0238132407132143e-01 6.5299250906685735e+00 9.4188448252109336e-01 1.1792169952693262e+01 2.7087990571770648e+00
9.0250667984035093e-01 6.5379313481781498e+00 9.4141782855554845e-01 1.1683389048487621e+01 2.6805242575107404e+00
9.0263317745542504e-01 6.5443299919688913e+00 9.4093593363331662e-01 1.1572904710435120e+01 2.6525797273297393e+00
9.0276085859693056e-01 6.5491049497172442e+00 9.4043812402758276e-01 1.1460698004094473e+01 2.6249460251639309e+00
9.0288976673734589e-01 6.5522402322920925e+00 9.3992368542383664e-01 1.1346749861940530e+01 2.5976039017966297e+00
9.0301994718134870e-01 6.5537199237350201e+00 9.3939185987579055e-01 1.1231041099455320e+01 2.5705342683582333e+00
9.0315144696010230e-01 6.5535281632011371e+00 9.3884184230419077e-01 1.1113552394131554e+01 2.5437181585337902e+00
9.0328431519371521e-01 6.5516491241885992e+00 9.3827277666048803e-01 1.0994264264821696e+01 2.5171366910273831e+00
9.0341860325943912e-01 6.5480669972759680e+00 9.3768375188128017e-01 1.0873157085109103e+01 2.4907710373837948e+00
9.0355436470106198e-01 6.5427659651329879e+00 9.3707379730340601e-01 1.0750211068057133e+01 2.4646023849880949e+00
9.0369165554431197e-01 6.5357301717605116e+00 9.3644187755619512e-01 1.0625406238933696e+01 2.4386118979124465e+00
9.0383053454980766e-01 6.5269436950417887e+00 9.3578688710589619e-01 1.0498722442489619e+01 2.4127806825877025e+00
9.0397106317379106e-01 6.5163905115409859e+00 9.3510764411986946e-01 1.0370139328701267e+01 2.3870897493792813e+00
9.0411330588494310e-01 6.5040544527087940e+00 9.3440288357201340e-01 1.0239636318768241e+01 2.3615199703248932e+00
9.0425733053371093e-01 6.4899191639480156e+00 9.3367124979197780e-01 1.0107192606364924e+01 2.3360520411050261e+00
9.0440320838277177e-01 6.4739680567471840e+00 9.3291128813873903e-01 9.9727871488062956e+00 2.3106664401315586e+00
9.0455101439054564e-01 6.4561842484946474e+00 9.3212143556488258e-01 9.8363986285518301e+00 2.2853433816217361e+00
9.0470082766879556e-01 6.4365505024047573e+00 9.3130001026355091e-01 9.6980054432628826e+00 2.2600627711162087e+00
9.0485273163992597e-01 6.4150491609306712e+00 9.3044520010595400e-01 9.5575856961003804e+00 2.2348041588617695e+00
9.0500681435937436e-01 6.3916620636675132e+00 9.2955504949239443e-01 9.4151171534193363e+00 2.2095466858936943e+00
9.0516316906930849e-01 6.3663704619023518e+00 9.2862744473609282e-01 9.2705772246968188e+00 2.1842690305662762e+00
9.0532189449632483e-01 6.3391549258017088e+00 9.2766009767179280e-01 9.1239429498004636e+00 2.1589493528539760e+00
9.0548309525001280e-01 6.3099952318766404e+00 9.2665052693626648e-01 8.9751909511817551e+00 2.1335652297741432e+00
9.0564688252089964e-01 6.2788702420003011e+00 9.2559603690230363e-01 8.8242974006759969e+00 2.1080935886321441e+00
9.0581337458969524e-01 6.2457577738201140e+00 9.2449369392252312e-01 8.6712380034515810e+00 2.0825106378119980e+00
9.0598269734824377e-01 6.2106344466014152e+00 9.2334029907560755e-01 8.5159879478262912e+00 2.0567917869855656e+00
9.0615498514961856e-01 6.1734755102135317e+00 9.2213235710473018e-01 8.3585218572855684e+00 2.0309115611110098e+00
9.0633038158040302e-01 6.1342546602932817e+00 9.2086604105365455e-01 8.1988137625173394e+00 2.0048435099021504e+00
9.0650904023518020e-01 6.0929438219636696e+00 9.1953715144185277e-01 8.0368370421963782e+00 1.9785601042041658e+00
9.0669112584677403e-01 6.0495129064261715e+00 9.1814106922568317e-01 7.8725643596408066e+00 1.9520326218193722e+00
9.0687681542764709e-01 6.0039295449875381e+00 9.1667270165386761e-01 7.7059676221264919e+00 1.9252310252107945e+00
9.0706629941335559e-01 5.9561587803829861e+00 9.1512641922863436e-01 7.5370179117928569e+00 1.8981238218371219e+00
9.0725978321081702e-01 5.9061627136266051e+00 9.1349598217268879e-01 7.3656854017348774e+00 1.8706779068431902e+00
9.0745748890784228e-01 5.8539001126333243e+00 9.1177445470086049e-01 7.1919392960321193e+00 1.8428583912401837e+00
9.0765965703130647e-01 5.7993259599492255e+00 9.0995410415270594e-01 7.0157477479754613e+00 1.8146284058941444e+00
9.0786654876422423e-01 5.7423909287820534e+00 9.0802628174885047e-01 6.8370777538827117e+00 1.7859488770471530e+00
9.0807844850732722e-01 5.6830407906208640e+00 9.0598128145619439e-01 6.6558950661289238e+00 1.7567782754032746e+00
9.0829566665421835e-01 5.6212157270719887e+00 9.0380817161055371e-01 6.4721640868533825e+00 1.7270723277039146e+00
9.0851854299007195e-01 5.5568495246564860e+00 9.0149459282485378e-01 6.2858477329050775e+00 1.6967836824662772e+00
9.0874745069961005e-01 5.4898686471120381e+00 8.9902651464669936e-01 6.0969073177074637e+00 1.6658615286491671e+00
9.0898280086384742e-01 5.4201911466606365e+00 8.9638794026467206e-01 5.9053024185374570e+00 1.6342511524272614e+00
9.0922504789955849e-01 5.3477253712613262e+00 8.9356054546563013e-01 5.7109907077648066e+00 1.6018934157844944e+00
9.0947469611138099e-01 5.2723684417855123e+00 8.9052323481601559e-01 5.5139277955754844e+00 1.5687241482998957e+00
9.0973230732699328e-01 5.1940044356743265e+00 8.8725159156247924e-01 5.3140670655802928e+00 1.5346734291603599e+00
9.0999851016535394e-01 5.1125021922196696e+00 8.8371718961799439e-01 5.1113594751919686e+00 1.4996647286441929e+00
9.1027401137892672e-01 5.0277126615312548e+00 8.7988672622200381e-01 4.9057533673137117e+00 1.4636138829639085e+00
9.1055960954631687e-01 4.9394656666010697e+00 8.7572091766368532e-01 4.6971942860107081e+00 1.4264278577047769e+00
9.1085621202439426e-01 4.8475658963801109e+00 8.7117307781800590e-01 4.4856247734863919e+00 1.3880032379248324e+00
9.1116485616770893e-01 4.7517879198519024e+00 8.6618726839409899e-01 4.2709842061942300e+00 1.3482243772973379e+00
9.1148673584621409e-01 4.6518699046698568e+00 8.6069586132759990e-01 4.0532086880592866e+00 1.3069611052505161e+00
9.1182323522080488e-01 4.5475055838403726e+00 8.5461628078918106e-01 3.8322310024403401e+00 1.2640658483383380e+00
9.1217597241935344e-01 4.4383338625324029e+00 8.4784658302842342e-01 3.6079807258310295e+00 1.2193699835051632e+00
9.1254685649380551e-01 4.3239251607433404e+00 8.4025935719883993e-01 3.3803846160470012e+00 1.1726791596917467e+00
9.1293816308350983e-01 4.2037631243681437e+00 8.3169314693677010e-01 3.1493674138605496e+00 1.1237672012028230e+00
9.1335263688105983e-01 4.0772196657704081e+00 8.2194012670088434e-01 2.9148533927601372e+00 1.0723680467468863e+00
9.1379363293617399e-01 3.9435201141717702e+00 8.1072796593416174e-01 2.6767691873134800e+00 1.0181649046345727e+00
9.1426531631298136e-01 3.8016932296222965e+00 7.9769239168888673e-01 2.4350487966132639e+00 9.6077536358260651e-01
9.1477295207193443e-01 3.6504973244237231e+00 7.8233433946591935e-01 2.1896425519853957e+00 8.9973051233412071e-01
9.1532333964391932e-01 3.4883071376920922e+00 7.6395050539411635e-01 1.9405335173167046e+00 8.3444495025196619e-01
9.1592548858969236e-01 3.3129330835634021e+00 7.4151574376779517e-01 1.6877683848879383e+00 7.6417256656716193e-01
9.1659171865259004e-01 3.1213169802684546e+00 7.1347324496394460e-01 1.4315183110147189e+00 6.8793957169239428e-01
9.1733955145784796e-01 2.9089850803433048e+00 6.7733593007956017e-01 1.1722059468080637e+00 6.0444068004796636e-01
9.1819519045308073e-01 2.6689828062891170e+00 6.2886982974779915e-01 9.1079481256721129e-01 5.1187748966818347e-01
9.1920044009163060e-01 2.3896097014322666e+00 5.6026846767568006e-01 6.4954402951877510e-01 4.0773020116807535e-01
9.2042657882768908e-01 2.0493571558121193e+00 4.5578852213447180e-01 3.9445500221029223e-01 2.8871614771363086e-01
9.2198468928134458e-01 1.6204867656707429e+00 2.8874083363556791e-01 1.6943678458488898e-01 1.5683878588921085e-01
9.2396173669701753e-01 1.2106546569358747e+00 9.3345140462844450e-02 3.9747326990139775e-02 4.9246901371616851e-02
9.2628233072531196e-01 1.0323690266172412e+00 9.9386858965199148e-03 1.1767977440286216e-02 1.7098504222147617e-02
9.2875227914148484e-01 1.0024903741698479e+00 4.8160447488523981e-04 1.0064659495512966e-02 1.5059485489594961e-02
9.3125009914759427e-01 1.0001267314710491e+00 1.9011765313336932e-05 1.0002487538615405e-02 1.5001830103925607e-02
9.3375000387857032e-01 1.0000054334647772e+00 7.3885387850125918e-07 1.0000096573951700e-02 1.5000063358611634e-02
9.3625000015066162e-01 1.0000002192408501e+00 2.8693650321432390e-08 1.0000003750357866e-02 1.5000002336923534e-02
9.3875000000584974e-01 1.0000000086453558e+00 1.1141960287230778e-09 1.0000000145631571e-02 1.5000000088767019e-02
9.4125000000022641e-01 1.0000000003376570e+00 4.3261770289808345e-11 1.0000000005652043e-02 1.5000000003413208e-02
9.4375000000000830e-01 1.0000000000131979e+00 1.6781994021586848e-12 1.0000000000220388e-02 1.5000000000132612e-02
9.4625000000000004e-01 1.0000000000002469e+00 6.4213131957938760e-14 1.0000000000005893e-02 1.5000000000005136e-02
9.4874999999999998e-01 1.0000000000000011e+00 1.8601658140644488e-15 1.0000000000000842e-02 1.5000000000001245e-02
9.5125000000000004e-01 1.0000000000000000e+00 9.4275694236940454e-17 9.9999999999999534e-03 1.4999999999999928e-02
9.5375000000000010e-01 1.0000000000000000e+00 8.0255610405401619e-19 9.9999999999999534e-03 1.4999999999999928e-02
9.5625000000000004e-01 1.0000000000000000e+00 0.0000000000000000e+00 9.9999999999999534e-03 1.4999999999999928e-02
9.5874999999999999e-01 1.0000000000000000e+00 0.0000000000000000e+00 9.9999999999999534e-03 1.4999999999999928e-02
9.6124999999999994e-01 1.0000000000000000e+00 0.0000000000000000e+00 9.9999999999999534e-03 1.4999999999999928e-02
9.6375000000000000e-01 1.0000000000000000e+00 0.0000000000000000e+00 9.9999999999999534e-03 1.4999999999999928e-02
9.6625000000000005e-01 1.0000000000000000e+00 0.0000000000000000e+00 9.9999999999999534e-03 1.4999999999999928e-02
9.6875000000000000e-01 1.0000000000000000e+00 0.0000000000000000e+00 9.9999999999999534e-03 1.4999999999999928e-02
9.7124999999999995e-01 1.0000000000000000e+00 0.0000000000000000e+00 9.9999999999999534e-03 1.4999999999999928e-02
9.7375000000000000e-01 1.0000000000000000e+00 0.0000000000000000e+00 9.9999999999999534e-03 1.4999999999999928e-02
9.7625000000000006e-01 1.0000000000000000e+00 0.0000000000000000e+00 9.9999999999999534e-03 1.4999999999999928e-02
9.7875000000000001e-01 1.0000000000000000e+00 0.0000000000000000e+00 9.9999999999999534e-03 1.4999999999999928e-02
9.8124999999999996e-01 1.0000000000000000e+00 0.0000000000000000e+00 9.9999999999999534e-03 1.4999999999999928e-02
9.8375000000000001e-01 1.0000000000000000e+00 0.0000000000000000e+00 9.9999999999999534e-03 1.4999999999999928e-02
9.8625000000000007e-01 1.0000000000000000e+00 0.0000000000000000e+00 9.9999999999999534e-03 1.4999999999999928e-02
9.8875000000000002e-01 1.0000000000000000e+00 0.0000000000000000e+00 9.9999999999999534e-03 1.4999999999999928e-02
9.9124999999999996e-01 1.0000000000000000e+00 0.0000000000000000e+00 9.9999999999999534e-03 1.4999999999999928e-02
9.9375000000000002e-01 1.0000000000000000e+00 0.0000000000000000e+00 9.9999999999999534e-03 1.4999999999999928e-02
9.9625000000000008e-01 1.0000000000000000e+00 0.0000000000000000e+00 9.9999999999999534e-03 1.4999999999999928e-02
9.9875000000000003e-01 1.0000000000000000e+00 0.0000000000000000e+00 9.9999999999999534e-03 1.4999999999999928e-02
