1.2500000000000000e-03 1.0000000000000000e+00 4.5522105663784873e-18 1.0000000000000000e+03 1.4999999999999998e+03
3.7499999999999999e-03 1.0000000000000000e+00 8.7633388553242131e-18 1.0000000000000000e+03 1.4999999999999998e+03
6.2500000000000003e-03 1.0000000000000000e+00 8.4310672040887614e-18 1.0000000000000000e+03 1.4999999999999998e+03
8.7500000000000008e-03 1.0000000000000000e+00 8.4488906835968083e-18 1.0000000000000000e+03 1.4999999999999998e+03
1.1250000000000000e-02 1.0000000000000000e+00 8.4671671257760873e-18 1.0000000000000000e+03 1.4999999999999998e+03
1.3750000000000000e-02 1.0000000000000000e+00 8.4859429880773545e-18 1.0000000000000000e+03 1.4999999999999998e+03
1.6250000000000001e-02 1.0000000000000000e+00 8.5052251698861727e-18 1.0000000000000000e+03 1.4999999999999998e+03
1.8750000000000003e-02 1.0000000000000000e+00 8.5250136528332732e-18 1.0000000000000000e+03 1.4999999999999998e+03
2.1249999999999998e-02 1.0000000000000000e+00 8.5452708374641797e-18 1.0000000000000000e+03 1.4999999999999998e+03
2.3750000000000000e-02 1.0000000000000000e+00 8.5659450535454573e-18 1.0000000000000000e+03 1.4999999999999998e+03
2.6250000000000002e-02 1.0000000000000000e+00 8.5870427942472260e-18 1.0000000000000000e+03 1.4999999999999998e+03
2.8749999999999998e-02 1.0000000000000000e+00 8.6086136464741962e-18 1.0000000000000000e+03 1.4999999999999998e+03
3.1250000000000000e-02 1.0000000000000000e+00 8.6306551916667934e-18 1.0000000000000000e+03 1.4999999999999998e+03
3.3750000000000002e-02 1.0000000000000000e+00 8.6530887681988234e-18 1.0000000000000000e+03 1.4999999999999998e+03
3.6250000000000004e-02 1.0000000000000000e+00 8.6758328138363288e-18 1.0000000000000000e+03 1.4999999999999998e+03
3.8750000000000000e-02 1.0000000000000000e+00 8.6988959976354245e-18 1.0000000000000000e+03 1.4999999999999998e+03
4.1250000000000002e-02 1.0000000000000000e+00 8.7223348865402808e-18 1.0000000000000000e+03 1.4999999999999998e+03
4.3749999999999997e-02 1.0000000000000000e+00 8.7461962366761852e-18 1.0000000000000000e+03 1.4999999999999998e+03
4.6249999999999999e-02 1.0000000000000000e+00 3.7760091558588265e-17 1.0000000000000000e+03 1.4999999999999998e+03
4.8750000000000002e-02 1.0000000000000000e+00 3.9717381370798108e-16 1.0000000000000000e+03 1.4999999999999998e+03
5.1250000000000004e-02 1.0000000000000000e+00 4.4129662227764838e-15 9.9999999999999943e+02 1.4999999999999991e+03
5.3749999999999999e-02 9.9999999999998590e-01 3.4193055003547977e-14 9.9999999999995748e+02 1.4999999999999573e+03
5.6250000000000189e-02 9.9999999999980416e-01 1.5265237275607960e-13 9.9999999999967827e+02 1.4999999999998111e+03
5.8750000000000954e-02 9.9999999999947209e-01 4.5753351507648492e-13 9.9999999999909858e+02 1.4999999999994398e+03
6.1250000000002996e-02 9.9999999999861999e-01 1.1310766561753865e-12 9.9999999999769500e+02 1.4999999999986123e+03
6.3750000000007981e-02 9.9999999999688094e-01 2.5681179536162747e-12 9.9999999999478314e+02 1.4999999999968531e+03
6.6250000000019099e-02 9.9999999999316935e-01 5.5937607885553874e-12 9.9999999998860096e+02 1.4999999999931472e+03
6.8750000000043249e-02 9.9999999998523337e-01 1.2077475774443045e-11 9.9999999997536622e+02 1.4999999999851991e+03
7.1250000000095126e-02 9.9999999996846034e-01 2.5788098209535201e-11 9.9999999994738812e+02 1.4999999999683916e+03
7.3750000000205485e-02 9.9999999993321875e-01 5.4522847448375098e-11 9.9999999988868876e+02 1.4999999999332049e+03
7.6250000000437954e-02 9.9999999986023613e-01 1.1407164598117265e-10 9.9999999976707886e+02 1.4999999998602639e+03
7.8750000000922055e-02 9.9999999971062836e-01 2.3624987843372366e-10 9.9999999951769166e+02 1.4999999997105949e+03
8.1250000001920578e-02 9.9999999940622741e-01 4.8471846505751950e-10 9.9999999901037131e+02 1.4999999994062157e+03
8.3750000003961003e-02 9.9999999879297841e-01 9.8534765010644841e-10 9.9999999798827776e+02 1.4999999987929489e+03
8.6250000008092048e-02 9.9999999756897384e-01 1.9845300180299933e-09 9.9999999594827864e+02 1.4999999975689570e+03
8.8750000016378061e-02 9.9999999514995574e-01 3.9592590286948846e-09 9.9999999191657503e+02 1.4999999951499287e+03
9.1250000032840978e-02 9.9999999041611909e-01 7.8236929763046529e-09 9.9999998402682036e+02 1.4999999904160516e+03
9.3750000065236178e-02 9.9999998124531009e-01 1.5310087428765978e-08 9.9999996874217629e+02 1.4999999812452988e+03
9.6250000128360158e-02 9.9999996366083332e-01 2.9664885548108334e-08 9.9999993943470781e+02 1.4999999636608104e+03
9.8750000250140815e-02 9.9999993029454703e-01 5.6902899760425398e-08 9.9999988382423487e+02 1.4999999302945268e+03
1.0125000048271307e-01 9.9999986765464577e-01 1.0803793724367457e-07 9.9999977942441535e+02 1.4999998676546368e+03
1.0375000092231199e-01 9.9999975133144592e-01 2.0299642315166427e-07 9.9999958555247042e+02 1.4999997513314747e+03
1.0625000174453825e-01 9.9999953770563221e-01 3.7738639938313437e-07 9.9999922950949474e+02 1.4999995377055798e+03
1.0875000326605287e-01 9.9999914981576832e-01 6.9403398451288022e-07 9.9999858302674829e+02 1.4999991498157469e+03
1.1125000605101780e-01 9.9999845364151130e-01 1.2623448794165969e-06 9.9999742273740992e+02 1.4999984536414565e+03
1.1375001109212705e-01 9.9999721893598426e-01 2.2702778731375931e-06 9.9999536489845093e+02 1.4999972189359655e+03
1.1625002011393820e-01 9.9999505563531854e-01 4.0362587345733729e-06 9.9999175940842179e+02 1.4999950556352080e+03
1.1875003607329013e-01 9.9999131244111050e-01 7.0919699109027122e-06 9.9998552078468254e+02 1.4999913124398843e+03
1.2125006397153237e-01 9.9998491814660195e-01 1.2311904742550484e-05 9.9997486372606920e+02 1.4999849181417383e+03
1.2375011215056494e-01 9.9997413832949478e-01 2.1111977363143618e-05 9.9995689764903148e+02 1.4999741383104786e+03
1.2625019432388729e-01 9.9995621051979255e-01 3.5747536829751240e-05 9.9992701876597710e+02 1.4999562104517552e+03
1.2875033269970115e-01 9.9992680958134283e-01 5.9749680074380409e-05 9.9987801938965742e+02 1.4999268093556177e+03
1.3125056268616128e-01 9.9987928571023121e-01 9.8548624486395218e-05 9.9979881875469653e+02 1.4998792849946717e+03
1.3375093983006969e-01 9.9980360646243316e-01 1.6033663109238442e-04 9.9967270171300493e+02 1.4998036043050122e+03
1.3625154981023690e-01 9.9968494191405577e-01 2.5723003380742859e-04 9.9947496521325138e+02 1.4996849356852333e+03
1.3875252247905553e-01 9.9950182873699300e-01 4.0676626857304328e-04 9.9916986851586785e+02 1.4995018114851105e+03
1.4125405104979766e-01 9.9922391627246931e-01 6.3377218093957680e-04 9.9870689807270708e+02 1.4992238703587714e+03
1.4375641755896665e-01 9.9880930176482219e-01 9.7254408147445131e-04 9.9801636987660390e+02 1.4988091842654790e+03
1.4626002554025036e-01 9.9820165572947073e-01 1.4692888382145557e-03 9.9700472308184032e+02 1.4982013664662441e+03
1.4876544048205845e-01 9.9732730514986334e-01 2.1845552194179312e-03 9.9554981525319874e+02 1.4973266200261141e+03
1.5127343788327136e-01 9.9609281470789257e-01 3.1954793215531962e-03 9.9349716523713846e+02 1.4960912535974139e+03
1.5378505781381960e-01 9.9438337817293421e-01 4.5973066471651260e-03 9.9065772625269915e+02 1.4943799564604340e+03
1.5630166362192832e-01 9.9206285513735970e-01 6.5040163026326998e-03 9.8680865324914760e+02 1.4920556416445741e+03
1.5882500139539604e-01 9.8897557078752363e-01 9.0474168930984936e-03 9.8169733314111488e+02 1.4889609442416058e+03
1.6135725587012378e-01 9.8495056096819544e-01 1.2374950525641836e-02 9.7504985856115877e+02 1.4849220314205854e+03
1.6390109860140309e-01 9.7980746680942499e-01 1.6645947745866307e-02 9.6658262265018618e+02 1.4797539139975581e+03
1.6645972533188580e-01 9.7336383569863805e-01 2.2027566206603524e-02 9.5601656371407751e+02 1.4732670281938672e+03
1.6903688262968947e-01 9.6544136368985911e-01 2.8691147678252104e-02 9.4308988274718388e+02 1.4652726486817658e+03
1.7163688918125197e-01 9.5586918150121170e-01 3.6811841025691010e-02 9.2756606245282057e+02 1.4555852627177383e+03
1.7426466606151894e-01 9.4447926706985752e-01 4.6574324311750848e-02 9.0922936673306617e+02 1.4440169283236619e+03
1.7692581030776508e-01 9.3108089528420235e-01 5.8197923341070351e-02 8.8784783957726290e+02 1.4303502156591726e+03
1.7962631437246085e-01 9.1588571817479347e-01 7.1566044138925311e-02 8.6384257350826306e+02 1.4147658758612749e+03
1.8236996337455608e-01 9.0042272632800324e-01 8.5372944643842527e-02 8.3968315840770936e+02 1.3988149130220288e+03
1.8515779488583387e-01 8.8502051858326192e-01 9.9329631074735789e-02 8.1589216286863632e+02 1.3828360118272408e+03
1.8799039287554847e-01 8.6972111864737311e-01 1.1339587230936259e-01 7.9253166110225118e+02 1.3668720537708048e+03
1.9086835467205293e-01 8.5455280977628800e-01 1.2754183184082427e-01 7.6964011978024030e+02 1.3509524121424217e+03
1.9379219650545321e-01 8.3953919631356344e-01 1.4174053431294362e-01 7.4724709592576585e+02 1.3351022189439377e+03
1.9676236103666395e-01 8.2469975613472768e-01 1.5596745579120400e-01 7.2537447108247375e+02 1.3193428257131175e+03
1.9977922350347094e-01 8.1005053194445564e-01 1.7020034621318833e-01 7.0403783190481136e+02 1.3036924317823048e+03
2.0284309715621585e-01 7.9560452719626606e-01 1.8441890215650206e-01 6.8324735307162587e+02 1.2881664125506104e+03
2.0595423815356903e-01 7.8137222224454495e-01 1.9860466379217567e-01 6.6300880730685662e+02 1.2727777909783865e+03
2.0911284996942517e-01 7.6736184215901870e-01 2.1274076020717547e-01 6.4332417138981521e+02 1.2575374537384812e+03
2.1231908738062163e-01 7.5357975106479258e-01 2.2681185443876967e-01 6.2419237663874321e+02 1.2424545161081601e+03
2.1557306013555447e-01 7.4003063080380083e-01 2.4080393605092235e-01 6.0560972058559560e+02 1.2275364600674684e+03
2.1887483635387656e-01 7.2671778946827303e-01 2.5470429780278420e-01 5.8757043272737144e+02 1.2127894237127866e+03
2.2222444562819391e-01 7.1364327645436121e-01 2.6850135935913361e-01 5.7006694885511820e+02 1.1982182856554418e+03
2.2562188189515525e-01 7.0080812949964533e-01 2.8218466449668916e-01 5.5309034456072538e+02 1.1838269019987272e+03
2.2906710622317422e-01 6.8821244505878099e-01 2.9574472602095997e-01 5.3663051080364949e+02 1.1696181491410298e+03
2.3256004931784249e-01 6.7585557964656795e-01 3.0917303715807898e-01 5.2067649124421382e+02 1.1555941245239769e+03
2.3610061391366224e-01 6.6373618762153708e-01 3.2246193018635266e-01 5.0521658749815060e+02 1.1417561606258812e+03
2.3968867708809952e-01 6.5185239011924545e-01 3.3560459823780320e-01 4.9023862552859657e+02 1.1281049965290047e+03
2.4332409235405317e-01 6.4020178728917188e-01 3.4859496333095208e-01 4.7573000967227955e+02 1.1146407721384514e+03
2.4700669166159159e-01 6.2878160359991675e-01 3.6142770543875741e-01 4.6167793742123200e+02 1.1013631794680891e+03
2.5073628736955045e-01 6.1758868179870952e-01 3.7409813759244603e-01 4.4806941557332811e+02 1.0882714388523248e+03
2.5451267405791494e-01 6.0661960957131145e-01 3.8660224093356960e-01 4.3489143622719678e+02 1.0753644360455005e+03
2.5833563020766770e-01 5.9587069919853264e-01 3.9893654429717029e-01 4.2213096596233038e+02 1.0626406866374991e+03
2.6220491984538397e-01 5.8533810112214990e-01 4.1109816443001923e-01 4.0977509288660389e+02 1.0500984613021737e+03
2.6612029413014932e-01 5.7501777234329932e-01 4.2308468929224019e-01 3.9781099530947978e+02 1.0377357390754969e+03
2.7008149281222221e-01 5.6490557976032796e-01 4.3489422302945008e-01 3.8622606743694735e+02 1.0255503254211378e+03
2.7408824552785577e-01 5.5499725907564046e-01 4.4652527129955266e-01 3.7500787342457551e+02 1.0135397985095250e+03
2.7814027324527374e-01 5.4528851207714990e-01 4.5797679121299512e-01 3.6414425659101499e+02 1.0017016181137541e+03
2.8223728944470516e-01 5.3577495678825904e-01 4.6924807878942576e-01 3.5362328242969988e+02 9.9003306691354067e+02
2.8637900126284127e-01 5.2645221986576063e-01 4.8033882280922990e-01 3.4343333627572832e+02 9.7853135569444430e+02
2.9056511071757674e-01 5.1731588122387717e-01 4.9124899416353224e-01 3.3356305768124474e+02 9.6719355558569157e+02
2.9479531561959416e-01 5.0836156111002917e-01 5.0197890401866430e-01 3.2400142954143001e+02 9.5601670443166199e+02
2.9906931062436964e-01 4.9958486088538839e-01 5.1252909389556400e-01 3.1473770654357020e+02 9.4499773067315368e+02
3.0338678815788356e-01 4.9098144691622703e-01 5.2290039889967543e-01 3.0576149761135213e+02 9.3413355901263469e+02
3.0774743930807935e-01 4.8254698675896063e-01 5.3309383807405286e-01 2.9706268988141454e+02 9.2342102851986635e+02
3.1215095464371484e-01 4.7427723166392277e-01 5.4311068245980121e-01 2.8863152676458770e+02 9.1285699848579691e+02
3.1659702492969993e-01 4.6616794808172313e-01 5.5295234526420001e-01 2.8045852853221311e+02 9.0243826185272087e+02
3.2108534192138904e-01 4.5821500045308533e-01 5.6262045505458136e-01 2.7253456736474590e+02 8.9216165041060083e+02
3.2561559903285692e-01 4.5041427794009076e-01 5.7211674553142622e-01 2.6485078503291447e+02 8.8202394330450841e+02
3.3018749195470948e-01 4.4276177780669013e-01 5.8144313367465206e-01 2.5739866650220870e+02 8.7202197458400190e+02
3.3480071930775401e-01 4.3525352832823844e-01 5.9060160868692413e-01 2.5016995520442035e+02 8.6215253497873744e+02
3.3945498310036792e-01 4.2788567265200261e-01 5.9959431527215223e-01 2.4315672607767394e+02 8.5241248405423516e+02
3.4414998934099217e-01 4.2065438849887432e-01 6.0842344113128044e-01 2.3635129880958456e+02 8.4279864398781979e+02
3.4888544852032982e-01 4.1355597335911615e-01 6.1709130599003048e-01 2.2974631089272569e+02 8.3330791607218339e+02
3.5366107611212699e-01 4.0658676017298984e-01 6.2560024689381522e-01 2.2333462909019050e+02 8.2393716778370492e+02
3.5847659290910167e-01 3.9974320461197244e-01 6.3395271286301158e-01 2.1710942347384389e+02 8.1468335534780476e+02
3.6333172552105120e-01 3.9302179705297813e-01 6.4215114765996473e-01 2.1106407700708610e+02 8.0554340213337559e+02
3.6822620669496831e-01 3.8641915239643193e-01 6.5019809050497002e-01 2.0519226093562511e+02 7.9651432775690660e+02
3.7315977573982723e-01 3.7993191779290059e-01 6.5809605556113093e-01 1.9948784254325236e+02 7.8759311813857289e+02
3.7813217888999301e-01 3.7355686618311279e-01 6.6584763913707223e-01 1.9394496242658605e+02 7.7877686097001094e+02
3.8314316957048278e-01 3.6729079848420887e-01 6.7345539504822616e-01 1.8855794031746814e+02 7.7006260881964988e+02
3.8819250870494226e-01 3.6113064220052804e-01 6.8092194856342914e-01 1.8332135491934793e+02 7.6144752132755957e+02
3.9327996504155915e-01 3.5507334770535781e-01 6.8824986720068437e-01 1.7822994723106430e+02 7.5292871902185402e+02
3.9840531547362867e-01 3.4911599250069869e-01 6.9544178200643758e-01 1.7327870341472797e+02 7.4450343354457402e+02
4.0356834532627278e-01 3.4325567090585868e-01 7.0250025283127704e-01 1.6846275544790814e+02 7.3616885193767439e+02
4.0876884850511030e-01 3.3748960420004237e-01 7.0942789720455812e-01 1.6377746768218108e+02 7.2792227809676865e+02
4.1400662785615827e-01 3.3181502403301899e-01 7.1622724937743287e-01 1.5921833431614996e+02 7.1976096371832500e+02
4.1928149545693327e-01 3.2622928949335794e-01 7.2290089796966339e-01 1.5478106992710991e+02 7.1168228104604896e+02
4.2459327281269232e-01 3.2072976204436793e-01 7.2945133730683076e-01 1.5046150341180933e+02 7.0368354242875967e+02
4.2994179111280495e-01 3.1531393135737079e-01 7.3588111450091409e-01 1.4625567331695083e+02 6.9576218542269589e+02
4.3532689153438231e-01 3.0997928112549888e-01 7.4219267235358521e-01 1.4215971743772599e+02 6.8791557739711106e+02
4.4074842535652026e-01 3.0472342390683588e-01 7.4838850669777601e-01 1.3816997365496263e+02 6.8014121732173987e+02
4.4620625448836232e-01 2.9954395789772609e-01 7.5447099965687070e-01 1.3428286442891874e+02 6.7243652002538738e+02
4.5170025154383098e-01 2.9443861114205050e-01 7.6044258859165137e-01 1.3049500380994203e+02 6.6479903894288509e+02
4.5723030018507360e-01 2.8940508738591408e-01 7.6630558776362501e-01 1.2680307635539012e+02 6.5722623002633088e+02
4.6279629533585981e-01 2.8444122249213638e-01 7.7206237048521742e-01 1.2320395101568305e+02 6.4971569487834574e+02
4.6839814364216548e-01 2.7954481738358716e-01 7.7771517790072808e-01 1.1969455336389166e+02 6.4226492097498942e+02
4.7403576362267208e-01 2.7471380796076600e-01 7.8326631566528127e-01 1.1627198742495204e+02 6.3487155025835682e+02
4.7970908616190144e-01 2.6994608332516734e-01 7.8871794779108029e-01 1.1293340021728986e+02 6.2753309193925770e+02
4.8541805472678945e-01 2.6523967178899238e-01 7.9407231011676271e-01 1.0967611266492105e+02 6.2024721976076967e+02
4.9116262588312043e-01 2.6059254150921224e-01 7.9933148669617671e-01 1.0649747506866080e+02 6.1301145335099307e+02
4.9694276954246130e-01 2.5600280560605737e-01 8.0449764260187517e-01 1.0339500860312110e+02 6.0582348907277731e+02
5.0275846957925507e-01 2.5146850196743314e-01 8.0957277994708754e-01 1.0036625002983166e+02 5.9868084418876697e+02
5.0860972412125705e-01 2.4698782095091565e-01 8.1455899313277147e-01 9.7408905516740319e+01 5.9158122741666614e+02
5.1449654626574071e-01 2.4255886075925215e-01 8.1945820109811651e-01 9.4520682743889552e+01 5.8452213896468106e+02
5.2041896434865587e-01 2.3817988144569210e-01 8.2427242852776161e-01 9.1699459050950168e+01 5.7750128911617628e+02
5.2637702263669739e-01 2.3384903089610512e-01 8.2900351006353168e-01 8.8943098717157255e+01 5.7051614695384217e+02
5.3237078207447475e-01 2.2956463240575684e-01 8.3365340257864307e-01 8.6249637801558976e+01 5.6356441036469562e+02
5.3840032105211599e-01 2.2532487344879423e-01 8.3822385598262994e-01 8.3617083559827222e+01 5.5664349621056886e+02
5.4446573552925215e-01 2.2112813178048901e-01 8.4271676163199216e-01 8.1043619761455503e+01 5.4975108170705141e+02
5.5056714080271929e-01 2.1697262415011423e-01 8.4713378385448712e-01 7.8527384260791891e+01 5.4288450836863706e+02
5.5670467152105330e-01 2.1285677596482297e-01 8.5147675213160090e-01 7.6066698475568018e+01 5.3604141656363504e+02
5.6287848327482393e-01 2.0877882011650262e-01 8.5574724404596525e-01 7.3659819151347406e+01 5.2921904944843402e+02
5.6908875309441487e-01 2.0473175207880823e-01 8.5994703142983375e-01 7.1305196768280965e+01 5.2242895430919634e+02
5.7533568123005918e-01 2.0072189905293825e-01 8.6407760352106466e-01 6.9001195876322626e+01 5.1564774099305646e+02
5.8161949166286209e-01 1.9674384055937030e-01 8.6814067839676279e-01 6.6746389416611194e+01 5.0888294058031391e+02
5.8794043437388421e-01 1.9279965172487570e-01 8.7213765368873830e-01 6.4539239361858876e+01 5.0212154522423174e+02
5.9429878584175855e-01 1.8888408197540094e-01 8.7607019819241339e-01 6.2378436319335428e+01 4.9537077714780008e+02
6.0069485181967153e-01 1.8499775734241641e-01 8.7993961032113854e-01 6.0262531115148413e+01 4.8862104044542951e+02
6.0712896785593284e-01 1.8113759507107885e-01 8.8374751076291913e-01 5.8190331366771879e+01 4.8187399758678902e+02
6.1360150280416192e-01 1.7730311841928395e-01 8.8749508250434206e-01 5.6160471445785397e+01 4.7512253546193608e+02
6.2011285905404312e-01 1.7349211718509730e-01 8.9118389186613078e-01 5.4171882124979732e+01 4.6836608202075428e+02
6.2666347700448655e-01 1.6970236738657590e-01 8.9481497343258265e-01 5.2223282622664058e+01 4.6160183349447288e+02
6.3325383484910169e-01 1.6593274289140394e-01 8.9838981384002126e-01 5.0313747195553859e+01 4.5482657297314222e+02
6.3988445264430938e-01 1.6218114167950057e-01 9.0190907727503822e-01 4.8442007688558093e+01 4.4803613281026503e+02
6.4655589263877222e-01 1.5844612908441502e-01 9.0537391881891638e-01 4.6607199763902202e+01 4.4122756453461261e+02
6.5326876647501586e-01 1.5472681219342341e-01 9.0878565296355307e-01 4.4808741796450718e+01 4.3439861354251394e+02
6.6002373305637341e-01 1.5102140246991302e-01 9.1214451692490173e-01 4.3045668007999978e+01 4.2754537407281401e+02
6.6682150349233860e-01 1.4732933547964305e-01 9.1545134398091521e-01 4.1317653169975941e+01 4.2066625464096649e+02
6.7366283554186412e-01 1.4364939400661761e-01 9.1870575807649291e-01 3.9624097441360398e+01 4.1375841905258920e+02
6.8054853952822381e-01 1.3998165448711195e-01 9.2190752157959566e-01 3.7965032267904995e+01 4.0682151250827388e+02
6.8747946451336861e-01 1.3632673904317044e-01 9.2505547872944915e-01 3.6340737020877555e+01 3.9985630048742200e+02
6.9445649761970873e-01 1.3268632087783289e-01 9.2814739049374273e-01 3.4751937755442547e+01 3.9286571734217489e+02
7.0148053525804110e-01 1.2906391136271414e-01 9.3117976300913075e-01 3.3200104371808138e+01 3.8585655766898753e+02
7.0855246880251910e-01 1.2546542547289768e-01 9.3414722615832646e-01 3.1687616593166162e+01 3.7884082176899562e+02
7.1567312527642846e-01 1.2190013462194961e-01 9.3704190551940125e-01 3.0218060148498093e+01 3.7183790127320697e+02
7.2284322487177755e-01 1.1838189152054181e-01 9.3985277517224619e-01 2.8796588335623028e+01 3.6487744830415465e+02
7.3006326739674399e-01 1.1493038880444563e-01 9.4256491754886473e-01 2.7430244528532839e+01 3.5800250239132322e+02
7.3733345761486080e-01 1.1157225441083828e-01 9.4515896387015497e-01 2.6128180578182651e+01 3.5127255493966953e+02
7.4465352244311800e-01 1.0834168327102604e-01 9.4761099156502970e-01 2.4901685282064864e+01 3.4476599214040942e+02
7.5202263221632848e-01 1.0527975963514577e-01 9.4989324571222988e-01 2.3763812322038039e+01 3.3858092577898861e+02
7.5943917483612911e-01 1.0243678743068776e-01 9.5197593460404362e-01 2.2728472267536777e+01 3.3281704021002668e+02
7.6690078414289842e-01 9.9888429923945282e-02 9.5383035011485595e-01 2.1808886282469309e+01 3.2749868476871427e+02
7.7440417945083384e-01 9.7692884344548758e-02 9.5543302439752098e-01 2.1015560990723369e+01 3.2267796879562644e+02
7.8194546924275188e-01 9.5903746636282414e-02 9.5677023987800280e-01 2.0354107830865338e+01 3.1835212718110245e+02
7.8952011697537605e-01 9.4618617754337359e-02 9.5784157046308049e-01 1.9823521446652411e+01 3.1426460115050173e+02
7.9712366703640170e-01 9.3988743151429979e-02 9.5866120929701948e-01 1.9415480782768071e+01 3.0985860857007339e+02
8.0475153480985551e-01 9.4284834875269216e-02 9.5925620454769411e-01 1.9115061385843269e+01 3.0410608574216934e+02
8.1240015520112974e-01 9.6003166697372549e-02 9.5966190976635612e-01 1.8902673842412035e+01 2.9534453642552660e+02
8.2006589050657130e-01 1.0002496868668198e-01 9.5991588958278484e-01 1.8756625795014902e+01 2.8127915521425632e+02
8.2774678275244162e-01 1.0784092512359642e-01 9.6005206490079131e-01 1.8655457771544746e+01 2.5948578079468075e+02
8.3543947921265682e-01 1.2182789978033945e-01 9.6009651504176385e-01 1.8579503148962395e+01 2.2875921503771275e+02
8.4314229448218592e-01 1.4557250311646636e-01 9.6006540588446032e-01 1.8511558959258036e+01 1.9074576478685393e+02
8.5084671444217097e-01 1.8410915447876774e-01 9.5996533890752533e-01 1.8437093165360352e+01 1.5021327878201674e+02
8.5853860628794654e-01 2.4402844465554782e-01 9.5979572426232929e-01 1.8344370672016712e+01 1.1275962540705189e+02
8.6621952935169255e-01 3.3337316482308010e-01 9.5955301296133833e-01 1.8224918004370178e+01 8.2002332194503751e+01
8.7408989379909385e-01 4.6407442294707818e-01 9.5922950924064410e-01 1.8071692087763559e+01 5.8412049428409475e+01
8.8063928170200245e-01 6.1027643849520430e-01 9.5891453541738481e-01 1.7924845032641471e+01 4.4057521891652534e+01
8.8421279419442778e-01 7.2438378293383932e-01 9.5872217403534421e-01 1.7835859159350267e+01 3.6933169087067924e+01
8.8573577189850217e-01 8.0765294915400399e-01 9.5863064610538351e-01 1.7793843966195752e+01 3.3047320606272194e+01
8.8640989472435583e-01 8.7874211336146990e-01 9.5858565800900741e-01 1.7773257638372783e+01 3.0338692151189356e+01
8.8673453633703847e-01 9.4991264707282030e-01 9.5856089266732780e-01 1.7762295423918204e+01 2.8048308671307559e+01
8.8693216176967460e-01 1.0323852358607626e+00 9.5854401230362363e-01 1.7754812943873858e+01 2.5796784466416629e+01
8.8707231876287407e-01 1.1316272488785117e+00 9.5853073742261663e-01 1.7748969306321868e+01 2.3526699260615825e+01
8.8718242682049597e-01 1.2515578252736714e+00 9.5851937474548332e-01 1.7743993586754421e+01 2.1266288974152395e+01
8.8727560819826123e-01 1.3958761567488851e+00 9.5850911126485516e-01 1.7739481890689184e+01 1.9062738988255898e+01
8.8735878096996201e-01 1.5679994029639339e+00 9.5849949252143896e-01 1.7735215714321235e+01 1.6966092921461239e+01
8.8743590947399043e-01 1.7711457442346781e+00 9.5849022092406022e-01 1.7731075700027880e+01 1.5016614887068123e+01
8.8750940332306594e-01 2.0081576917190795e+00 9.5848107253364767e-01 1.7727003114301276e+01 1.3241243345132503e+01
8.8758070656359378e-01 2.2812051043044272e+00 9.5847195603602031e-01 1.7722943473175501e+01 1.1653671631542849e+01
8.8765070752207287e-01 2.5917775902046802e+00 9.5846280366435332e-01 1.7718869477492117e+01 1.0254855322728215e+01
8.8771992664002153e-01 2.9405817657496778e+00 9.5845360338241847e-01 1.7714755341898691e+01 9.0363523716109562e+00
8.8778862032343986e-01 3.3273855296790122e+00 9.5844431674014907e-01 1.7710608815950650e+01 7.9840201825030910e+00
8.8785688409558272e-01 3.7511551225760700e+00 9.5843506528384326e-01 1.7706376946570682e+01 7.0803697932962297e+00
8.8792480135314278e-01 4.2107263720275840e+00 9.5842570830879104e-01 1.7702124997388719e+01 6.3060824071778763e+00
8.8799240640301191e-01 4.7033224754703022e+00 9.5841634619222349e-01 1.7697810740865428e+01 5.6442474973276493e+00
8.8805976919080920e-01 5.1931363353968605e+00 9.5840688579084865e-01 1.7693474991062089e+01 5.1106327222131211e+00
8.8812697174740718e-01 5.6474601591062541e+00 9.5839739252815637e-01 1.7689079440255206e+01 4.6983278169034337e+00
8.8819396823542585e-01 6.0678608100921814e+00 9.5838785680375549e-01 1.7684634739836230e+01 4.3717140092657054e+00
8.8826081359181752e-01 6.4564908824183682e+00 9.5837825045077829e-01 1.7680146939685610e+01 4.1075285154890357e+00
8.8832750149243855e-01 6.8151462450859324e+00 9.5836858589816831e-01 1.7675611493171772e+01 3.8903665873458229e+00
8.8839407050472363e-01 7.1457261525220233e+00 9.5835883995404392e-01 1.7671034149920565e+01 3.7094272379197717e+00
8.8846058404988137e-01 7.4502575549189443e+00 9.5834901875418177e-01 1.7666403608934043e+01 3.5568710501699385e+00
8.8852698783955897e-01 7.7300848133448410e+00 9.5833916848589329e-01 1.7661705367186624e+01 3.4272014719740818e+00
8.8859334192199113e-01 7.9870319244408359e+00 9.5832916786850386e-01 1.7656989011042697e+01 3.3160608054559972e+00
8.8865968503903825e-01 8.2227250065257813e+00 9.5831910697861855e-01 1.7652205839815018e+01 3.2201379395162322e+00
8.8872591175356597e-01 8.4382357118262945e+00 9.5830901219936981e-01 1.7647358351752644e+01 3.1370346161970168e+00
8.8879228166988389e-01 8.6357026155564753e+00 9.5829874701267570e-01 1.7642473481958845e+01 3.0644536294320939e+00
8.8885863721178704e-01 8.8160309555105343e+00 9.5828841478990656e-01 1.7637525152533197e+01 3.0009295410042842e+00
8.8892496127281417e-01 8.9802804875557243e+00 9.5827801627447773e-01 1.7632514203312375e+01 2.9452054801205274e+00
8.8899140117581976e-01 9.1300742351844697e+00 9.5826746718456557e-01 1.7627459183589327e+01 2.8960540839293354e+00
8.8905787621996346e-01 9.2662385783307375e+00 9.5825683420028140e-01 1.7622338914951417e+01 2.8526686582668344e+00
8.8912448143027323e-01 9.3900346218978807e+00 9.5824610085405704e-01 1.7617146178449609e+01 2.8142302272292730e+00
8.8919111008697294e-01 9.5022139069682066e+00 9.5823522585070209e-01 1.7611916462197510e+01 2.7801810138080962e+00
8.8925784958487442e-01 9.6038223756696333e+00 9.5822429640464957e-01 1.7606592743792859e+01 2.7499351906586922e+00
8.8932451647722799e-01 9.6954728154929306e+00 9.5821323204532849e-01 1.7601242326621691e+01 2.7231125281217374e+00
8.8939130817304135e-01 9.7781861512912940e+00 9.5820209508292020e-01 1.7595801577613379e+01 2.6992431886699713e+00
8.8945826340694278e-01 9.8528083205706860e+00 9.5819077909808803e-01 1.7590314930161778e+01 2.6779646509670849e+00
8.8952521534468065e-01 9.9198039558524194e+00 9.5817939069307534e-01 1.7584756086050803e+01 2.6590378445447400e+00
8.8959234922878616e-01 9.9800248172031942e+00 9.5816782829918556e-01 1.7579142175424757e+01 2.6421490673734325e+00
8.8965936437036541e-01 1.0033811496529012e+01 9.5815619112786732e-01 1.7573473973994027e+01 2.6271383481850146e+00
8.8972654852165123e-01 1.0081922210186493e+01 9.5814439610576729e-01 1.7567740722246846e+01 2.6137487012888605e+00
8.8979381443266758e-01 1.0124850292057539e+01 9.5813247467408946e-01 1.7561941089687956e+01 2.6018075205711124e+00
8.8986113949531909e-01 1.0163010757034890e+01 9.5812041122916813e-01 1.7556083414603073e+01 2.5911735952533541e+00
8.8992853240895986e-01 1.0196882907276990e+01 9.5810822983465949e-01 1.7550153541563002e+01 2.5816938913319816e+00
8.8999594966956719e-01 1.0226811560582579e+01 9.5809592983880143e-01 1.7544156247486320e+01 2.5732589493152203e+00
8.9006346557965499e-01 1.0253228004175829e+01 9.5808349546448368e-01 1.7538084759203386e+01 2.5657409674388378e+00
8.9013111211909379e-01 1.0276453453908035e+01 9.5807091774486253e-01 1.7531934357301871e+01 2.5590444849387186e+00
8.9019877895511534e-01 1.0296785066278641e+01 9.5805821647088052e-01 1.7525714192853865e+01 2.5530853679149139e+00
8.9026647306031625e-01 1.0314483912252044e+01 9.5804538656058980e-01 1.7519421996492834e+01 2.5477894210027920e+00
8.9033425035233615e-01 1.0329846986454903e+01 9.5803241787324800e-01 1.7513051189241494e+01 2.5430751121781801e+00
8.9040209930057590e-01 1.0343088876012658e+01 9.5801931222639858e-01 1.7506599495493276e+01 2.5388836505254231e+00
8.9046999935644611e-01 1.0354438854545904e+01 9.5800607802553261e-01 1.7500065490387048e+01 2.5351541116161984e+00
8.9053797100350485e-01 1.0364079887408376e+01 9.5799271484529658e-01 1.7493441850202380e+01 2.5318371780579874e+00
8.9060600375952159e-01 1.0372201674721865e+01 9.5797923024372855e-01 1.7486725753841693e+01 2.5288833994317708e+00
8.9067405299961022e-01 1.0378945053727328e+01 9.5796563442676241e-01 1.7479917292421323e+01 2.5262563587053384e+00
8.9074220380940083e-01 1.0384471293254888e+01 9.5795190888607684e-01 1.7473007286945283e+01 2.5239138508131851e+00
8.9081036768291477e-01 1.0388899371602735e+01 9.5793802826497354e-01 1.7466021955099706e+01 2.5218295023881567e+00
8.9087861543254021e-01 1.0392359614150152e+01 9.5792394308902584e-01 1.7458969044436767e+01 2.5199718388302461e+00
8.9094688955057488e-01 1.0394947807834193e+01 9.5790965985760512e-01 1.7451853530027449e+01 2.5183176268871872e+00
8.9101528928669249e-01 1.0396762992043177e+01 9.5789516079075865e-01 1.7444661156271930e+01 2.5168402659975944e+00
8.9108358360620876e-01 1.0397882716976756e+01 9.5788049776747342e-01 1.7437411654334053e+01 2.5155234188971614e+00
8.9115203285562994e-01 1.0398387297338637e+01 9.5786561704293804e-01 1.7430072846177492e+01 2.5143427073501883e+00
8.9122076720681997e-01 1.0398348397229878e+01 9.5785049144900325e-01 1.7422626833807101e+01 2.5132779988091891e+00
8.9128929617791486e-01 1.0397831293751791e+01 9.5783522872082694e-01 1.7415123673716092e+01 2.5123205765294192e+00
8.9135791768492867e-01 1.0396889700618360e+01 9.5781975956850340e-01 1.7407527734017137e+01 2.5114522085843345e+00
8.9142656528827202e-01 1.0395579943881597e+01 9.5780409957481405e-01 1.7399843908885259e+01 2.5106599154854385e+00
8.9149514585615663e-01 1.0393946497390758e+01 9.5778827036533398e-01 1.7392077231848202e+01 2.5099336286098186e+00
8.9156388786283336e-01 1.0392025379719071e+01 9.5777222456401190e-01 1.7384196440792508e+01 2.5092601017005678e+00
8.9163274125645742e-01 1.0389850207854725e+01 9.5775597896023912e-01 1.7376199496073923e+01 2.5086308967579032e+00
8.9170170223746181e-01 1.0387452422127227e+01 9.5773953868672079e-01 1.7368081198112598e+01 2.5080376533588713e+00
8.9177052650430755e-01 1.0384877368205078e+01 9.5772291261489517e-01 1.7359889133522309e+01 2.5074762827733017e+00
8.9183954319109193e-01 1.0382148079399201e+01 9.5770597491685949e-01 1.7351601457043280e+01 2.5069380619998904e+00
8.9190873531357973e-01 1.0379291480815192e+01 9.5768871735040861e-01 1.7343221521457728e+01 2.5064169678895438e+00
8.9197772745226633e-01 1.0376346411130401e+01 9.5767123020635236e-01 1.7334791587939609e+01 2.5059097250278413e+00
8.9204690286241350e-01 1.0373315067736730e+01 9.5765341734068454e-01 1.7326258592504161e+01 2.5054081283609033e+00
8.9211609977776374e-01 1.0370184284431284e+01 9.5763532712029864e-01 1.7317635605341181e+01 2.5049172411535747e+00
8.9218537033727063e-01 1.0366989414802585e+01 9.5761694924721363e-01 1.7308907165417267e+01 2.5044262812744762e+00
8.9225469871398988e-01 1.0363706535673185e+01 9.5759829443673739e-01 1.7300068802815915e+01 2.5039403725781257e+00
8.9232399969852372e-01 1.0360318779875717e+01 9.5757937373393820e-01 1.7291129370041151e+01 2.5034648649462561e+00
8.9239338935839263e-01 1.0356799871331550e+01 9.5756015226889890e-01 1.7282071442311405e+01 2.5030035807898865e+00
8.9246284276467214e-01 1.0353125462619232e+01 9.5754064893118096e-01 1.7272884719809671e+01 2.5025609100616188e+00
8.9253245500362022e-01 1.0349272329671013e+01 9.5752084034389795e-01 1.7263549988207725e+01 2.5021396826200584e+00
8.9260203126028459e-01 1.0345237315784006e+01 9.5750076917909555e-01 1.7254091780730185e+01 2.5017442211410392e+00
8.9267175807473098e-01 1.0340999195774216e+01 9.5748036903619682e-01 1.7244484285913966e+01 2.5013759250113106e+00
8.9274135905066410e-01 1.0336562952582895e+01 9.5745972688517689e-01 1.7234756229691342e+01 2.5010377688530490e+00
8.9281113371482390e-01 1.0331900187296023e+01 9.5743874456601097e-01 1.7224861417467409e+01 2.5007299391035858e+00
8.9288093383126976e-01 1.0327015093465263e+01 9.5741746782518922e-01 1.7214814572536653e+01 2.5004535797710590e+00
8.9295081485394223e-01 1.0321897074543259e+01 9.5739587174343543e-01 1.7204600551725484e+01 2.5002090837773805e+00
8.9302076912383410e-01 1.0316555341258807e+01 9.5737390671475298e-01 1.7194238916592003e+01 2.4999970941600154e+00
8.9309079175209294e-01 1.0310993781384269e+01 9.5735153459175759e-01 1.7183736635867124e+01 2.4998177188639774e+00
8.9316088264108318e-01 1.0305217207222661e+01 9.5732876028580871e-01 1.7173084554720958e+01 2.4996684993720635e+00
8.9323104094724326e-01 1.0299232801513137e+01 9.5730556013920587e-01 1.7162280300423014e+01 2.4995473883115218e+00
8.9330122031803483e-01 1.0293063641472498e+01 9.5728190725639417e-01 1.7151342935159512e+01 2.4994516014727397e+00
8.9337132051179080e-01 1.0286738596774752e+01 9.5725777860927519e-01 1.7140299711643305e+01 2.4993781387160037e+00
8.9344158236316518e-01 1.0280364118020795e+01 9.5723303598202614e-01 1.7129128020068059e+01 2.4992978590187045e+00
8.9351192156905557e-01 1.0274057872562706e+01 9.5720764387377955e-01 1.7117854951238026e+01 2.4991860806456949e+00
8.9358240439849967e-01 1.0267804186737180e+01 9.5718152294021819e-01 1.7106481341762077e+01 2.4990466847612383e+00
8.9365278357885625e-01 1.0261587311082401e+01 9.5715488525749026e-01 1.7094973687904222e+01 2.4988785608404611e+00
8.9372336759052617e-01 1.0255327189577246e+01 9.5712783190377038e-01 1.7083161749302192e+01 2.4986762635907294e+00
8.9379416436344417e-01 1.0248998044539418e+01 9.5710041724359807e-01 1.7070998073942079e+01 2.4984390668857670e+00
8.9386472653880611e-01 1.0242633247229636e+01 9.5707276420671494e-01 1.7058561453227821e+01 2.4981703007634848e+00
8.9393549082886969e-01 1.0236189003162625e+01 9.5704463384363947e-01 1.7045779636792822e+01 2.4978700029170433e+00
8.9400631896013649e-01 1.0229675358884508e+01 9.5701600972919509e-01 1.7032686783377734e+01 2.4975406627031598e+00
8.9407720521606082e-01 1.0223088704499535e+01 9.5698681316711898e-01 1.7019284608938765e+01 2.4971833514632404e+00
8.9414816849041900e-01 1.0216424013221728e+01 9.5695696291022669e-01 1.7005572958215232e+01 2.4967992131406103e+00
8.9421917632984393e-01 1.0209668329193843e+01 9.5692644807368310e-01 1.6991522846255634e+01 2.4963870957986281e+00
8.9429029730506338e-01 1.0202797532723098e+01 9.5689523475364746e-01 1.6977081182363875e+01 2.4959450280053836e+00
8.9436147818796807e-01 1.0195801770457692e+01 9.5686329143396254e-01 1.6962223990569111e+01 2.4954718185651337e+00
8.9443275710765446e-01 1.0188665994753306e+01 9.5683052885656150e-01 1.6946918746243192e+01 2.4949662823823169e+00
8.9450404511907644e-01 1.0181397830671871e+01 9.5679681282520190e-01 1.6931186035917740e+01 2.4944294954635589e+00
8.9457546293300316e-01 1.0173983480598899e+01 9.5676190576164988e-01 1.6914999948635973e+01 2.4938609317911320e+00
8.9464697083333045e-01 1.0166407474602135e+01 9.5672570547390579e-01 1.6898318917783591e+01 2.4932581583021158e+00
8.9471876810662887e-01 1.0158622359981891e+01 9.5668800324280623e-01 1.6881026915551548e+01 2.4926155807382977e+00
8.9479034952483971e-01 1.0150655146983354e+01 9.5664892534440904e-01 1.6863171795331610e+01 2.4919335084016416e+00
8.9486200788369108e-01 1.0142440519375727e+01 9.5660812549316732e-01 1.6844592376535626e+01 2.4912040170740513e+00
8.9493387076231667e-01 1.0133927982330240e+01 9.5656533129533317e-01 1.6825158531643602e+01 2.4904200860190171e+00
8.9500585049115167e-01 1.0125079662230204e+01 9.5652033551926907e-01 1.6804761822633427e+01 2.4895747564318795e+00
8.9507808259347610e-01 1.0115825473695057e+01 9.5647276940521253e-01 1.6783217280046767e+01 2.4886575974975194e+00
8.9515026833454203e-01 1.0106138608421789e+01 9.5642246979277867e-01 1.6760434801653748e+01 2.4876615269782723e+00
8.9522259228807421e-01 1.0095920015391856e+01 9.5636886917936159e-01 1.6736151202362695e+01 2.4865714828634826e+00
8.9529488337241825e-01 1.0085110422528478e+01 9.5631155937217160e-01 1.6710193138035468e+01 2.4853758319850883e+00
8.9536750846658408e-01 1.0073550928298298e+01 9.5624953813664126e-01 1.6682139974069688e+01 2.4840505735480152e+00
8.9544030734625268e-01 1.0061156477105575e+01 9.5618213464096269e-01 1.6651745027902720e+01 2.4825791745403523e+00
8.9551327814331716e-01 1.0047777903573397e+01 9.5610826705158702e-01 1.6618591675953265e+01 2.4809353623416106e+00
8.9558641664089755e-01 1.0033255906660004e+01 9.5602677277026671e-01 1.6582238419882575e+01 2.4790913200283371e+00
8.9565957310248967e-01 1.0017402210622093e+01 9.5593627543063076e-01 1.6542151874001139e+01 2.4770122322422723e+00
8.9573314222746747e-01 9.9998843322376860e+00 9.5583454666093803e-01 1.6497428006540453e+01 2.4746428246208727e+00
8.9580701439266375e-01 9.9804101965188963e+00 9.5571948281165997e-01 1.6447249326351503e+01 2.4719298609722773e+00
8.9588117105583986e-01 9.9586262485645793e+00 9.5558835183663382e-01 1.6390633145236059e+01 2.4688093622750293e+00
8.9595554592645077e-01 9.9341010136931587e+00 9.5543785684478000e-01 1.6326379527263633e+01 2.4652023627642841e+00
8.9603034342630294e-01 9.9062621476610708e+00 9.5526313827451603e-01 1.6252909261986147e+01 2.4610053246708534e+00
8.9610555517905266e-01 9.8745240665644261e+00 9.5505846625912594e-01 1.6168591527310046e+01 2.4561069604444441e+00
8.9618135714126390e-01 9.8379753954478204e+00 9.5481670285519571e-01 1.6070900034581651e+01 2.4503364851905247e+00
8.9625797810750885e-01 9.7952428327881922e+00 9.5453031693922596e-01 1.5956030006876356e+01 2.4434355961241403e+00
8.9633513357134120e-01 9.7450788551656498e+00 9.5419100216332287e-01 1.5820437209571887e+01 2.4351425131648612e+00
8.9641331930497081e-01 9.6847665336592321e+00 9.5378196489096589e-01 1.5658945419339382e+01 2.4252952352930239e+00
8.9649260958094845e-01 9.6126848441002419e+00 9.5328438693089812e-01 1.5466290827134086e+01 2.4134189996814173e+00
8.9657330048452533e-01 9.5262997577980499e+00 9.5267254309371618e-01 1.5233793921725816e+01 2.3986953448408523e+00
8.9665573079227456e-01 9.4217351103106157e+00 9.5190617930703969e-01 1.4953289467235251e+01 2.3806585451873739e+00
8.9674030510091751e-01 9.2915155170160642e+00 9.5094887291371699e-01 1.4604749096577240e+01 2.3577556970922706e+00
8.9682766783648837e-01 9.1295891415731045e+00 9.4970558808040872e-01 1.4175726748958420e+01 2.3290851092751073e+00
8.9691874137333538e-01 8.9262713037540706e+00 9.4804767338096407e-01 1.3638014985280387e+01 2.2917769112974513e+00
8.9701486281994869e-01 8.6622783848161280e+00 9.4576146118845539e-01 1.2950700389580538e+01 2.2426028951484867e+00
8.9711819738195375e-01 8.3267504987634009e+00 9.4252909572880716e-01 1.2084453107668130e+01 2.1769211968335274e+00
8.9723114919550973e-01 7.9448154468979801e+00 9.3820898904221006e-01 1.1124478606504836e+01 2.1003279461038344e+00
8.9735628391154854e-01 7.5322481146646760e+00 9.3303343120404825e-01 1.0121143514061245e+01 2.0155622916263605e+00
8.9749579672668567e-01 7.1041767509805673e+00 9.2661812877755978e-01 9.1127948352119947e+00 1.9241064421618275e+00
8.9765309473859045e-01 6.6423727442130085e+00 9.1887881882304490e-01 8.0742517507693492e+00 1.8233510964445256e+00
8.9783275559666176e-01 6.1548475917421133e+00 9.0927088206015005e-01 7.0280559971535128e+00 1.7128099174826779e+00
8.9804073113178751e-01 5.6371885616448782e+00 8.9726853227859382e-01 5.9823272738104345e+00 1.5918379902653585e+00
8.9828548241514516e-01 5.1204735979903369e+00 8.8107280896410367e-01 4.9964425517240256e+00 1.4636661402819289e+00
8.9857837562568887e-01 4.5691988654761282e+00 8.5986125077458520e-01 4.0282125673593194e+00 1.3224022479506035e+00
8.9893731606723182e-01 4.0536824430975207e+00 8.2910288065672644e-01 3.1470500809013831e+00 1.1645152741034555e+00
8.9938922477649952e-01 3.5001685258284452e+00 7.8698159218309538e-01 2.2813334331170925e+00 9.7766725356908191e-01
8.9998473312270044e-01 2.9448668443176715e+00 7.2140649795628398e-01 1.5132983199688237e+00 7.7081498076331001e-01
9.0081715828510589e-01 2.3558444532012071e+00 6.1144454906069079e-01 8.4476802436713871e-01 5.3787593439323023e-01
9.0207056452794765e-01 1.7272374403963937e+00 3.9923725088767731e-01 3.1296215624742069e-01 2.7178847759541136e-01
9.0393123676942500e-01 1.1847386491816809e+00 1.0053811650450531e-01 4.5784713106483008e-02 5.7968117869000829e-02
9.0626483581282502e-01 1.0145234631065674e+00 4.7552888383221243e-03 1.0792615903721653e-02 1.5957170478847725e-02
9.0875043206278783e-01 1.0004801665233192e+00 9.1449396604559861e-05 1.0012083048414437e-02 1.5010916832874180e-02
9.1125000768770426e-01 1.0000102011120868e+00 1.5201774141221101e-06 1.0000198752901821e-02 1.5000145111191132e-02
9.1375000012736518e-01 1.0000001848827964e+00 2.5121127875282215e-08 1.0000003283445191e-02 1.5000002151925441e-02
9.1625000000210255e-01 1.0000000031692797e+00 4.1502204094837774e-10 1.0000000054243896e-02 1.5000000033826646e-02
9.1875000000003348e-01 1.0000000000530076e+00 6.8551229753415085e-12 1.0000000000896070e-02 1.5000000000548989e-02
9.2125000000000001e-01 1.0000000000004299e+00 1.1188255099486484e-13 1.0000000000010001e-02 1.5000000000008552e-02
9.2375000000000007e-01 1.0000000000000000e+00 1.4403615450678368e-15 1.0000000000000064e-02 1.5000000000000095e-02
9.2625000000000002e-01 1.0000000000000000e+00 3.5194779900999510e-17 9.9999999999999534e-03 1.4999999999999928e-02
9.2874999999999996e-01 1.0000000000000000e+00 2.6532050489251543e-17 9.9999999999999534e-03 1.4999999999999928e-02
9.3125000000000002e-01 1.0000000000000000e+00 2.6445089856796003e-17 9.9999999999999534e-03 1.4999999999999928e-02
9.3375000000000008e-01 1.0000000000000000e+00 2.6359523590631175e-17 9.9999999999999534e-03 1.4999999999999928e-02
9.3625000000000003e-01 1.0000000000000000e+00 2.6275272100370898e-17 9.9999999999999534e-03 1.4999999999999928e-02
9.3874999999999997e-01 1.0000000000000000e+00 2.6193498138469636e-17 9.9999999999999534e-03 1.4999999999999928e-02
9.4125000000000003e-01 1.0000000000000000e+00 2.8199597839007341e-17 9.9999999999999534e-03 1.4999999999999928e-02
9.4375000000000009e-01 1.0000000000000000e+00 2.8113980217670255e-17 9.9999999999999534e-03 1.4999999999999928e-02
9.4625000000000004e-01 1.0000000000000000e+00 2.8312388998608466e-17 9.9999999999999534e-03 1.4999999999999928e-02
9.4874999999999998e-01 1.0000000000000000e+00 2.8227743899995268e-17 9.9999999999999534e-03 1.4999999999999928e-02
9.5125000000000004e-01 1.0000000000000000e+00 2.8144193033840260e-17 9.9999999999999534e-03 1.4999999999999928e-02
9.5375000000000010e-01 1.0000000000000000e+00 2.8062875077049598e-17 9.9999999999999534e-03 1.4999999999999928e-02
9.5625000000000004e-01 1.0000000000000000e+00 2.7986275460830396e-17 9.9999999999999534e-03 1.4999999999999928e-02
9.5874999999999999e-01 1.0000000000000000e+00 2.7911988921645662e-17 9.9999999999999534e-03 1.4999999999999928e-02
9.6124999999999994e-01 1.0000000000000000e+00 2.7838964440083140e-17 9.9999999999999534e-03 1.4999999999999928e-02
9.6375000000000000e-01 1.0000000000000000e+00 2.7767102825565068e-17 9.9999999999999534e-03 1.4999999999999928e-02
9.6625000000000005e-01 1.0000000000000000e+00 2.7696908134804211e-17 9.9999999999999534e-03 1.4999999999999928e-02
9.6875000000000000e-01 1.0000000000000000e+00 2.7628427971260557e-17 9.9999999999999534e-03 1.4999999999999928e-02
9.7124999999999995e-01 1.0000000000000000e+00 2.7562208273647373e-17 9.9999999999999534e-03 1.4999999999999928e-02
9.7375000000000000e-01 1.0000000000000000e+00 2.5445533764841656e-17 9.9999999999999534e-03 1.4999999999999928e-02
9.7625000000000006e-01 1.0000000000000000e+00 2.7444611943856375e-17 9.9999999999999534e-03 1.4999999999999928e-02
9.7875000000000001e-01 1.0000000000000000e+00 2.7384789167255405e-17 9.9999999999999534e-03 1.4999999999999928e-02
9.8124999999999996e-01 1.0000000000000000e+00 2.7326089510596198e-17 9.9999999999999534e-03 1.4999999999999928e-02
9.8375000000000001e-01 1.0000000000000000e+00 2.7267968203991588e-17 9.9999999999999534e-03 1.4999999999999928e-02
9.8625000000000007e-01 1.0000000000000000e+00 2.7205097329333250e-17 9.9999999999999534e-03 1.4999999999999928e-02
9.8875000000000002e-01 1.0000000000000000e+00 2.7140603130201158e-17 9.9999999999999534e-03 1.4999999999999928e-02
9.9124999999999996e-01 1.0000000000000000e+00 2.7078101274579945e-17 9.9999999999999534e-03 1.4999999999999928e-02
9.9375000000000002e-01 1.0000000000000000e+00 1.4784241406056366e-17 9.9999999999999534e-03 1.4999999999999928e-02
9.9625000000000008e-01 1.0000000000000000e+00 1.3734253528630746e-17 9.9999999999999534e-03 1.4999999999999928e-02
9.9875000000000003e-01 1.0000000000000000e+00 1.4602927000630169e-17 9.9999999999999534e-03 1.4999999999999928e-02
