1.2499999999999998e-03 1.0000000000000000e+00 -4.1995990786981329e-18 9.9999999999999977e+02 1.4999999999999995e+03
3.7499999999999994e-03 1.0000000000000000e+00 -2.1843024601778687e-16 9.9999999999999977e+02 1.4999999999999995e+03
6.2499999999999986e-03 1.0000000000000000e+00 -4.1187656464048816e-16 9.9999999999999977e+02 1.4999999999999995e+03
8.7499999999999991e-03 1.0000000000000004e+00 -5.6407701992372280e-16 9.9999999999999977e+02 1.4999999999999989e+03
1.1250000000000000e-02 9.9999999999999944e-01 -7.4660798643481807e-16 9.9999999999999932e+02 1.4999999999999998e+03
1.3749999999999998e-02 1.0000000000000004e+00 5.5759434370342788e-16 1.0000000000000006e+03 1.5000000000000000e+03
1.6250000000000001e-02 9.9999999999999967e-01 1.4864818325123698e-15 9.9999999999999932e+02 1.4999999999999993e+03
1.8749999999999999e-02 1.0000000000000004e+00 2.9381026027258678e-16 9.9999999999999943e+02 1.4999999999999984e+03
2.1249999999999998e-02 9.9999999999999900e-01 -2.9631405874017117e-16 9.9999999999999898e+02 1.4999999999999998e+03
2.3750000000000000e-02 9.9999999999999967e-01 4.4050116939810657e-16 1.0000000000000000e+03 1.5000000000000005e+03
2.6250000000000002e-02 1.0000000000000000e+00 1.9338560252880571e-15 9.9999999999999977e+02 1.4999999999999995e+03
2.8749999999999998e-02 1.0000000000000004e+00 3.2585294276139922e-15 9.9999999999999943e+02 1.4999999999999984e+03
3.1250000000000000e-02 9.9999999999999900e-01 4.0112402200041392e-15 9.9999999999999898e+02 1.4999999999999998e+03
3.3750000000000002e-02 9.9999999999999967e-01 5.6750826012054412e-15 1.0000000000000000e+03 1.5000000000000005e+03
3.6250000000000004e-02 1.0000000000000004e+00 7.0605925631491976e-15 9.9999999999999943e+02 1.4999999999999984e+03
3.8749999999999993e-02 1.0000000000000018e+00 5.9036110009913752e-15 9.9999999999999943e+02 1.4999999999999964e+03
4.1249999999999995e-02 9.9999999999999822e-01 1.0847484396298884e-15 9.9999999999999761e+02 1.4999999999999991e+03
4.3749999999999997e-02 1.0000000000000000e+00 -3.0136956692606453e-15 9.9999999999999943e+02 1.4999999999999991e+03
4.6249999999999999e-02 1.0000000000000018e+00 -4.0789625231994919e-15 9.9999999999999943e+02 1.4999999999999964e+03
4.8750000000000002e-02 9.9999999999999967e-01 5.4689372373684403e-15 9.9999999999999272e+02 1.4999999999999895e+03
5.1249999999999990e-02 1.0000000000000011e+00 4.0770909990289160e-14 9.9999999999995021e+02 1.4999999999999234e+03
5.3749999999999992e-02 9.9999999999998712e-01 3.5624818920163923e-15 9.9999999999997613e+02 1.4999999999999834e+03
5.6249999999999481e-02 1.0000000000004410e+00 -2.8243295744645756e-13 1.0000000000006373e+03 1.5000000000002944e+03
5.8749999999997568e-02 1.0000000000011819e+00 -7.8929891649607698e-13 1.0000000000017457e+03 1.5000000000008456e+03
6.1249999999994129e-02 1.0000000000015801e+00 -1.1403421888732996e-12 1.0000000000025342e+03 1.5000000000014311e+03
6.3749999999991563e-02 1.0000000000007019e+00 -6.9691280326073195e-13 1.0000000000013265e+03 1.5000000000009368e+03
6.6249999999993869e-02 9.9999999999752875e-01 2.0785693663781496e-12 9.9999999999574902e+02 1.4999999999973302e+03
6.8750000000008221e-02 9.9999999999028377e-01 8.0369018067795324e-12 9.9999999998361909e+02 1.4999999999900028e+03
7.1250000000039948e-02 9.9999999998262878e-01 1.4221660038078307e-11 9.9999999997095006e+02 1.4999999999824818e+03
7.3750000000075269e-02 9.9999999998648514e-01 1.1086593621984177e-11 9.9999999997738564e+02 1.4999999999863505e+03
7.6250000000062740e-02 1.0000000000219891e+00 -1.7888583499265159e-11 1.0000000000365302e+03 1.5000000000218115e+03
7.8749999999908171e-02 1.0000000001055971e+00 -8.6077479046523856e-11 1.0000000001757969e+03 1.5000000001052995e+03
8.1249999999524508e-02 1.0000000002167895e+00 -1.7682080390328068e-10 1.0000000003610201e+03 1.5000000002163458e+03
8.3749999998974950e-02 1.0000000002507092e+00 -2.0443318557190744e-10 1.0000000004174769e+03 1.5000000002501513e+03
8.6249999998703031e-02 9.9999999999410005e-01 4.9861875726073421e-12 9.9999999998991996e+02 1.4999999999937297e+03
8.8749999999688647e-02 9.9999999920539540e-01 6.4887025394231378e-10 9.9999999867540396e+02 1.4999999992050127e+03
9.1250000003180315e-02 9.9999999788830918e-01 1.7240797553596339e-09 9.9999999648004041e+02 1.4999999978875967e+03
9.3750000009531750e-02 9.9999999676838780e-01 2.6386239496922886e-09 9.9999999461313746e+02 1.4999999967671242e+03
9.6250000015966314e-02 9.9999999772693426e-01 1.8559912348470205e-09 9.9999999621099300e+02 1.4999999977260879e+03
9.8750000014107872e-02 1.0000000035771854e+00 -2.9199234141277554e-09 1.0000000059616764e+03 1.5000000035767362e+03
1.0124999998994968e-01 1.0000000162783842e+00 -1.3288305290917988e-08 1.0000000271303823e+03 1.5000000162779968e+03
1.0374999993070699e-01 1.0000000330000056e+00 -2.6938747938408621e-08 1.0000000549998210e+03 1.5000000329997217e+03
1.0624999984251687e-01 1.0000000409896264e+00 -3.3460932922936710e-08 1.0000000683158783e+03 1.5000000409893760e+03
1.0874999977748233e-01 1.0000000149012029e+00 -1.2164169990541322e-08 1.0000000248351816e+03 1.5000000149009677e+03
1.1124999986105399e-01 9.9999991908788632e-01 6.6051455612130061e-08 9.9999986514626812e+02 1.4999999190875660e+03
1.1375000031554378e-01 9.9999970788982184e-01 2.3845950187936480e-07 9.9999951314957150e+02 1.4999997078895390e+03
1.1625000149895023e-01 9.9999931122913510e-01 5.6226694735431426e-07 9.9999885204866291e+02 1.4999993112288173e+03
1.1875000400549418e-01 9.9999859804035773e-01 1.1444674388345374e-06 9.9999766340140332e+02 1.4999985980396027e+03
1.2125000888485765e-01 9.9999731814804826e-01 2.1892883356951549e-06 9.9999553025021976e+02 1.4999973181460648e+03
1.2375001803591551e-01 9.9999501705418081e-01 4.0677553696645613e-06 9.9999169510294382e+02 1.4999950170483146e+03
1.2625003486744127e-01 9.9999089777029782e-01 7.4304884965436952e-06 9.9998482966036136e+02 1.4999908977522443e+03
1.2875006540395276e-01 9.9998359215712740e-01 1.3394381981028984e-05 9.9997265373690800e+02 1.4999835921004526e+03
1.3125012012244081e-01 9.9997079238434483e-01 2.3843506256582939e-05 9.9995132109276040e+02 1.4999707922095333e+03
1.3375021695086242e-01 9.9994867280052369e-01 4.1901199321776387e-05 9.9991445607310698e+02 1.4999486722743663e+03
1.3625038606645012e-01 9.9991100649858067e-01 7.2651642532604426e-05 9.9985168175083800e+02 1.4999110049584053e+03
1.3875067740988622e-01 9.9984785275641286e-01 1.2421242257013929e-04 9.9974643376890651e+02 1.4998478483692891e+03
1.4125117218007641e-01 9.9974366697671102e-01 2.0928022628922892e-04 9.9957281400360762e+02 1.4997436548306125e+03
1.4375199997558136e-01 9.9957467474503947e-01 3.4728138890949392e-04 9.9929122341582524e+02 1.4995746420907174e+03
1.4625336365132444e-01 9.9930537337438341e-01 5.6724424938320132e-04 9.9884255389172961e+02 1.4993052882107133e+03
1.4875557426405409e-01 9.9888410163230679e-01 9.1145321609600156e-04 9.9814085619654975e+02 1.4988838863769943e+03
1.5125909852671907e-01 9.9823777860780105e-01 1.4398251412474142e-03 9.9706468407838838e+02 1.4982372518533878e+03
1.5376462076738864e-01 9.9726617842918130e-01 2.2347517514606664e-03 9.9544778435036153e+02 1.4972649316930349e+03
1.5627312026783205e-01 9.9583648356032173e-01 3.4058770753532769e-03 9.9307046975774824e+02 1.4958336325567961e+03
1.5878596277161372e-01 9.9377929747414806e-01 5.0939419827956984e-03 9.8965379181822857e+02 1.4937730052340517e+03
1.6130500181936580e-01 9.9088772317288665e-01 7.4725016873597831e-03 9.8485938399475208e+02 1.4908743356530372e+03
1.6383268163791997e-01 9.8692144921032521e-01 1.0746165595794747e-02 9.7829840330028765e+02 1.4868940239616779e+03
1.6637212893433584e-01 9.8161759202109888e-01 1.5143938833900136e-02 9.6955257530602285e+02 1.4815635689297781e+03
1.6892721698631988e-01 9.7470941646700626e-01 2.0906515044421710e-02 9.5820904379994431e+02 1.4746072433666379e+03
1.7150258169625726e-01 9.6595381488687204e-01 2.8266559241729109e-02 9.4390982440223138e+02 1.4657685644827297e+03
1.7410355998417676e-01 9.5517179382733652e-01 3.7416987202606188e-02 9.2642114198440868e+02 1.4548500300751264e+03
1.7673598576248617e-01 9.4232032524029585e-01 4.8450166951063266e-02 9.0574869496952522e+02 1.4417847159434164e+03
1.7940572783138756e-01 9.2760547795007287e-01 6.1254085740183220e-02 8.8230868135977846e+02 1.4267520551564717e+03
1.8211795383856083e-01 9.1153687639594205e-01 7.5447294372890175e-02 8.5699149062071683e+02 1.4102416141557187e+03
1.8487646802411067e-01 8.9476194615150817e-01 9.0501790201714005e-02 8.3087372557413153e+02 1.3928962823259831e+03
1.8768358284461220e-01 8.7780545276544164e-01 1.0596689031740257e-01 8.0480047252673012e+02 1.3752485872432501e+03
1.9054049180141386e-01 8.6097492950075460e-01 1.2156401529172034e-01 7.7924942772208453e+02 1.3576169311467763e+03
1.9344773824646522e-01 8.4441624684299610e-01 1.3714992568232789e-01 7.5443323970055621e+02 1.3401564261484941e+03
1.9640553700988556e-01 8.2818875203965503e-01 1.5265607929732194e-01 7.3042577716338531e+02 1.3229335257774871e+03
1.9941394381656635e-01 8.1231217449717252e-01 1.6804935273335439e-01 7.0723884006767548e+02 1.3059736064625556e+03
2.0247293422683138e-01 7.9678927891946838e-01 1.8331224543937047e-01 6.8485856059431956e+02 1.2892842161287506e+03
2.0558243844943982e-01 7.8161600986150659e-01 1.9843411055836435e-01 6.6326141517404460e+02 1.2728655889959959e+03
2.0874235637683827e-01 7.6678562187922306e-01 2.1340722961691799e-01 6.4242064171053585e+02 1.2567149605702775e+03
2.1195256408760355e-01 7.5229052360035598e-01 2.2822531224548404e-01 6.2230902348374843e+02 1.2408285176293305e+03
2.1521291679764087e-01 7.3812286503789271e-01 2.4288274552135120e-01 6.0289975211571641e+02 1.2252020239572828e+03
2.1852325038339088e-01 7.2427489320505145e-01 2.5737444972744211e-01 5.8416691274479729e+02 1.2098312082027646e+03
2.2188338240923774e-01 7.1073893164780111e-01 2.7169569726081394e-01 5.6608543198347274e+02 1.1947117431805259e+03
2.2529311301093621e-01 6.9750749221870056e-01 2.8584219899372143e-01 5.4863120138858289e+02 1.1798393727143546e+03
2.2875222580161220e-01 6.8457316831049553e-01 2.9981000789501927e-01 5.3178090732373585e+02 1.1652097948189100e+03
2.3226048881763017e-01 6.7192871998957782e-01 3.1359563046995009e-01 5.1551211732241950e+02 1.1508187594595199e+03
2.3581765553472539e-01 6.5956696664132763e-01 3.2719592934033570e-01 4.9980311573323451e+02 1.1366619486987449e+03
2.3942346591196653e-01 6.4748087760979867e-01 3.4060822753157094e-01 4.8463299716535090e+02 1.1227350812762056e+03
2.4307764748031518e-01 6.3566347258104328e-01 3.5383019943144089e-01 4.6998151756885454e+02 1.1090337997412648e+03
2.4677991642508817e-01 6.2410791837868562e-01 3.6685996738611459e-01 4.5582919412113102e+02 1.0955537833231367e+03
2.5052997868681665e-01 6.1280743386183556e-01 3.7969598318403680e-01 4.4215716611572060e+02 1.0822906389923378e+03
2.5432753103013106e-01 6.0175539007816214e-01 3.9233712069510968e-01 4.2894729683119124e+02 1.0692400198745418e+03
2.5817226211391309e-01 5.9094521640137088e-01 4.0478255089329329e-01 4.1618203942458052e+02 1.0563975167418287e+03
2.6206385351291062e-01 5.8037050217316777e-01 4.1703183369125368e-01 4.0384453819547434e+02 1.0437587799947594e+03
2.6600198073146908e-01 5.7002490205357714e-01 4.2908478859188892e-01 3.9191849683340212e+02 1.0313194092612607e+03
2.6998631415825347e-01 5.5990223834500819e-01 4.4094158786367066e-01 3.8038827815661801e+02 1.0190750780377087e+03
2.7401652000984589e-01 5.4999640444205988e-01 4.5260262406283991e-01 3.6923877346411905e+02 1.0070214200000746e+03
2.7809226120843977e-01 5.4030146767764653e-01 4.6406860594962063e-01 3.5845550073208119e+02 9.9515415608478997e+02
2.8221319824912094e-01 5.3081157028144321e-01 4.7534042355896966e-01 3.4802447455134296e+02 9.8346897666571920e+02
2.8637898999667216e-01 5.2152103292805840e-01 4.8641924778880868e-01 3.3793230316987098e+02 9.7196167124621206e+02
2.9058929447504073e-01 5.1242425287156712e-01 4.9730639333470800e-01 3.2816605881994411e+02 9.6062800593728400e+02
2.9484376958353653e-01 5.0351580854502642e-01 5.0800342259122933e-01 3.1871337413971912e+02 9.4946385614192218e+02
2.9914207381008706e-01 4.9479035465093424e-01 5.1851200653431029e-01 3.0956231281098491e+02 9.3846507890005921e+02
3.0348386686952378e-01 4.8624272823494474e-01 5.2883403339701895e-01 3.0070146591071921e+02 9.2762764906200823e+02
3.0786881034459074e-01 4.7786784055643999e-01 5.3897146743150226e-01 2.9211982280502070e+02 9.1694752611371530e+02
3.1229656825040997e-01 4.6966078507966180e-01 5.4892646270145051e-01 2.8380686793832666e+02 9.0642079439373003e+02
3.1676680760868281e-01 4.6161672595503006e-01 5.5870121955473540e-01 2.7575245191506667e+02 8.9604352402277334e+02
3.2127919894347789e-01 4.5373100837754360e-01 5.6829810379810641e-01 2.6794688917820218e+02 8.8581191575267121e+02
3.2583341679484795e-01 4.4599904349256253e-01 5.7771950063980182e-01 2.6038082917598541e+02 8.7572215560254051e+02
3.3042914015188124e-01 4.3841642156644878e-01 5.8696793946732029e-01 2.5304535532438422e+02 8.6577056495829027e+02
3.3506605291214697e-01 4.3097879310422110e-01 5.9604594495991248e-01 2.4593185611998555e+02 8.5595344848155878e+02
3.3974384425852400e-01 4.2368198527999462e-01 6.0495616767028748e-01 2.3903212573490521e+02 8.4626725010601399e+02
3.4446220907131087e-01 4.1652187901580945e-01 6.1370123196108528e-01 2.3233823489739862e+02 8.3670839373330978e+02
3.4922084825501226e-01 4.0949452912226270e-01 6.2228387258452089e-01 2.2584263343152801e+02 8.2727344580993724e+02
3.5401946911024990e-01 4.0259603705264269e-01 6.3070677906158956e-01 2.1953802069566186e+02 8.1795894826563631e+02
3.5885778561691617e-01 3.9582267520962883e-01 6.3897273845810831e-01 2.1341745034888996e+02 8.0876158839004154e+02
3.6373551877278387e-01 3.8917075504536353e-01 6.4708447579196060e-01 2.0747420010810575e+02 7.9967802340615856e+02
3.6865239683902318e-01 3.8263675601156977e-01 6.5504480322351655e-01 2.0170187901005710e+02 7.9070505841821773e+02
3.7360815565292521e-01 3.7621718862576808e-01 6.6285645604464360e-01 1.9609429621556703e+02 7.8183946192830592e+02
3.7860253884132722e-01 3.6990872856288948e-01 6.7052224852769304e-01 1.9064557102783058e+02 7.7307815269119112e+02
3.8363529811453800e-01 3.6370807426366564e-01 6.7804490501878023e-01 1.8535000045106091e+02 7.6441800540023360e+02
3.8870619345337254e-01 3.5761208669282207e-01 6.8542722272308798e-01 1.8020217222122648e+02 7.5585604734893093e+02
3.9381499339114701e-01 3.5161764101207560e-01 6.9267189739719182e-01 1.7519683080327476e+02 7.4738925341884931e+02
3.9896147517981545e-01 3.4572177256814235e-01 6.9978169338683271e-01 1.7032899369756828e+02 7.3901475353564604e+02
4.0414542506677142e-01 3.3992152209249338e-01 7.0675926337481787e-01 1.6559381553422918e+02 7.3072961597811411e+02
4.0936663844561205e-01 3.3421408853230661e-01 7.1360732604240273e-01 1.6098670793289710e+02 7.2253106671774276e+02
4.1462492013435992e-01 3.2859666717123137e-01 7.2032847928958688e-01 1.5650320132698522e+02 7.1441625994382753e+02
4.1992008451612445e-01 3.2306660997270747e-01 7.2692538594243261e-01 1.5213906867295589e+02 7.0638251049439236e+02
4.2525195582594066e-01 3.1762125594112056e-01 7.3340057981948192e-01 1.4789018460940534e+02 6.9842705034587163e+02
4.3062036828594447e-01 3.1225809971668828e-01 7.3975665997218032e-01 1.4375265333838257e+02 6.9054727548529240e+02
4.3602516640855704e-01 3.0697461341396631e-01 7.4599608892187108e-01 1.3972266469606041e+02 6.8274048695179567e+02
4.4146620513083112e-01 3.0176842428325845e-01 7.5212139598456607e-01 1.3579662655569899e+02 6.7500415365640720e+02
4.4694335014210584e-01 2.9663712716729002e-01 7.5813496694371274e-01 1.3197101735281953e+02 6.6733563637026020e+02
4.5245647802217348e-01 2.9157847214788457e-01 7.6403925710084153e-01 1.2824252340355483e+02 6.5973246820419570e+02
4.5800547660195873e-01 2.8659016663891085e-01 7.6983657156619467e-01 1.2460788738020925e+02 6.5219205970110386e+02
4.6359024511075303e-01 2.8167007405526601e-01 7.7552928877207106e-01 1.2106405098696231e+02 6.4471199892116613e+02
4.6921069457921516e-01 2.7681600443288229e-01 7.8111963048336419e-01 1.1760799883793830e+02 6.3728973553507399e+02
4.7486674800088935e-01 2.7202592528951663e-01 7.8660989661146019e-01 1.1423690698427407e+02 6.2992290273082585e+02
4.8055834078832382e-01 2.6729773950495161e-01 7.9200222394395015e-01 1.1094798158997962e+02 6.2260897788806960e+02
4.8628542095450633e-01 2.6262950971261717e-01 7.9729883322383488e-01 1.0773861387369351e+02 6.1534562885709227e+02
4.9204794963424686e-01 2.5801922198675953e-01 8.0250177547569113e-01 1.0460621291010362e+02 6.0813034841724834e+02
4.9784590129189432e-01 2.5346502529797027e-01 8.0761319245333163e-01 1.0154836762608865e+02 6.0096082786989837e+02
5.0367926432249399e-01 2.4896497933549669e-01 8.1263504929715347e-01 9.8562672977154151e+01 5.9383456203493461e+02
5.0954804129221831e-01 2.4451731079894071e-01 8.1756940962161728e-01 9.5646899732927082e+01 5.8674925358295798e+02
5.1545224963682923e-01 2.4012014341689050e-01 8.2241815305951127e-01 9.2798813180294090e+01 5.7970238477147961e+02
5.2139192194287620e-01 2.3577177313477601e-01 8.2718326645981299e-01 9.0016351546001204e+01 5.7269165652758898e+02
5.2736710676353638e-01 2.3147037807315729e-01 8.3186654466577137e-01 8.7297436264336142e+01 5.6571452246523768e+02
5.3337786895005990e-01 2.2721431501955380e-01 8.3646989952055517e-01 8.4640160017832685e+01 5.5876866743991434e+02
5.3942429061024666e-01 2.2300180668495373e-01 8.4099504197546837e-01 8.2042587470550757e+01 5.5185149858308046e+02
5.4550647150049802e-01 2.1883126233297770e-01 8.4544381087302622e-01 7.9502954068448261e+01 5.4496066892495742e+02
5.5162453015811819e-01 2.1470093922625300e-01 8.4981783417816203e-01 7.7019455975213390e+01 5.3809351919543678e+02
5.5777860436655935e-01 2.1060929075173371e-01 8.5411887983232671e-01 7.4590460970048298e+01 5.3124765320521078e+02
5.6396885250008355e-01 2.0655459836891066e-01 8.5834849352031206e-01 7.2214286119388134e+01 5.2442032292894271e+02
5.7019545407702688e-01 2.0253535125696687e-01 8.6250837428491045e-01 6.9889422356402221e+01 5.1760906372139914e+02
5.7645861136503451e-01 1.9854984436753395e-01 8.6659998577638031e-01 6.7614298178317043e+01 5.1081101368044972e+02
5.8275855003980837e-01 1.9459659444584276e-01 8.7062495977382948e-01 6.5387519789424019e+01 5.0402361851934950e+02
5.8909552111147767e-01 1.9067389892536379e-01 8.7458467728598011e-01 6.3207618822946742e+01 4.9724387432562281e+02
5.9546980170899366e-01 1.8678029424875026e-01 8.7848070368032516e-01 6.1073310313116707e+01 4.9046911419719009e+02
6.0188169740326236e-01 1.8291406926998385e-01 8.8231433524783653e-01 5.8983222085564407e+01 4.8369616116164605e+02
6.0833154313941074e-01 1.7907377320383927e-01 8.8608707028640576e-01 5.6936173315542597e+01 4.7692221169706636e+02
6.1481970605123382e-01 1.7525767590974156e-01 8.8980011576952223e-01 5.4930882817872074e+01 4.7014388270926611e+02
6.2134658656103203e-01 1.7146433468489619e-01 8.9345489945268075e-01 5.2966271597819613e+01 4.6335821115647957e+02
6.2791262180205365e-01 1.6769199227599538e-01 8.9705252996344875e-01 5.1041146799333880e+01 4.5656157554018398e+02
6.3451828689496825e-01 1.6393921436250433e-01 9.0059435574880287e-01 4.9154532544464956e+01 4.4975083663424664e+02
6.4116409911269578e-01 1.6020421449318778e-01 9.0408137003619338e-01 4.7305325825266991e+01 4.4292211014784357e+02
6.4785061931083165e-01 1.5648557796016077e-01 9.0751482297983876e-01 4.5492661204394643e+01 4.3607208214398349e+02
6.5457845696989048e-01 1.5278150153550221e-01 9.1089556007282491e-01 4.3715534643103666e+01 4.2919660630130710e+02
6.6134827166675425e-01 1.4909062566054618e-01 9.1422469351216551e-01 4.1973209676743572e+01 4.2229224162264950e+02
6.6816077906231541e-01 1.4541117736897199e-01 9.1750285756709049e-01 4.0264805622385857e+01 4.1535464829037556e+02
6.7501675205834477e-01 1.4174194427748735e-01 9.2073094191245897e-01 3.8589756629086594e+01 4.0838042146726508e+02
6.8191702751061545e-01 1.3808131634565571e-01 9.2390923680447068e-01 3.6947363662326630e+01 4.0136527489900038e+02
6.8886250602149990e-01 1.3442846084667515e-01 9.2703821850230894e-01 3.5337326278304722e+01 3.9430630302249790e+02
6.9585415814071128e-01 1.3078228942400924e-01 9.3011752979963147e-01 3.3759269064323462e+01 3.8720000865185045e+02
7.0289301960387618e-01 1.2714296460959959e-01 9.3314676241595951e-01 3.2213389726228122e+01 3.8004528789864241e+02
7.0998019211345342e-01 1.2351094127414808e-01 9.3612412906293097e-01 3.0700013822025390e+01 3.7284163053072575e+02
7.1711682326616299e-01 1.1988919266076657e-01 9.3904700795810192e-01 2.9220489403783493e+01 3.6559370476116925e+02
7.2430408239525512e-01 1.1628300115770268e-01 9.4190980389424672e-01 2.7777003931898616e+01 3.5831123623427362e+02
7.3154308415126290e-01 1.1270433863834539e-01 9.4470328914934942e-01 2.6374201171122415e+01 3.5101844555985605e+02
7.3883476091561628e-01 1.0917503067992587e-01 9.4740990276524195e-01 2.5020119766318153e+01 3.4376156723515300e+02
7.4617958394159223e-01 1.0573724279221240e-01 9.4999933402952719e-01 2.3729722549644471e+01 3.3663241904666216e+02
7.5357711462334342e-01 1.0246280054726695e-01 9.5242005945905128e-01 2.2527539069111164e+01 3.2979099168852531e+02
7.6102533449512810e-01 9.9461231005856590e-02 9.5459770143125988e-01 2.1449586149935541e+01 3.2348663795452904e+02
7.6852003755765352e-01 9.6863833856563122e-02 9.5644674492166715e-01 2.0536906211036740e+01 3.1802746278009164e+02
7.7605466445573468e-01 9.4780492888409881e-02 9.5790070616975442e-01 1.9820881042423554e+01 3.1368608304917336e+02
7.8362101774708792e-01 9.3250595459617669e-02 9.5894273078301950e-01 1.9308374021898526e+01 3.1058848353831775e+02
7.9121056326113037e-01 9.2221990710454296e-02 9.5961467727493821e-01 1.8977762575616850e+01 3.0867522641970351e+02
7.9881590754075482e-01 9.1566924461285282e-02 9.5999997503231038e-01 1.8787518285926581e+01 3.0776699768708494e+02
8.0643161847213807e-01 9.1131453385481495e-02 9.6019360046186419e-01 1.8690768461892084e+01 3.0764518342801580e+02
8.1405456928195563e-01 9.0850563073363713e-02 9.6027657405731259e-01 1.8647520412057254e+01 3.0788230333254501e+02
8.2168346108760293e-01 9.0776732878259755e-02 9.6030431716481401e-01 1.8630138133645591e+01 3.0784548324674307e+02
8.2931858506668776e-01 9.1142049782887258e-02 9.6030749604417576e-01 1.8622574697986490e+01 3.0648709474410532e+02
8.3696090108524834e-01 9.2669390556372910e-02 9.6029864782900043e-01 1.8616392850379288e+01 3.0133563097711061e+02
8.4461196605384670e-01 9.7545253594618880e-02 9.6027778072831249e-01 1.8606534912053800e+01 2.8612158295337451e+02
8.5227081172124075e-01 1.1100614086169880e-01 9.6023572676107871e-01 1.8587046031746969e+01 2.5116240264902564e+02
8.5992679166047947e-01 1.4408721970151220e-01 9.6015450612367836e-01 1.8547324643078760e+01 1.9308434864834965e+02
8.6757332862415160e-01 2.1714455639939678e-01 9.6000179872043689e-01 1.8472451235027400e+01 1.2760475008904285e+02
8.7544784295822464e-01 3.6771457195233942e-01 9.5972898984508470e-01 1.8340203276081589e+01 7.4814290790978148e+01
8.8188336069145667e-01 5.9133150086388209e-01 9.5939176096461876e-01 1.8179555774040416e+01 4.6115137822393329e+01
8.8485799146641020e-01 7.9701913067754115e-01 9.5918065967264987e-01 1.8070846900625636e+01 3.4009560508159417e+01
8.8559139574934731e-01 9.2826229522901171e-01 9.5908058751694647e-01 1.8049135223727927e+01 2.9166005098712461e+01
8.8580164625165891e-01 1.0397063380806759e+00 9.5899251353968662e-01 1.8067473630600681e+01 2.6066216443318538e+01
8.8591126900545225e-01 1.1769377445834477e+00 9.5897877197881909e-01 1.8061555868841989e+01 2.3019343145334965e+01
8.8598235161887362e-01 1.3593075747298324e+00 9.5897287139842302e-01 1.8056171124084198e+01 1.9925039181444564e+01
8.8603973579049355e-01 1.6170799988248761e+00 9.5897255380172008e-01 1.8049692317373715e+01 1.6742856565992717e+01
8.8609208237694104e-01 1.9826596233240283e+00 9.5897532605150071e-01 1.8042302869479006e+01 1.3650075880823794e+01
8.8614307208953624e-01 2.4905506709961367e+00 9.5898292408344121e-01 1.8032740480178138e+01 1.0860694799455121e+01
8.8619470030831626e-01 3.1784891627419589e+00 9.5899739886649271e-01 1.8019736290651792e+01 8.5039158707278073e+00
8.8624804542656799e-01 4.0762903570790634e+00 9.5901981308424056e-01 1.8002527516877056e+01 6.6245995524876244e+00
8.8630313160930296e-01 5.1454087140187550e+00 9.5904235641816304e-01 1.7984708462164953e+01 5.2429387426013321e+00
8.8636014458005175e-01 6.2375339280320254e+00 9.5905646639773401e-01 1.7970408042618779e+01 4.3215175059469058e+00
8.8641864736236475e-01 7.2029919459092797e+00 9.5906261888196553e-01 1.7959597000529076e+01 3.7400285469002950e+00
8.8647862289065926e-01 8.0092385285052199e+00 9.5906238501709595e-01 1.7951608594093521e+01 3.3620440688967461e+00
8.8653958208581651e-01 8.6675078390953040e+00 9.5905757276287984e-01 1.7945662179012231e+01 3.1056785604624313e+00
8.8660120260266895e-01 9.1969140060860415e+00 9.5905003793091004e-01 1.7940901455868584e+01 2.9261284998418309e+00
8.8666311761348604e-01 9.6178419243834821e+00 9.5904026336067616e-01 1.7937155115418559e+01 2.7974812733109600e+00
8.8672554555367245e-01 9.9512051972037945e+00 9.5902355579913634e-01 1.7936770018983225e+01 2.7037081936602974e+00
8.8678819728024316e-01 1.0214254316520233e+01 9.5899366766693550e-01 1.7942959101579156e+01 2.6349881076328905e+00
8.8685083611538151e-01 1.0421121311861569e+01 9.5894414492657454e-01 1.7959036490082184e+01 2.5849957916199640e+00
8.8691348133128345e-01 1.0581618452450691e+01 9.5889177366543843e-01 1.7976514495650925e+01 2.5482653588999300e+00
8.8697632048723452e-01 1.0702134984087735e+01 9.5885485841803242e-01 1.7986071361097533e+01 2.5209088730201654e+00
8.8703931901367916e-01 1.0791349778804850e+01 9.5883030620930521e-01 1.7989255622800609e+01 2.5005105002897419e+00
8.8710239633776422e-01 1.0855964805234116e+01 9.5881424100927848e-01 1.7988033264591621e+01 2.4854584904216206e+00
8.8716555765334837e-01 1.0902068102045403e+01 9.5880296308663671e-01 1.7984277645722205e+01 2.4744311094077736e+00
8.8722893671699488e-01 1.0934089339033777e+01 9.5879413093002686e-01 1.7979154717595815e+01 2.4664817745834231e+00
8.8729253749654191e-01 1.0954560141741291e+01 9.5879238404840028e-01 1.7970313597018031e+01 2.4606620482018107e+00
8.8735625933218065e-01 1.0964519773442596e+01 9.5880518808491899e-01 1.7953990196605247e+01 2.4561937824343203e+00
8.8742007372552811e-01 1.0964736180930274e+01 9.5883985770621671e-01 1.7926496787085377e+01 2.4523841464963247e+00
8.8748411534296356e-01 1.0960155172525337e+01 9.5887814488840728e-01 1.7897065376278093e+01 2.4493812032618902e+00
8.8754838541347436e-01 1.0955894223995179e+01 9.5889964696623864e-01 1.7876018415685369e+01 2.4474522184415579e+00
8.8761273526832563e-01 1.0952441333876735e+01 9.5890682823683349e-01 1.7862117366222158e+01 2.4463199785841265e+00
8.8767712762275786e-01 1.0949695751093376e+01 9.5890436769978149e-01 1.7852992052463414e+01 2.4456833036681469e+00
8.8774171223792764e-01 1.0947466303521399e+01 9.5889606125027838e-01 1.7846691169438660e+01 2.4453180317665879e+00
8.8780649588721983e-01 1.0945247017428619e+01 9.5888468460028120e-01 1.7841806881749676e+01 2.4451444796091875e+00
8.8787130713266815e-01 1.0943761033381634e+01 9.5886432479968275e-01 1.7841344215010089e+01 2.4454130751652241e+00
8.8793611829966457e-01 1.0944156849898446e+01 9.5882602210287959e-01 1.7849816645973444e+01 2.4464858587263953e+00
8.8800109811784544e-01 1.0947152714222099e+01 9.5876224556501732e-01 1.7870974176351801e+01 2.4487153842023073e+00
8.8806625312645560e-01 1.0947038744082091e+01 9.5870045341736487e-01 1.7890965638279017e+01 2.4514801751228075e+00
8.8813139752837245e-01 1.0939914599060639e+01 9.5865850642226591e-01 1.7900827814081818e+01 2.4544288237339913e+00
8.8819651879025874e-01 1.0926440332969472e+01 9.5863120423402925e-01 1.7903194051232898e+01 2.4577804169046367e+00
8.8826181926293657e-01 1.0907935505956177e+01 9.5861345888435112e-01 1.7900597733697754e+01 2.4615929004975277e+00
8.8832731069699600e-01 1.0887628980541285e+01 9.5860043521401150e-01 1.7895474997034235e+01 2.4654782545884313e+00
8.8839278569753355e-01 1.0868262937805403e+01 9.5859160478567340e-01 1.7888130957097179e+01 2.4688578652536641e+00
8.8845823146540259e-01 1.0848987300623298e+01 9.5859512018197712e-01 1.7874483324296474e+01 2.4713573943352589e+00
8.8852387318806081e-01 1.0827565775410310e+01 9.5862096928448248e-01 1.7849496596459073e+01 2.4727852455529411e+00
8.8858972512979895e-01 1.0803337153298786e+01 9.5867015826282620e-01 1.7812690615058091e+01 2.4732205931783318e+00
8.8865556210337093e-01 1.0782474324967456e+01 9.5870702757229243e-01 1.7781973055823922e+01 2.4737327240346927e+00
8.8872136657267342e-01 1.0766061162253688e+01 9.5872388221241622e-01 1.7761176668914182e+01 2.4746065066747471e+00
8.8878737164081878e-01 1.0752888693025275e+01 9.5872587117623209e-01 1.7747658360692096e+01 2.4757521723726046e+00
8.8885357658626862e-01 1.0741782318044066e+01 9.5871852618502396e-01 1.7738638957706716e+01 2.4770524712518118e+00
8.8891973351206355e-01 1.0731821343729390e+01 9.5870655350036083e-01 1.7731805109415685e+01 2.4783964261261748e+00
8.8898583282174370e-01 1.0723294153730082e+01 9.5868791503400441e-01 1.7728169070335671e+01 2.4798586352546739e+00
8.8905212720900728e-01 1.0717977596022390e+01 9.5865224372721625e-01 1.7732834030192368e+01 2.4817416165489981e+00
8.8911860872870541e-01 1.0718091891461524e+01 9.5858700027674759e-01 1.7752024229252338e+01 2.4844008255883212e+00
8.8918500679154755e-01 1.0721447761607378e+01 9.5850439639130314e-01 1.7779688827075237e+01 2.4874936513811368e+00
8.8925131811416125e-01 1.0721009398002533e+01 9.5844345422267685e-01 1.7796410053254100e+01 2.4899348642353312e+00
8.8931782257150727e-01 1.0716853546828373e+01 9.5840356804534677e-01 1.7802446136739853e+01 2.4917452765800521e+00
8.8938452183116035e-01 1.0710257766326263e+01 9.5837767495458448e-01 1.7801322181114667e+01 2.4931223742928714e+00
8.8945114310415851e-01 1.0702281339789582e+01 9.5836014989390450e-01 1.7795897053377320e+01 2.4942201323770101e+00
8.8951768767752837e-01 1.0693724779005716e+01 9.5834650426522472e-01 1.7788404642803869e+01 2.4951649229452770e+00
8.8958444674368720e-01 1.0683273045035353e+01 9.5834381441148964e-01 1.7775277294203992e+01 2.4957628461716199e+00
8.8965141709754236e-01 1.0668813965362094e+01 9.5836391243412633e-01 1.7750670947462858e+01 2.4956856973642627e+00
8.8971831850476402e-01 1.0648513195185553e+01 9.5841736411415235e-01 1.7709449699324910e+01 2.4946369565469158e+00
8.8978515937858282e-01 1.0628156263708954e+01 9.5847173102038030e-01 1.7667683056936280e+01 2.4935204119925185e+00
8.8985224073481073e-01 1.0612482567910387e+01 9.5850010422968135e-01 1.7638578056882196e+01 2.4930893328697250e+00
8.8991954094271497e-01 1.0600479258729777e+01 9.5850809095959733e-01 1.7619336039336499e+01 2.4931895449198445e+00
8.8998675127508631e-01 1.0591057908452603e+01 9.5850199593179131e-01 1.7606889762764240e+01 2.4936446266683681e+00
8.9005387450848095e-01 1.0583044162332575e+01 9.5848834784434866e-01 1.7598006934118999e+01 2.4942738588516309e+00
8.9012122693409701e-01 1.0576067043212989e+01 9.5846890893951098e-01 1.7591732846300594e+01 2.4950295002511997e+00
8.9018878564732973e-01 1.0572176210799997e+01 9.5843207696128052e-01 1.7593762874952173e+01 2.4962357594332296e+00
8.9025622772334145e-01 1.0574083247264618e+01 9.5836270100380905e-01 1.7611585902657247e+01 2.4983138714005975e+00
8.9032355501766158e-01 1.0581794002027147e+01 9.5826056552050232e-01 1.7645272289324897e+01 2.5012685399958556e+00
8.9039109257707627e-01 1.0586038252480462e+01 9.5817779800859670e-01 1.7669144430256246e+01 2.5036482972441707e+00
8.9045882104095453e-01 1.0585370355416780e+01 9.5812269946440520e-01 1.7679155010301685e+01 2.5052248173709173e+00
8.9052642619832145e-01 1.0581219275441510e+01 9.5808750859581093e-01 1.7679207739894142e+01 2.5062151080632145e+00
8.9059393718768542e-01 1.0575054083001566e+01 9.5806388370672846e-01 1.7673399194813442e+01 2.5068523133922049e+00
8.9066168997119721e-01 1.0567944264420419e+01 9.5804545215251735e-01 1.7664765872585924e+01 2.5073134514995550e+00
8.9072964733791071e-01 1.0558966445215896e+01 9.5803751046327656e-01 1.7650735458931699e+01 2.5074521569668833e+00
8.9079749072793069e-01 1.0545672926082013e+01 9.5805432789872436e-01 1.7624442517742487e+01 2.5068730996984963e+00
8.9086527032459317e-01 1.0525468850785780e+01 9.5811073030840443e-01 1.7578691121623805e+01 2.5051650483452996e+00
8.9093332718931129e-01 1.0502805735399020e+01 9.5818102188509435e-01 1.7525952856271623e+01 2.5030387066764757e+00
8.9100160291013064e-01 1.0485360451979425e+01 9.5822133593121472e-01 1.7487577701960486e+01 2.5017133815355650e+00
8.9106976828787399e-01 1.0472698455836913e+01 9.5823436106371285e-01 1.7462292598642907e+01 2.5011164990972850e+00
8.9113787760342111e-01 1.0463240187728497e+01 9.5822901068373423e-01 1.7445715548669035e+01 2.5010009187875273e+00
8.9120624339926569e-01 1.0455674095418455e+01 9.5821246138554483e-01 1.7434246563679693e+01 2.5011653583367464e+00
8.9127478539159499e-01 1.0449120068349556e+01 9.5818978682057787e-01 1.7425432354056831e+01 2.5014688662883531e+00
8.9134319523628613e-01 1.0445844726844147e+01 9.5814817947919395e-01 1.7425534006854399e+01 2.5022678101954119e+00
8.9141155786630355e-01 1.0448977615256560e+01 9.5806943393992983e-01 1.7443286532137027e+01 2.5040660207752863e+00
8.9148014485926463e-01 1.0459861097484914e+01 9.5794535561933547e-01 1.7482504275426024e+01 2.5070845749036348e+00
8.9154884591128747e-01 1.0467750824346854e+01 9.5783793453437993e-01 1.7513276874969016e+01 2.5096045705780980e+00
8.9161740396618239e-01 1.0469313874633887e+01 9.5776678531002413e-01 1.7526246369013062e+01 2.5110881064723962e+00
8.9168595281290575e-01 1.0466511155212274e+01 9.5772056073490142e-01 1.7526877523094033e+01 2.5118509783031753e+00
8.9175473102748115e-01 1.0460987419114266e+01 9.5768956472473243e-01 1.7519782298947472e+01 2.5121599324747406e+00
8.9182360621524248e-01 1.0454242205213871e+01 9.5766522890673333e-01 1.7509135113804916e+01 2.5122531270232868e+00
8.9189240199250941e-01 1.0445428141646421e+01 9.5765264002348105e-01 1.7492556281636798e+01 2.5119922387709233e+00
8.9196126069176540e-01 1.0431626841983006e+01 9.5766868187243803e-01 1.7461933113726783e+01 2.5109122543738365e+00
8.9203031373336139e-01 1.0409537741038376e+01 9.5773251079540056e-01 1.7408109123513992e+01 2.5084844625066158e+00
8.9209943247075418e-01 1.0383460366311816e+01 9.5781923206636133e-01 1.7343109916532725e+01 2.5053945367963535e+00
8.9216861107280088e-01 1.0363563938969573e+01 9.5786950047788988e-01 1.7295259219886002e+01 2.5032786966535032e+00
8.9223792388745027e-01 1.0349344567239211e+01 9.5788608194538316e-01 1.7263132022935626e+01 2.5020616393788790e+00
8.9230730522805468e-01 1.0339129072305687e+01 9.5787869307687246e-01 1.7242053171941915e+01 2.5014756636697304e+00
8.9237669680233855e-01 1.0331224321574659e+01 9.5785720629455195e-01 1.7227306103571745e+01 2.5012484823695127e+00
8.9244621835243210e-01 1.0324549802323894e+01 9.5782776564847161e-01 1.7215895626999178e+01 2.5012076976650568e+00
8.9251585182864424e-01 1.0321799963815337e+01 9.5777452521130180e-01 1.7215305745049275e+01 2.5017883225891100e+00
8.9258546877289735e-01 1.0326972772800978e+01 9.5767395278672351e-01 1.7236649594599520e+01 2.5036353789946761e+00
8.9265508583451281e-01 1.0341355525834969e+01 9.5751816585079486e-01 1.7283557155130552e+01 2.5069572038142067e+00
8.9272482352943228e-01 1.0351527961213566e+01 9.5738599741306440e-01 1.7318688843136417e+01 2.5095844171065811e+00
8.9279462648960861e-01 1.0354250905088863e+01 9.5729683021027867e-01 1.7332959445232039e+01 2.5109918048315749e+00
8.9286440473398732e-01 1.0351640316441069e+01 9.5723841462143477e-01 1.7332228128692901e+01 2.5115190828015237e+00
8.9293424699905899e-01 1.0345854469978532e+01 9.5719796401855528e-01 1.7322518954005140e+01 2.5115159416176889e+00
8.9300423769893511e-01 1.0338547161478235e+01 9.5716558417017539e-01 1.7308457588225707e+01 2.5112509501408837e+00
8.9307429323341359e-01 1.0328746082756302e+01 9.5714715332597389e-01 1.7287333947685120e+01 2.5105662114028653e+00
8.9314438122759277e-01 1.0312933364970441e+01 9.5716368041271938e-01 1.7249353434893198e+01 2.5088914314355173e+00
8.9321459758530897e-01 1.0287079897616739e+01 9.5723916395968967e-01 1.7183355432505351e+01 2.5055733410537098e+00
8.9328495861777690e-01 1.0255880055451058e+01 9.5734563930047512e-01 1.7102500239336862e+01 2.5013699673067236e+00
8.9335540244844824e-01 1.0232064309783862e+01 9.5740715542590704e-01 1.7042188717463816e+01 2.4983505089732678e+00
8.9342597279173597e-01 1.0215492802622272e+01 9.5742432565675806e-01 1.7001971401708918e+01 2.4964979757038130e+00
8.9349666141233497e-01 1.0203785174056270e+01 9.5741122427860215e-01 1.6975207895317723e+01 2.4954280601396133e+00
8.9356741342786949e-01 1.0194880711032409e+01 9.5738010061693002e-01 1.6956162261986044e+01 2.4948053943834134e+00
8.9363823304943180e-01 1.0187689095809718e+01 9.5733739639939086e-01 1.6941802797622234e+01 2.4944522705238232e+00
8.9370917769737179e-01 1.0186207891312993e+01 9.5725886751811717e-01 1.6943208128233248e+01 2.4950219417791528e+00
8.9378018573312190e-01 1.0195457011946965e+01 9.5711403673636331e-01 1.6974314129226212e+01 2.4973349565403238e+00
8.9385120968880083e-01 1.0213002153290098e+01 9.5691715602008420e-01 1.7028424173511262e+01 2.5009919587687914e+00
8.9392228644642480e-01 1.0223145246715069e+01 9.5676300751363452e-01 1.7061944603348689e+01 2.5034288653236754e+00
8.9399345023878363e-01 1.0225101787788885e+01 9.5665657334181098e-01 1.7072636165705887e+01 2.5045182708246276e+00
8.9406467503543952e-01 1.0221443603430703e+01 9.5658248120625267e-01 1.7067629723632262e+01 2.5046799237688480e+00
8.9413598001446526e-01 1.0214222503300345e+01 9.5652828971076198e-01 1.7052636640128704e+01 2.5042488502603275e+00
8.9420739627762114e-01 1.0205300929319964e+01 9.5648261889517683e-01 1.7032850897285442e+01 2.5035299324221545e+00
8.9427891238651724e-01 1.0193161696239498e+01 9.5645473710732487e-01 1.7004061755304679e+01 2.5022748969406448e+00
8.9435052598740683e-01 1.0173379434587252e+01 9.5647183226875199e-01 1.6953996401998332e+01 2.4997587838449933e+00
8.9442229719393040e-01 1.0140229592614620e+01 9.5656904668832088e-01 1.6866860985618047e+01 2.4950412855399149e+00
8.9449423123723903e-01 1.0100874218115145e+01 9.5670250918011213e-01 1.6762657976322160e+01 2.4892881964008047e+00
8.9456631880506454e-01 1.0072270199773497e+01 9.5676786664847480e-01 1.6688299245296466e+01 2.4852836919037005e+00
8.9463855000087922e-01 1.0053057807703468e+01 9.5677322915208896e-01 1.6639893794280106e+01 2.4828108192408784e+00
8.9471092781124084e-01 1.0039884168640526e+01 9.5673905545258442e-01 1.6608120370555167e+01 2.4813215110235718e+00
8.9478341711430809e-01 1.0029386682391907e+01 9.5668624609193631e-01 1.6583677982062678e+01 2.4802630271267452e+00
8.9485602027559097e-01 1.0024452074127129e+01 9.5659698534673032e-01 1.6574515137390595e+01 2.4801128802095356e+00
8.9492873072100187e-01 1.0030878781246935e+01 9.5643475562737601e-01 1.6596626198153192e+01 2.4818303401065629e+00
8.9500152076009054e-01 1.0044434669201260e+01 9.5622409560801869e-01 1.6638385775903441e+01 2.4847171081097588e+00
8.9507438098238246e-01 1.0052665359988865e+01 9.5603952065842079e-01 1.6665433035704346e+01 2.4867185625270043e+00
8.9514735315960059e-01 1.0055955496725257e+01 9.5587273560049602e-01 1.6678797811408288e+01 2.4878985120071042e+00
8.9522045660426841e-01 1.0053945388114389e+01 9.5571601400131345e-01 1.6677466896871650e+01 2.4881973573161855e+00
8.9529373936452661e-01 1.0044268175421951e+01 9.5556696441352140e-01 1.6654902579373868e+01 2.4872248961046193e+00
8.9536727869278587e-01 1.0025085658902841e+01 9.5540883390484654e-01 1.6606043021771313e+01 2.4846734861099482e+00
8.9544121646905084e-01 9.9938863397166333e+00 9.5520656214590949e-01 1.6523928294718299e+01 2.4801054964549683e+00
8.9551573537683304e-01 9.9440375083358532e+00 9.5491636128124591e-01 1.6390070344885384e+01 2.4723464183153934e+00
8.9559125356062963e-01 9.8564162182797919e+00 9.5449907327879968e-01 1.6151105423238228e+01 2.4579581054954209e+00
8.9566845263427264e-01 9.6972517358761081e+00 9.5386833188655573e-01 1.5721324706532959e+01 2.4318216853704167e+00
8.9574879457146717e-01 9.4310848990411635e+00 9.5266662644800126e-01 1.4994675956869326e+01 2.3848808674801236e+00
8.9583504110424417e-01 8.9996204166397966e+00 9.4981043055255487e-01 1.3833206897949848e+01 2.3056317251513772e+00
8.9593461061860991e-01 8.2818803040765925e+00 9.4296227690625978e-01 1.1927441794972594e+01 2.1602778639112081e+00
8.9605867251086502e-01 7.3331237483169005e+00 9.3046649004510462e-01 9.5517072868821504e+00 1.9538141482491260e+00
8.9622266232252379e-01 6.3463980023172386e+00 9.1241533408740816e-01 7.2435567100198588e+00 1.7120475364234271e+00
8.9644446957448154e-01 5.3995574661056951e+00 8.8439963899878105e-01 5.2314065153230356e+00 1.4532875744434104e+00
8.9675883198419215e-01 4.4465367749403546e+00 8.4100727925035235e-01 3.4828415113386608e+00 1.1749058945043962e+00
8.9722558382755979e-01 3.5612687728134516e+00 7.6591010389967629e-01 2.0578728356097047e+00 8.6677233602223580e-01
8.9798774885859101e-01 2.5164218261253359e+00 6.2550604739434978e-01 8.9190383545178020e-01 5.3165003549410295e-01
8.9931559807501849e-01 1.5567295408224591e+00 3.0852865533989599e-01 2.0136519745467416e-01 1.9402715003560081e-01
9.0133406345482170e-01 1.0810461865936458e+00 3.6560172070685480e-02 1.9198714268551059e-02 2.6639075887746031e-02
9.0375394495588424e-01 1.0038475884886982e+00 9.3790151478942115e-04 1.0127168387111838e-02 1.5132528836909968e-02
9.0625007889955977e-01 1.0000929879269809e+00 1.4073174263258950e-05 1.0001832660114264e-02 1.5001354045356812e-02
9.0874999783146726e-01 9.9999921345833875e-01 -3.0662190145914156e-07 9.9999600316325651e-03 1.4999951845535891e-02
9.1124999945750207e-01 9.9999925464835904e-01 -9.9500786902012324e-08 9.9999870038768156e-03 1.4999991686083639e-02
9.1375000002939077e-01 1.0000000286282953e+00 4.5242189619893196e-09 1.0000000591041613e-02 1.5000000457137978e-02
9.1625000000450085e-01 1.0000000064955037e+00 8.3297742205453491e-10 1.0000000108859375e-02 1.5000000065856504e-02
9.1874999999970386e-01 9.9999999966668363e-01 -4.4837042726358601e-11 9.9999999941297602e-03 1.4999999996194384e-02
9.2124999999995683e-01 9.9999999994548527e-01 -6.7336206754227435e-12 9.9999999991192134e-03 1.4999999999496539e-02
9.2375000000000007e-01 1.0000000000015612e+00 3.5555200173204393e-13 1.0000000000041975e-02 1.5000000000039542e-02
9.2625000000000002e-01 1.0000000000001523e+00 7.6627006178967239e-14 1.0000000000005893e-02 1.5000000000006553e-02
9.2874999999999996e-01 1.0000000000000604e+00 3.6984936114774073e-14 1.0000000000000564e-02 1.4999999999999939e-02
9.3124999999999991e-01 9.9999999999997602e-01 8.9475224539112547e-15 9.9999999999998423e-03 1.5000000000000121e-02
9.3374999999999986e-01 9.9999999999998512e-01 -1.9532286536519699e-14 1.0000000000000675e-02 1.5000000000001235e-02
9.3625000000000003e-01 9.9999999999996048e-01 -1.5059327598683437e-14 9.9999999999996758e-03 1.5000000000000105e-02
9.3874999999999997e-01 1.0000000000000027e+00 4.3365111830328387e-14 1.0000000000000842e-02 1.5000000000001222e-02
9.4124999999999992e-01 1.0000000000000560e+00 1.5678362726268137e-13 1.0000000000001841e-02 1.5000000000001920e-02
9.4374999999999987e-01 9.9999999999995592e-01 1.1184884116370114e-13 9.9999999999964562e-03 1.4999999999995343e-02
9.4625000000000004e-01 1.0000000000000251e+00 -6.5549114373474777e-14 9.9999999999981770e-03 1.4999999999996887e-02
9.4874999999999998e-01 1.0000000000000000e+00 -1.3542102215188150e-13 9.9999999999998423e-03 1.4999999999999762e-02
9.5124999999999993e-01 9.9999999999995937e-01 -9.9933576578798034e-14 9.9999999999998979e-03 1.5000000000000454e-02
9.5375000000000010e-01 9.9999999999999345e-01 2.1768496636002317e-15 1.0000000000001508e-02 1.5000000000002359e-02
9.5625000000000004e-01 1.0000000000000036e+00 8.7027478042437923e-14 1.0000000000000342e-02 1.5000000000000459e-02
9.5874999999999999e-01 1.0000000000000417e+00 3.6201613987304741e-14 9.9999999999982880e-03 1.4999999999996804e-02
9.6124999999999994e-01 1.0000000000000000e+00 -4.9911867688925333e-14 9.9999999999998423e-03 1.4999999999999762e-02
9.6374999999999988e-01 9.9999999999995892e-01 -7.5891340577592637e-14 1.0000000000000175e-02 1.5000000000000879e-02
9.6625000000000005e-01 9.9999999999999345e-01 -2.8229062470739488e-14 1.0000000000001508e-02 1.5000000000002359e-02
9.6875000000000000e-01 1.0000000000000107e+00 3.6131168229867893e-14 1.0000000000000342e-02 1.5000000000000353e-02
9.7124999999999995e-01 1.0000000000000631e+00 2.6076914621024836e-14 9.9999999999997868e-03 1.4999999999998731e-02
9.7374999999999989e-01 9.9999999999997569e-01 -1.3190625777189932e-14 1.0000000000000064e-02 1.5000000000000459e-02
9.7624999999999984e-01 9.9999999999998512e-01 -2.3874034779256444e-14 1.0000000000000675e-02 1.5000000000001235e-02
9.7875000000000001e-01 9.9999999999996048e-01 -1.1425655576927030e-14 9.9999999999996758e-03 1.5000000000000105e-02
9.8124999999999996e-01 1.0000000000000027e+00 5.0275507470062955e-14 1.0000000000000842e-02 1.5000000000001222e-02
9.8374999999999990e-01 1.0000000000000560e+00 1.6271426763519672e-13 1.0000000000001841e-02 1.5000000000001920e-02
9.8624999999999985e-01 9.9999999999995592e-01 1.0644279509430719e-13 9.9999999999964562e-03 1.4999999999995343e-02
9.8875000000000002e-01 1.0000000000000251e+00 -9.5306593849307809e-14 9.9999999999981770e-03 1.4999999999996887e-02
9.9124999999999996e-01 1.0000000000000000e+00 -1.9435627796566311e-13 9.9999999999998423e-03 1.4999999999999762e-02
9.9374999999999991e-01 9.9999999999995937e-01 -1.4943710242432732e-13 1.0000000000000508e-02 1.5000000000001370e-02
9.9625000000000008e-01 9.9999999999999345e-01 4.4135257085691124e-14 1.0000000000003562e-02 1.5000000000005440e-02
9.9875000000000003e-01 1.0000000000000000e+00 2.2487579283699028e-13 1.0000000000000064e-02 1.5000000000000095e-02
